usec,year,day,time,pres,temp,cond,o2curr,o2temp,o2delta,transvolt,lat,lon,depth,salin,theta,oxyg,light,beac,sound,sigmat,sigmatheta
001181256585,2007,158,22:49:45,   3.2,13.220,3.85424,4.1168, 0.00,,3.8016,36.239227,-122.919779,   3.1,32.511,13.220, 6.02, 77.0,1.046,1498.0,24.423,24.423
001181256600,2007,158,22:50:00,   7.0,13.216,3.86108,4.1224, 0.00,,4.0733,36.239227,-122.919773,   6.9,32.577,13.215, 6.04, 82.6,0.765,1498.2,24.475,24.475
001181256615,2007,158,22:50:15,  11.1,13.201,3.86629,4.1216, 0.00,,4.1062,36.239227,-122.919778,  11.0,32.638,13.199, 6.04, 83.3,0.732,1498.2,24.525,24.525
001181256630,2007,158,22:50:30,  12.9,13.213,3.86863,4.1173, 0.00,,4.1055,36.239227,-122.919776,  12.8,32.649,13.211, 6.03, 83.3,0.733,1498.3,24.531,24.531
001181256645,2007,158,22:50:45,  14.9,13.210,3.86867,4.1208, 0.00,,4.1054,36.239227,-122.919779,  14.8,32.651,13.208, 6.04, 83.3,0.733,1498.3,24.533,24.533
001181256660,2007,158,22:51:00,  18.0,13.172,3.86603,4.1157, 0.00,,4.1004,35.307973,-122.993109,  17.8,32.658,13.170, 6.04, 83.1,0.738,1498.3,24.545,24.546
001181256675,2007,158,22:51:15,  17.7,13.187,3.86732,4.1168, 0.00,,4.1013,35.164703,-123.004313,  17.5,32.657,13.185, 6.04, 83.2,0.737,1498.3,24.542,24.543
001181256690,2007,158,22:51:30,  21.3,13.170,3.86649,4.1143, 0.00,,4.1007,35.164703,-123.004313,  21.1,32.662,13.167, 6.04, 83.2,0.738,1498.3,24.550,24.550
001181256705,2007,158,22:51:45,  21.6,13.159,3.86576,4.1158, 0.00,,4.0991,35.164703,-123.004316,  21.4,32.665,13.157, 6.04, 83.1,0.740,1498.3,24.553,24.554
001181256720,2007,158,22:52:00,  25.7,13.152,3.86510,4.1152, 0.00,,4.0991,35.164703,-123.004316,  25.5,32.663,13.149, 6.04, 83.1,0.740,1498.3,24.554,24.554
001181256735,2007,158,22:52:15,  28.6,13.110,3.86203,4.1107, 0.00,,4.0960,35.164703,-123.004316,  28.4,32.669,13.106, 6.04, 83.1,0.743,1498.3,24.567,24.568
001181256750,2007,158,22:52:30,  31.2,13.059,3.85745,4.1044, 0.00,,4.1232,35.164704,-123.004306,  30.9,32.668,13.055, 6.04, 83.6,0.716,1498.1,24.576,24.577
001181256765,2007,158,22:52:45,  34.2,12.721,3.82479,4.0599, 0.00,,4.2150,35.167799,-123.004891,  34.0,32.650,12.717, 6.00, 85.5,0.626,1497.0,24.628,24.628
001181256780,2007,158,22:53:00,  34.9,12.435,3.79977,3.9987, 0.00,,4.2626,35.168268,-123.004984,  34.6,32.659,12.430, 5.93, 86.5,0.581,1496.1,24.690,24.691
001181256795,2007,158,22:53:15,  37.5,12.384,3.79515,3.9884, 0.00,,4.2791,35.168245,-123.004975,  37.2,32.658,12.379, 5.92, 86.8,0.565,1495.9,24.699,24.700
001181256810,2007,158,22:53:30,  40.5,12.302,3.78850,3.9710, 0.00,,4.3023,35.168488,-123.004206,  40.2,32.665,12.296, 5.90, 87.3,0.543,1495.7,24.720,24.721
001181256825,2007,158,22:53:45,  41.6,12.301,3.78640,3.9593, 0.00,,4.2996,35.168550,-123.004004,  41.3,32.645,12.296, 5.88, 87.2,0.546,1495.7,24.704,24.705
001181256840,2007,158,22:54:00,  40.6,12.265,3.78159,3.9476, 0.00,,4.3084,35.169101,-123.002636,  40.3,32.630,12.260, 5.86, 87.4,0.537,1495.6,24.700,24.701
001181256855,2007,158,22:54:15,  43.0,11.951,3.75137,3.8583, 0.00,,4.3757,35.169557,-123.001499,  42.7,32.612,11.946, 5.74, 88.8,0.475,1494.5,24.745,24.746
001181256870,2007,158,22:54:30,  46.3,11.708,3.73093,3.8388, 0.00,,4.4130,35.169557,-123.001490,  46.0,32.625,11.703, 5.74, 89.6,0.440,1493.7,24.800,24.801
001181256885,2007,158,22:54:45,  45.7,11.719,3.73189,3.8394, 0.00,,4.4082,35.169556,-123.001505,  45.4,32.625,11.714, 5.73, 89.5,0.445,1493.8,24.798,24.799
001181256900,2007,158,22:55:00,  46.1,11.741,3.73363,3.8464, 0.00,,4.4074,35.169558,-123.001496,  45.8,32.623,11.735, 5.75, 89.5,0.445,1493.8,24.792,24.793
001181256915,2007,158,22:55:15,  47.9,11.684,3.72869,3.8367, 0.00,,4.4172,35.169701,-123.009881,  47.5,32.624,11.678, 5.74, 89.7,0.436,1493.7,24.803,24.804
001181256930,2007,158,22:55:30,  51.9,11.458,3.71188,3.8153, 0.00,,4.4366,35.169676,-123.011265,  51.5,32.658,11.451, 5.72, 90.1,0.419,1493.0,24.871,24.872
001181256945,2007,158,22:55:45,  57.3,11.213,3.69441,3.6987, 0.00,,4.4571,35.169648,-123.011263,  56.8,32.700,11.206, 5.54, 90.5,0.400,1492.3,24.948,24.949
001181256960,2007,158,22:56:00,  63.1,11.037,3.68569,3.6154, 0.00,,4.4621,35.169602,-123.011258,  62.6,32.769,11.029, 5.41, 90.6,0.395,1491.8,25.032,25.034
001181256975,2007,158,22:56:15,  69.9,11.005,3.69372,3.5475, 0.00,,4.4621,35.169000,-123.007840,  69.4,32.874,10.996, 5.29, 90.6,0.395,1492.0,25.120,25.121
001181256990,2007,158,22:56:30,  77.7,11.317,3.74211,3.5747, 0.00,,4.4501,35.168195,-123.004877,  77.1,33.069,11.308, 5.31, 90.3,0.406,1493.4,25.216,25.217
001181257005,2007,158,22:56:45,  84.2,11.012,3.72336,3.4418, 0.00,,4.4603,35.168153,-123.004837,  83.6,33.155,11.001, 5.10, 90.6,0.397,1492.6,25.338,25.339
001181257020,2007,158,22:57:00,  88.7,11.013,3.72927,3.3780, 0.00,,4.4660,35.168133,-123.004842,  88.0,33.211,11.002, 4.99, 90.7,0.392,1492.7,25.381,25.382
001181257035,2007,158,22:57:15,  89.8,11.094,3.74051,3.4093, 0.00,,4.4686,35.168121,-123.004840,  89.2,33.249,11.083, 5.03, 90.7,0.389,1493.1,25.396,25.398
001181257050,2007,158,22:57:30,  91.8,10.975,3.73009,3.3709, 0.00,,4.4685,35.168201,-123.004899,  91.1,33.252,10.964, 4.98, 90.7,0.389,1492.7,25.419,25.421
001181257065,2007,158,22:57:45,  96.2,10.637,3.69772,3.2194, 0.00,,4.4684,35.168504,-123.004892,  95.5,33.234,10.626, 4.74, 90.7,0.390,1491.5,25.465,25.467
001181257080,2007,158,22:58:00, 102.2,10.399,3.67761,3.0461, 0.00,,4.4692,35.167542,-123.004963, 101.5,33.247,10.387, 4.44, 90.7,0.389,1490.8,25.516,25.518
001181257095,2007,158,22:58:15, 108.2,10.331,3.67401,2.9720, 0.00,,4.4694,35.167993,-123.004954, 107.4,33.271,10.318, 4.31, 90.7,0.389,1490.7,25.546,25.548
001181257110,2007,158,22:58:30, 114.4,10.311,3.67144,2.9238, 0.00,,4.4698,35.168050,-123.004946, 113.5,33.260,10.298, 4.23, 90.7,0.388,1490.7,25.541,25.543
001181257125,2007,158,22:58:45, 120.1,10.191,3.66471,2.8507, 0.00,,4.4680,35.168053,-123.004917, 119.2,33.300,10.177, 4.10, 90.7,0.390,1490.4,25.593,25.595
001181257140,2007,158,22:59:00, 125.8, 9.993,3.65562,2.6692, 0.00,,4.4699,35.168018,-123.004898, 124.8,33.387, 9.978, 3.78, 90.8,0.388,1489.9,25.694,25.697
001181257155,2007,158,22:59:15, 131.5, 9.804,3.64372,2.4671, 0.00,,4.4689,35.167979,-123.004844, 130.5,33.438, 9.790, 3.42, 90.7,0.389,1489.4,25.765,25.768
001181257170,2007,158,22:59:30, 137.0, 9.686,3.63793,2.3609, 0.00,,4.4685,35.167847,-123.004685, 136.0,33.485, 9.671, 3.23, 90.7,0.389,1489.1,25.822,25.825
001181257185,2007,158,22:59:45, 142.2, 9.565,3.62948,2.2610, 0.00,,4.4684,35.167847,-123.004682, 141.1,33.509, 9.550, 3.05, 90.7,0.390,1488.8,25.861,25.863
001181257200,2007,158,23:00:00, 147.4, 9.390,3.62062,2.1725, 0.00,,4.4669,35.167916,-123.004794, 146.3,33.580, 9.374, 2.89, 90.7,0.391,1488.3,25.944,25.947
001181257215,2007,158,23:00:15, 150.6, 9.258,3.61524,2.0127, 0.00,,4.4681,35.167908,-123.004820, 149.4,33.647, 9.241, 2.60, 90.7,0.390,1488.0,26.018,26.021
001181257230,2007,158,23:00:30, 153.2, 9.237,3.61463,1.9732, 0.00,,4.4685,35.167929,-123.004865, 152.0,33.659, 9.221, 2.53, 90.7,0.389,1487.9,26.031,26.033
001181257245,2007,158,23:00:45, 158.1, 9.209,3.61367,1.9492, 0.00,,4.4633,35.168014,-123.004851, 156.9,33.673, 9.192, 2.48, 90.6,0.394,1487.9,26.046,26.049
001181257260,2007,158,23:01:00, 164.8, 9.113,3.60525,1.9462, 0.00,,4.4674,35.168091,-123.004859, 163.5,33.674, 9.095, 2.48, 90.7,0.390,1487.7,26.062,26.065
001181257275,2007,158,23:01:15, 172.5, 9.092,3.60199,1.9667, 0.00,,4.4678,35.168092,-123.004847, 171.2,33.656, 9.074, 2.53, 90.7,0.390,1487.7,26.051,26.054
001181257290,2007,158,23:01:30, 178.8, 8.999,3.59531,1.9799, 0.00,,4.4658,35.168091,-123.004844, 177.4,33.671, 8.980, 2.56, 90.7,0.392,1487.5,26.078,26.081
001181257305,2007,158,23:01:45, 180.9, 8.903,3.58948,1.9963, 0.00,,4.4685,35.168093,-123.004834, 179.5,33.700, 8.884, 2.60, 90.7,0.389,1487.2,26.116,26.119
001181257320,2007,158,23:02:00, 179.5, 8.853,3.58674,1.9963, 0.00,,4.4688,35.168094,-123.004841, 178.1,33.720, 8.834, 2.60, 90.7,0.389,1487.0,26.139,26.142
001181257335,2007,158,23:02:15, 178.1, 8.848,3.58430,1.9956, 0.00,,4.4694,35.168091,-123.004850, 176.7,33.700, 8.829, 2.60, 90.7,0.389,1487.0,26.124,26.127
001181257350,2007,158,23:02:30, 179.1, 8.831,3.58281,1.9961, 0.00,,4.4701,35.168119,-123.004858, 177.8,33.699, 8.813, 2.60, 90.8,0.388,1486.9,26.126,26.129
001181257365,2007,158,23:02:45, 178.6, 8.834,3.58307,1.9947, 0.00,,4.4700,35.168113,-123.004897, 177.2,33.699, 8.816, 2.60, 90.8,0.388,1486.9,26.126,26.129
001181257380,2007,158,23:03:00, 179.2, 8.827,3.58253,1.9918, 0.00,,4.4701,35.167999,-123.004760, 177.8,33.701, 8.808, 2.59, 90.8,0.388,1486.9,26.128,26.131
001181257395,2007,158,23:03:15, 183.7, 8.769,3.57703,1.9878, 0.00,,4.4698,35.168058,-123.004453, 182.3,33.696, 8.749, 2.59, 90.7,0.388,1486.8,26.134,26.137
001181257410,2007,158,23:03:30, 189.5, 8.756,3.57662,1.9878, 0.00,,4.4686,35.168182,-123.003923, 188.1,33.701, 8.736, 2.59, 90.7,0.389,1486.8,26.140,26.143
001181257425,2007,158,23:03:45, 195.1, 8.729,3.57584,1.9709, 0.00,,4.4689,35.168182,-123.003932, 193.6,33.716, 8.709, 2.56, 90.7,0.389,1486.8,26.156,26.159
001181257440,2007,158,23:04:00, 201.5, 8.668,3.57092,1.9159, 0.00,,4.4705,35.168182,-123.003925, 199.9,33.719, 8.647, 2.46, 90.8,0.388,1486.7,26.168,26.171
001181257455,2007,158,23:04:15, 209.3, 8.532,3.56277,1.8882, 0.00,,4.4710,35.168036,-123.004043, 207.6,33.760, 8.511, 2.41, 90.8,0.387,1486.4,26.220,26.223
001181257470,2007,158,23:04:30, 218.9, 8.503,3.56364,1.8142, 0.00,,4.4716,35.167633,-123.004357, 217.2,33.792, 8.481, 2.28, 90.8,0.387,1486.5,26.250,26.253
001181257485,2007,158,23:04:45, 228.7, 8.488,3.56499,1.7183, 0.00,,4.4731,35.167613,-123.004353, 227.0,33.816, 8.465, 2.09, 90.8,0.385,1486.6,26.271,26.275
001181257500,2007,158,23:05:00, 234.3, 8.415,3.56264,1.6822, 0.00,,4.4769,35.167733,-123.004609, 232.5,33.859, 8.391, 2.03, 90.9,0.382,1486.5,26.316,26.319
001181257515,2007,158,23:05:15, 235.7, 8.354,3.55806,1.6603, 0.00,,4.4780,35.167847,-123.004839, 233.8,33.868, 8.330, 1.99, 90.9,0.381,1486.3,26.332,26.336
001181257530,2007,158,23:05:30, 241.0, 8.320,3.55314,1.6328, 0.00,,4.4792,35.167908,-123.004845, 239.2,33.846, 8.296, 1.93, 90.9,0.380,1486.2,26.320,26.324
001181257545,2007,158,23:05:45, 248.8, 8.133,3.53809,1.5801, 0.00,,4.4816,35.168072,-123.004963, 246.8,33.862, 8.108, 1.84, 91.0,0.378,1485.6,26.361,26.365
001181257560,2007,158,23:06:00, 256.5, 7.998,3.52682,1.5580, 0.00,,4.4842,35.168054,-123.004969, 254.5,33.869, 7.973, 1.80, 91.0,0.375,1485.3,26.386,26.390
001181257575,2007,158,23:06:15, 264.0, 7.948,3.52273,1.5480, 0.00,,4.4845,35.168209,-123.004884, 261.9,33.871, 7.921, 1.79, 91.1,0.375,1485.2,26.395,26.399
001181257590,2007,158,23:06:30, 271.7, 7.699,3.50036,1.4986, 0.00,,4.4850,35.168701,-123.004656, 269.5,33.868, 7.672, 1.70, 91.1,0.375,1484.4,26.429,26.433
001181257605,2007,158,23:06:45, 279.4, 7.622,3.49446,1.4685, 0.00,,4.4871,35.168701,-123.004661, 277.2,33.876, 7.595, 1.64, 91.1,0.373,1484.2,26.446,26.450
001181257620,2007,158,23:07:00, 288.2, 7.521,3.48588,1.4357, 0.00,,4.4844,35.168701,-123.004653, 285.9,33.877, 7.494, 1.58, 91.0,0.375,1484.0,26.461,26.465
001181257635,2007,158,23:07:15, 297.3, 7.383,3.47444,1.3965, 0.00,,4.4876,35.168607,-123.004684, 294.9,33.883, 7.355, 1.51, 91.1,0.372,1483.6,26.486,26.490
001181257650,2007,158,23:07:30, 306.8, 7.279,3.46575,1.3627, 0.00,,4.4867,35.167999,-123.004838, 304.3,33.886, 7.250, 1.45, 91.1,0.373,1483.4,26.503,26.507
001181257665,2007,158,23:07:45, 315.9, 7.250,3.46516,1.3246, 0.00,,4.4871,35.167999,-123.004839, 313.4,33.903, 7.220, 1.37, 91.1,0.373,1483.4,26.521,26.525
001181257680,2007,158,23:08:00, 322.2, 7.209,3.46325,1.2581, 0.00,,4.4872,35.167999,-123.004843, 319.7,33.920, 7.178, 1.24, 91.1,0.373,1483.4,26.539,26.544
001181257695,2007,158,23:08:15, 327.7, 7.168,3.46016,1.2338, 0.00,,4.4868,35.167999,-123.004848, 325.1,33.923, 7.138, 1.19, 91.1,0.373,1483.3,26.548,26.552
001181257710,2007,158,23:08:30, 335.8, 7.148,3.45880,1.2188, 0.00,,4.4858,35.167999,-123.004845, 333.1,33.924, 7.117, 1.17, 91.1,0.374,1483.4,26.551,26.556
001181257725,2007,158,23:08:45, 344.6, 7.152,3.45992,1.2135, 0.00,,4.4859,35.165833,-123.004368, 341.8,33.929, 7.120, 1.16, 91.1,0.374,1483.6,26.554,26.559
001181257740,2007,158,23:09:00, 353.4, 7.158,3.46205,1.1875, 0.00,,4.4859,35.165833,-123.004372, 350.5,33.941, 7.125, 1.10, 91.1,0.374,1483.7,26.563,26.568
001181257755,2007,158,23:09:15, 363.1, 7.098,3.45772,1.1514, 0.00,,4.4840,35.165834,-123.004364, 360.2,33.948, 7.064, 1.03, 91.0,0.375,1483.7,26.577,26.582
001181257770,2007,158,23:09:30, 373.2, 6.930,3.44346,1.1178, 0.00,,4.4837,35.165834,-123.004356, 370.2,33.953, 6.896, 0.97, 91.0,0.376,1483.2,26.603,26.608
001181257785,2007,158,23:09:45, 383.3, 6.754,3.42645,1.1067, 0.00,,4.4841,35.165834,-123.004368, 380.2,33.935, 6.719, 0.95, 91.0,0.375,1482.7,26.613,26.618
001181257800,2007,158,23:10:00, 393.5, 6.599,3.41264,1.1031, 0.00,,4.4836,35.165833,-123.004374, 390.3,33.931, 6.563, 0.95, 91.0,0.376,1482.2,26.631,26.635
001181257815,2007,158,23:10:15, 403.4, 6.481,3.40337,1.0864, 0.00,,4.4828,35.165833,-123.004377, 400.1,33.940, 6.445, 0.92, 91.0,0.376,1481.9,26.653,26.658
001181257830,2007,158,23:10:30, 413.2, 6.294,3.38918,1.0658, 0.00,,4.4841,35.165833,-123.004364, 409.8,33.963, 6.257, 0.88, 91.0,0.375,1481.4,26.696,26.701
001181257845,2007,158,23:10:45, 423.4, 6.181,3.37819,1.0387, 0.00,,4.4828,35.165833,-123.004371, 419.9,33.948, 6.144, 0.83, 91.0,0.377,1481.1,26.699,26.704
001181257860,2007,158,23:11:00, 433.7, 6.147,3.37581,1.0021, 0.00,,4.4824,35.165833,-123.004361, 430.1,33.950, 6.110, 0.75, 91.0,0.377,1481.1,26.704,26.709
001181257875,2007,158,23:11:15, 443.7, 6.105,3.37378,0.9827, 0.00,,4.4785,35.166618,-123.004446, 440.0,33.964, 6.066, 0.71, 90.9,0.380,1481.1,26.721,26.726
001181257890,2007,158,23:11:30, 453.7, 6.065,3.37069,0.9705, 0.00,,4.4836,35.169757,-123.004190, 450.0,33.965, 6.026, 0.69, 91.0,0.376,1481.1,26.727,26.731
001181257905,2007,158,23:11:45, 463.8, 5.976,3.36314,0.9548, 0.00,,4.4852,35.169789,-123.004285, 459.9,33.963, 5.937, 0.66, 91.1,0.374,1480.9,26.737,26.742
001181257920,2007,158,23:12:00, 473.5, 5.917,3.35930,0.9315, 0.00,,4.4862,35.169774,-123.004309, 469.5,33.975, 5.876, 0.61, 91.1,0.373,1480.9,26.753,26.758
001181257935,2007,158,23:12:15, 480.6, 5.869,3.35670,0.9051, 0.00,,4.4868,35.169769,-123.004316, 476.6,33.990, 5.828, 0.55, 91.1,0.373,1480.8,26.771,26.777
001181257950,2007,158,23:12:30, 485.6, 5.862,3.35614,0.8988, 0.00,,4.4862,35.169772,-123.004300, 481.5,33.988, 5.821, 0.54, 91.1,0.373,1480.9,26.770,26.776
001181257965,2007,158,23:12:45, 492.7, 5.845,3.35519,0.8933, 0.00,,4.4865,35.169770,-123.004337, 488.6,33.991, 5.803, 0.53, 91.1,0.373,1480.9,26.775,26.780
001181257980,2007,158,23:13:00, 502.3, 5.801,3.35149,0.8864, 0.00,,4.4862,35.169770,-123.004368, 498.0,33.989, 5.758, 0.52, 91.1,0.373,1480.9,26.779,26.784
001181257995,2007,158,23:13:15, 512.2, 5.736,3.34688,0.8776, 0.00,,4.4868,35.169771,-123.004339, 507.8,33.997, 5.693, 0.50, 91.1,0.373,1480.8,26.793,26.798
001181258010,2007,158,23:13:30, 522.4, 5.649,3.34006,0.8662, 0.00,,4.4872,35.169770,-123.004316, 517.9,34.003, 5.605, 0.48, 91.1,0.373,1480.7,26.808,26.813
001181258025,2007,158,23:13:45, 532.2, 5.580,3.33424,0.8557, 0.00,,4.4873,35.169769,-123.004345, 527.6,34.001, 5.535, 0.45, 91.1,0.372,1480.5,26.816,26.821
001181258040,2007,158,23:14:00, 542.0, 5.513,3.32976,0.8431, 0.00,,4.4882,35.169769,-123.004252, 537.4,34.013, 5.468, 0.43, 91.1,0.372,1480.4,26.833,26.838
001181258055,2007,158,23:14:15, 552.2, 5.465,3.32593,0.8330, 0.00,,4.4883,35.169769,-123.004246, 547.5,34.012, 5.420, 0.41, 91.1,0.372,1480.4,26.838,26.844
001181258070,2007,158,23:14:30, 562.5, 5.414,3.32308,0.8200, 0.00,,4.4886,35.169769,-123.004255, 557.7,34.026, 5.368, 0.38, 91.1,0.371,1480.4,26.855,26.861
001181258085,2007,158,23:14:45, 572.7, 5.357,3.31880,0.8092, 0.00,,4.4890,35.169336,-123.004401, 567.8,34.030, 5.310, 0.36, 91.1,0.371,1480.3,26.865,26.870
001181258100,2007,158,23:15:00, 583.1, 5.288,3.31422,0.7980, 0.00,,4.4897,35.167603,-123.005016, 578.0,34.043, 5.240, 0.33, 91.2,0.370,1480.2,26.883,26.889
001181258115,2007,158,23:15:15, 593.4, 5.252,3.31163,0.7918, 0.00,,4.4899,35.167603,-123.005039, 588.3,34.045, 5.203, 0.32, 91.2,0.370,1480.3,26.889,26.894
001181258130,2007,158,23:15:30, 603.3, 5.201,3.30845,0.7840, 0.00,,4.4902,35.169403,-123.004285, 598.1,34.055, 5.152, 0.30, 91.2,0.370,1480.2,26.903,26.909
001181258145,2007,158,23:15:45, 613.3, 5.159,3.30558,0.7769, 0.00,,4.4906,35.170404,-123.003803, 608.0,34.060, 5.109, 0.29, 91.2,0.370,1480.2,26.912,26.917
001181258160,2007,158,23:16:00, 623.6, 5.101,3.30161,0.7707, 0.00,,4.4905,35.170442,-123.003889, 618.2,34.067, 5.051, 0.28, 91.2,0.370,1480.2,26.924,26.930
001181258175,2007,158,23:16:15, 633.9, 5.051,3.29802,0.7670, 0.00,,4.4908,35.170427,-123.003867, 628.3,34.072, 5.000, 0.27, 91.2,0.369,1480.2,26.934,26.939
001181258190,2007,158,23:16:30, 644.2, 4.987,3.29311,0.7644, 0.00,,4.4909,35.170411,-123.003840, 638.6,34.076, 4.936, 0.26, 91.2,0.369,1480.1,26.944,26.950
001181258205,2007,158,23:16:45, 654.5, 4.926,3.28894,0.7600, 0.00,,4.4916,35.170411,-123.003831, 648.7,34.084, 4.874, 0.26, 91.2,0.369,1480.0,26.958,26.963
001181258220,2007,158,23:17:00, 664.4, 4.899,3.28789,0.7564, 0.00,,4.4917,35.170410,-123.003879, 658.5,34.095, 4.847, 0.25, 91.2,0.369,1480.1,26.969,26.975
001181258235,2007,158,23:17:15, 674.3, 4.859,3.28496,0.7543, 0.00,,4.4917,35.170394,-123.003920, 668.3,34.097, 4.806, 0.24, 91.2,0.368,1480.1,26.975,26.981
001181258250,2007,158,23:17:30, 684.6, 4.825,3.28229,0.7528, 0.00,,4.4922,35.170350,-123.003850, 678.5,34.096, 4.771, 0.24, 91.2,0.368,1480.1,26.978,26.984
001181258265,2007,158,23:17:45, 694.9, 4.776,3.27896,0.7519, 0.00,,4.4925,35.170373,-123.003873, 688.7,34.102, 4.721, 0.24, 91.2,0.368,1480.1,26.989,26.995
001181258280,2007,158,23:18:00, 705.2, 4.752,3.27814,0.7507, 0.00,,4.4922,35.170380,-123.003815, 698.9,34.111, 4.697, 0.24, 91.2,0.368,1480.2,26.999,27.005
001181258295,2007,158,23:18:15, 715.5, 4.738,3.27746,0.7489, 0.00,,4.4926,35.170380,-123.003828, 709.1,34.114, 4.681, 0.23, 91.2,0.368,1480.3,27.002,27.009
001181258310,2007,158,23:18:30, 725.7, 4.694,3.27442,0.7489, 0.00,,4.4921,35.168571,-123.004663, 719.2,34.117, 4.637, 0.23, 91.2,0.368,1480.3,27.010,27.016
001181258325,2007,158,23:18:45, 735.6, 4.682,3.27437,0.7482, 0.00,,4.4925,35.167697,-123.005113, 729.0,34.124, 4.625, 0.23, 91.2,0.368,1480.4,27.017,27.023
001181258340,2007,158,23:19:00, 745.6, 4.640,3.27154,0.7479, 0.00,,4.4929,35.167750,-123.005097, 738.8,34.130, 4.582, 0.23, 91.2,0.367,1480.4,27.026,27.032
001181258355,2007,158,23:19:15, 754.1, 4.502,3.25927,0.7479, 0.00,,4.4950,35.167762,-123.005100, 747.3,34.124, 4.444, 0.23, 91.3,0.366,1480.0,27.036,27.043
001181258370,2007,158,23:19:30, 759.7, 4.474,3.25766,0.7481, 0.00,,4.4952,35.167787,-123.005106, 752.8,34.132, 4.415, 0.23, 91.3,0.365,1479.9,27.046,27.052
001181258385,2007,158,23:19:45, 765.6, 4.465,3.25708,0.7480, 0.00,,4.4951,35.167729,-123.005170, 758.7,34.131, 4.406, 0.23, 91.3,0.365,1480.0,27.046,27.052
001181258400,2007,158,23:20:00, 774.2, 4.446,3.25622,0.7480, 0.00,,4.4948,35.167688,-123.005236, 767.2,34.136, 4.387, 0.23, 91.3,0.366,1480.1,27.052,27.058
001181258415,2007,158,23:20:15, 784.1, 4.435,3.25645,0.7488, 0.00,,4.4944,35.167725,-123.005161, 777.0,34.145, 4.375, 0.24, 91.3,0.366,1480.2,27.060,27.066
001181258430,2007,158,23:20:30, 793.8, 4.408,3.25479,0.7502, 0.00,,4.4943,35.167726,-123.005163, 786.6,34.148, 4.347, 0.24, 91.3,0.366,1480.3,27.066,27.072
001181258445,2007,158,23:20:45, 803.7, 4.366,3.25212,0.7519, 0.00,,4.4940,35.167727,-123.005161, 796.3,34.155, 4.305, 0.25, 91.2,0.366,1480.3,27.076,27.082
001181258460,2007,158,23:21:00, 814.0, 4.344,3.25137,0.7545, 0.00,,4.4931,35.167727,-123.005150, 806.5,34.164, 4.282, 0.25, 91.2,0.367,1480.3,27.085,27.092
001181258475,2007,158,23:21:15, 824.2, 4.303,3.24924,0.7581, 0.00,,4.4937,35.167728,-123.005152, 816.6,34.176, 4.241, 0.26, 91.2,0.367,1480.4,27.099,27.106
001181258490,2007,158,23:21:30, 834.4, 4.275,3.24753,0.7604, 0.00,,4.4942,35.167727,-123.005146, 826.7,34.180, 4.212, 0.27, 91.3,0.366,1480.4,27.105,27.112
001181258505,2007,158,23:21:45, 844.7, 4.252,3.24630,0.7644, 0.00,,4.4942,35.167730,-123.005134, 836.9,34.185, 4.187, 0.28, 91.3,0.366,1480.5,27.111,27.118
001181258520,2007,158,23:22:00, 854.6, 4.242,3.24633,0.7673, 0.00,,4.4935,35.167730,-123.005140, 846.7,34.190, 4.177, 0.28, 91.2,0.367,1480.6,27.116,27.123
001181258535,2007,158,23:22:15, 864.5, 4.211,3.24430,0.7702, 0.00,,4.4935,35.167725,-123.005167, 856.5,34.193, 4.146, 0.29, 91.2,0.367,1480.7,27.122,27.129
001181258550,2007,158,23:22:30, 874.7, 4.183,3.24269,0.7729, 0.00,,4.4926,35.167725,-123.005165, 866.5,34.198, 4.117, 0.30, 91.2,0.368,1480.7,27.129,27.136
001181258565,2007,158,23:22:45, 884.8, 4.158,3.24147,0.7769, 0.00,,4.4936,35.167733,-123.005134, 876.5,34.205, 4.091, 0.31, 91.2,0.367,1480.8,27.137,27.144
001181258580,2007,158,23:23:00, 894.9, 4.136,3.24005,0.7804, 0.00,,4.4936,35.167727,-123.005134, 886.5,34.206, 4.068, 0.32, 91.2,0.367,1480.9,27.140,27.147
001181258595,2007,158,23:23:15, 905.0, 4.116,3.23928,0.7837, 0.00,,4.4935,35.167727,-123.005136, 896.5,34.212, 4.048, 0.32, 91.2,0.367,1481.0,27.148,27.155
001181258610,2007,158,23:23:30, 915.3, 4.100,3.23830,0.7868, 0.00,,4.4938,35.167727,-123.005155, 906.6,34.212, 4.031, 0.33, 91.2,0.367,1481.1,27.149,27.156
001181258625,2007,158,23:23:45, 925.2, 4.069,3.23663,0.7925, 0.00,,4.4939,35.167725,-123.005166, 916.5,34.219, 3.999, 0.35, 91.2,0.366,1481.1,27.158,27.165
001181258640,2007,158,23:24:00, 935.1, 4.057,3.23616,0.7956, 0.00,,4.4940,35.167725,-123.005167, 926.2,34.221, 3.987, 0.35, 91.2,0.366,1481.2,27.161,27.168
001181258655,2007,158,23:24:15, 945.3, 4.035,3.23459,0.7974, 0.00,,4.4939,35.167725,-123.005161, 936.4,34.220, 3.964, 0.36, 91.2,0.366,1481.3,27.162,27.169
001181258670,2007,158,23:24:30, 955.5, 4.008,3.23306,0.7998, 0.00,,4.4936,35.167730,-123.005145, 946.5,34.225, 3.937, 0.37, 91.2,0.367,1481.4,27.169,27.176
001181258685,2007,158,23:24:45, 965.8, 3.964,3.22999,0.8039, 0.00,,4.4941,35.167725,-123.005148, 956.6,34.229, 3.892, 0.38, 91.2,0.366,1481.4,27.176,27.184
001181258700,2007,158,23:25:00, 976.1, 3.943,3.22909,0.8087, 0.00,,4.4941,35.167725,-123.005151, 966.7,34.235, 3.870, 0.39, 91.2,0.366,1481.4,27.183,27.191
001181258715,2007,158,23:25:15, 986.4, 3.926,3.22821,0.8120, 0.00,,4.4940,35.167727,-123.005149, 976.9,34.237, 3.853, 0.40, 91.2,0.366,1481.5,27.187,27.194
001181258730,2007,158,23:25:30, 996.3, 3.902,3.22671,0.8192, 0.00,,4.4947,35.167728,-123.005141, 986.8,34.239, 3.828, 0.41, 91.3,0.366,1481.6,27.191,27.199
001181258745,2007,158,23:25:45,1006.2, 3.846,3.22246,0.8257, 0.00,,4.4948,35.167727,-123.005150, 996.5,34.242, 3.772, 0.43, 91.3,0.366,1481.5,27.199,27.206
001181258760,2007,158,23:26:00,1016.5, 3.821,3.22120,0.8286, 0.00,,4.4950,35.167727,-123.005139,1006.7,34.248, 3.746, 0.44, 91.3,0.365,1481.6,27.207,27.214
001181258775,2007,158,23:26:15,1026.8, 3.810,3.22039,0.8305, 0.00,,4.4949,35.167725,-123.005149,1016.9,34.245, 3.734, 0.44, 91.3,0.366,1481.7,27.205,27.212
001181258790,2007,158,23:26:30,1037.1, 3.787,3.21922,0.8339, 0.00,,4.4951,35.167726,-123.005151,1027.0,34.250, 3.710, 0.45, 91.3,0.365,1481.8,27.211,27.219
001181258805,2007,158,23:26:45,1047.4, 3.773,3.21878,0.8375, 0.00,,4.4950,35.167726,-123.005147,1037.2,34.253, 3.696, 0.46, 91.3,0.365,1481.9,27.215,27.223
001181258820,2007,158,23:27:00,1057.3, 3.764,3.21836,0.8410, 0.00,,4.4952,35.167726,-123.005135,1047.0,34.253, 3.686, 0.47, 91.3,0.365,1482.1,27.216,27.224
001181258835,2007,158,23:27:15,1067.2, 3.745,3.21750,0.8458, 0.00,,4.4941,35.167726,-123.005146,1056.8,34.257, 3.667, 0.48, 91.2,0.366,1482.2,27.221,27.229
001181258850,2007,158,23:27:30,1077.6, 3.728,3.21658,0.8532, 0.00,,4.4957,35.167726,-123.005146,1067.0,34.260, 3.648, 0.50, 91.3,0.365,1482.3,27.225,27.233
001181258865,2007,158,23:27:45,1087.9, 3.712,3.21517,0.8580, 0.00,,4.4958,35.167726,-123.005150,1077.2,34.254, 3.632, 0.52, 91.3,0.365,1482.4,27.222,27.230
001181258880,2007,158,23:28:00,1098.2, 3.673,3.21332,0.8628, 0.00,,4.4961,35.167726,-123.005159,1087.4,34.267, 3.592, 0.53, 91.3,0.365,1482.4,27.236,27.244
001181258895,2007,158,23:28:15,1108.5, 3.647,3.21181,0.8696, 0.00,,4.4960,35.167725,-123.005156,1097.6,34.272, 3.565, 0.55, 91.3,0.365,1482.4,27.243,27.251
001181258910,2007,158,23:28:30,1118.9, 3.619,3.21003,0.8740, 0.00,,4.4962,35.167726,-123.005141,1107.8,34.275, 3.537, 0.56, 91.3,0.364,1482.5,27.248,27.256
001181258925,2007,158,23:28:45,1128.8, 3.602,3.20911,0.8784, 0.00,,4.4964,35.167725,-123.005144,1117.6,34.276, 3.520, 0.57, 91.3,0.364,1482.6,27.250,27.258
001181258940,2007,158,23:29:00,1138.8, 3.568,3.20682,0.8851, 0.00,,4.4966,35.167725,-123.005147,1127.5,34.279, 3.485, 0.59, 91.3,0.364,1482.6,27.256,27.264
001181258955,2007,158,23:29:15,1149.1, 3.532,3.20438,0.8930, 0.00,,4.4970,35.167725,-123.005152,1137.7,34.283, 3.448, 0.61, 91.3,0.364,1482.6,27.263,27.271
001181258970,2007,158,23:29:30,1159.4, 3.504,3.20251,0.8984, 0.00,,4.4971,35.167725,-123.005159,1147.8,34.284, 3.420, 0.62, 91.3,0.364,1482.7,27.267,27.275
001181258985,2007,158,23:29:45,1169.6, 3.476,3.20053,0.9025, 0.00,,4.4964,35.167725,-123.005150,1157.9,34.284, 3.392, 0.63, 91.3,0.364,1482.8,27.269,27.277
001181259000,2007,158,23:30:00,1179.9, 3.442,3.19815,0.9051, 0.00,,4.4969,35.167725,-123.005150,1168.0,34.287, 3.357, 0.64, 91.3,0.364,1482.8,27.274,27.282
001181259015,2007,158,23:30:15,1187.4, 3.407,3.19577,0.9084, 0.00,,4.4973,35.167725,-123.005157,1175.4,34.291, 3.321, 0.65, 91.3,0.363,1482.8,27.281,27.289
001181259030,2007,158,23:30:30,1194.3, 3.393,3.19490,0.9103, 0.00,,4.4971,35.167725,-123.005151,1182.2,34.292, 3.307, 0.66, 91.3,0.364,1482.8,27.283,27.291
001181259045,2007,158,23:30:45,1203.0, 3.390,3.19510,0.9100, 0.00,,4.4971,35.167726,-123.005147,1190.9,34.292, 3.304, 0.66, 91.3,0.364,1483.0,27.284,27.292
001181259060,2007,158,23:31:00,1212.6, 3.382,3.19411,0.9098, 0.00,,4.4972,35.167726,-123.005140,1200.3,34.284, 3.295, 0.66, 91.3,0.364,1483.1,27.278,27.287
001181259075,2007,158,23:31:15,1222.7, 3.349,3.19230,0.9107, 0.00,,4.4970,35.167727,-123.005151,1210.3,34.293, 3.261, 0.66, 91.3,0.364,1483.1,27.288,27.297
001181259090,2007,158,23:31:30,1233.1, 3.325,3.19084,0.9139, 0.00,,4.4969,35.167728,-123.005154,1220.5,34.295, 3.236, 0.67, 91.3,0.364,1483.2,27.292,27.301
001181259105,2007,158,23:31:45,1243.2, 3.299,3.18898,0.9170, 0.00,,4.4963,35.167727,-123.005158,1230.5,34.295, 3.210, 0.68, 91.3,0.364,1483.2,27.295,27.303
001181259120,2007,158,23:32:00,1248.0, 3.280,3.18823,0.9199, 0.00,,4.4971,35.167728,-123.005157,1235.2,34.303, 3.191, 0.69, 91.3,0.364,1483.2,27.303,27.311
001181259135,2007,158,23:32:15,1248.3, 3.271,3.18770,0.9214, 0.00,,4.4974,35.167728,-123.005158,1235.6,34.306, 3.182, 0.69, 91.3,0.363,1483.2,27.306,27.314
001181259150,2007,158,23:32:30,1246.5, 3.272,3.18737,0.9222, 0.00,,4.4973,35.167725,-123.005161,1233.8,34.302, 3.182, 0.69, 91.3,0.363,1483.2,27.303,27.312
001181259165,2007,158,23:32:45,1243.4, 3.275,3.18723,0.9223, 0.00,,4.4970,35.167727,-123.005161,1230.7,34.299, 3.186, 0.69, 91.3,0.364,1483.1,27.300,27.308
001181259180,2007,158,23:33:00,1240.9, 3.277,3.18705,0.9225, 0.00,,4.4971,35.167727,-123.005158,1228.2,34.296, 3.188, 0.69, 91.3,0.364,1483.1,27.298,27.306
001181259195,2007,158,23:33:15,1246.9, 3.273,3.18723,0.9224, 0.00,,4.4971,35.167726,-123.005164,1234.1,34.299, 3.184, 0.69, 91.3,0.364,1483.2,27.301,27.309
001181259210,2007,158,23:33:30,1256.3, 3.275,3.18777,0.9222, 0.00,,4.4970,35.167728,-123.005164,1243.4,34.299, 3.185, 0.69, 91.3,0.364,1483.4,27.300,27.309
001181259225,2007,158,23:33:45,1265.8, 3.259,3.18695,0.9244, 0.00,,4.4949,35.167728,-123.005153,1252.8,34.301, 3.168, 0.70, 91.3,0.366,1483.5,27.303,27.312
001181259240,2007,158,23:34:00,1275.7, 3.221,3.18416,0.9280, 0.00,,4.4974,35.167727,-123.005148,1262.6,34.302, 3.130, 0.71, 91.3,0.363,1483.5,27.308,27.316
001181259255,2007,158,23:34:15,1285.9, 3.199,3.18290,0.9355, 0.00,,4.4972,35.167727,-123.005158,1272.7,34.305, 3.107, 0.73, 91.3,0.364,1483.5,27.312,27.321
001181259270,2007,158,23:34:30,1294.3, 3.180,3.18163,0.9413, 0.00,,4.4974,35.167725,-123.005161,1280.9,34.305, 3.088, 0.75, 91.3,0.363,1483.6,27.314,27.323
001181259285,2007,158,23:34:45,1304.0, 3.171,3.18166,0.9449, 0.00,,4.4974,35.167725,-123.005164,1290.5,34.310, 3.078, 0.76, 91.3,0.363,1483.7,27.319,27.327
001181259300,2007,158,23:35:00,1314.0, 3.171,3.18217,0.9470, 0.00,,4.4973,35.167840,-123.005113,1300.4,34.312, 3.077, 0.76, 91.3,0.363,1483.9,27.320,27.329
001181259315,2007,158,23:35:15,1324.1, 3.165,3.18236,0.9510, 0.00,,4.4972,35.167939,-123.005094,1310.3,34.315, 3.071, 0.77, 91.3,0.364,1484.0,27.323,27.332
001181259330,2007,158,23:35:30,1334.0, 3.163,3.18275,0.9580, 0.00,,4.4973,35.167939,-123.005089,1320.1,34.317, 3.068, 0.79, 91.3,0.363,1484.2,27.325,27.334
001181259345,2007,158,23:35:45,1343.9, 3.144,3.18167,0.9656, 0.00,,4.4972,35.167939,-123.005106,1329.9,34.319, 3.048, 0.81, 91.3,0.364,1484.3,27.328,27.337
001181259360,2007,158,23:36:00,1354.3, 3.124,3.18051,0.9725, 0.00,,4.4971,35.167939,-123.005100,1340.1,34.321, 3.027, 0.83, 91.3,0.364,1484.4,27.332,27.341
001181259375,2007,158,23:36:15,1364.8, 3.114,3.18024,0.9752, 0.00,,4.4971,35.167938,-123.005100,1350.5,34.322, 3.017, 0.84, 91.3,0.364,1484.5,27.334,27.342
001181259390,2007,158,23:36:30,1375.3, 3.099,3.17956,0.9777, 0.00,,4.4974,35.167941,-123.005084,1360.8,34.325, 3.001, 0.85, 91.3,0.363,1484.6,27.338,27.346
001181259405,2007,158,23:36:45,1385.7, 3.074,3.17783,0.9843, 0.00,,4.4976,35.167939,-123.005106,1371.1,34.325, 2.976, 0.87, 91.3,0.363,1484.7,27.340,27.349
001181259420,2007,158,23:37:00,1395.0, 3.056,3.17700,0.9898, 0.00,,4.4975,35.167952,-123.005043,1380.3,34.330, 2.956, 0.88, 91.3,0.363,1484.8,27.345,27.354
001181259435,2007,158,23:37:15,1399.7, 3.041,3.17590,0.9935, 0.00,,4.4979,35.167971,-123.004976,1384.9,34.329, 2.942, 0.89, 91.3,0.363,1484.8,27.346,27.355
001181259450,2007,158,23:37:30,1404.0, 3.031,3.17515,0.9958, 0.00,,4.4977,35.167970,-123.004984,1389.1,34.329, 2.931, 0.90, 91.3,0.363,1484.8,27.347,27.356
001181259465,2007,158,23:37:45,1412.6, 3.015,3.17434,0.9981, 0.00,,4.4977,35.167969,-123.004975,1397.6,34.331, 2.915, 0.91, 91.3,0.363,1484.9,27.350,27.359
001181259480,2007,158,23:38:00,1422.8, 3.006,3.17386,1.0003, 0.00,,4.4980,35.167971,-123.004969,1407.7,34.330, 2.905, 0.91, 91.3,0.363,1485.0,27.350,27.359
001181259495,2007,158,23:38:15,1433.1, 2.984,3.17231,1.0025, 0.00,,4.4978,35.167970,-123.004981,1417.9,34.329, 2.883, 0.92, 91.3,0.363,1485.1,27.351,27.360
001181259510,2007,158,23:38:30,1443.6, 2.961,3.17099,1.0069, 0.00,,4.4977,35.167970,-123.004981,1428.2,34.333, 2.859, 0.93, 91.3,0.363,1485.2,27.356,27.365
001181259525,2007,158,23:38:45,1453.6, 2.911,3.16720,1.0072, 0.00,,4.4977,35.167970,-123.004977,1438.1,34.334, 2.809, 0.94, 91.3,0.363,1485.1,27.361,27.371
001181259540,2007,158,23:39:00,1463.7, 2.894,3.16658,1.0119, 0.00,,4.4974,35.167969,-123.004981,1448.0,34.340, 2.791, 0.95, 91.3,0.363,1485.2,27.368,27.377
001181259555,2007,158,23:39:15,1474.2, 2.872,3.16476,1.0131, 0.00,,4.4974,35.167970,-123.004984,1458.4,34.336, 2.768, 0.96, 91.3,0.363,1485.3,27.367,27.376
001181259570,2007,158,23:39:30,1484.7, 2.846,3.16310,1.0134, 0.00,,4.4975,35.167970,-123.004984,1468.7,34.338, 2.741, 0.96, 91.3,0.363,1485.4,27.371,27.380
001181259585,2007,158,23:39:45,1495.1, 2.834,3.16266,1.0166, 0.00,,4.4952,35.167970,-123.004978,1479.0,34.339, 2.729, 0.97, 91.3,0.365,1485.5,27.373,27.382
001181259600,2007,158,23:40:00,1505.6, 2.820,3.16219,1.0219, 0.00,,4.4977,35.167970,-123.004965,1489.3,34.343, 2.715, 0.98, 91.3,0.363,1485.6,27.377,27.386
001181259615,2007,158,23:40:15,1516.1, 2.811,3.16190,1.0310, 0.00,,4.4978,35.167970,-123.004979,1499.7,34.344, 2.705, 1.01, 91.3,0.363,1485.8,27.378,27.388
001181259630,2007,158,23:40:30,1526.2, 2.792,3.16088,1.0360, 0.00,,4.4978,35.167970,-123.004980,1509.6,34.346, 2.685, 1.03, 91.3,0.363,1485.9,27.382,27.391
001181259645,2007,158,23:40:45,1536.3, 2.775,3.15980,1.0376, 0.00,,4.4978,35.167969,-123.004984,1519.6,34.347, 2.667, 1.03, 91.3,0.363,1485.9,27.384,27.393
001181259660,2007,158,23:41:00,1544.7, 2.755,3.15857,1.0428, 0.00,,4.4982,35.167969,-123.004981,1527.9,34.348, 2.647, 1.05, 91.3,0.363,1486.0,27.387,27.396
001181259675,2007,158,23:41:15,1553.5, 2.743,3.15793,1.0458, 0.00,,4.4980,35.167970,-123.004965,1536.5,34.349, 2.634, 1.06, 91.3,0.363,1486.1,27.389,27.398
001181259690,2007,158,23:41:30,1562.5, 2.734,3.15775,1.0480, 0.00,,4.4981,35.167970,-123.004984,1545.4,34.352, 2.625, 1.06, 91.3,0.363,1486.2,27.391,27.401
001181259705,2007,158,23:41:45,1572.4, 2.723,3.15729,1.0471, 0.00,,4.4981,35.167970,-123.004972,1555.2,34.353, 2.613, 1.06, 91.3,0.363,1486.3,27.393,27.403
001181259720,2007,158,23:42:00,1582.4, 2.710,3.15638,1.0443, 0.00,,4.4979,35.167969,-123.004984,1565.0,34.350, 2.600, 1.06, 91.3,0.363,1486.4,27.392,27.402
001181259735,2007,158,23:42:15,1592.2, 2.694,3.15542,1.0434, 0.00,,4.4977,35.167969,-123.004983,1574.7,34.351, 2.583, 1.06, 91.3,0.363,1486.5,27.394,27.404
001181259750,2007,158,23:42:30,1599.5, 2.684,3.15487,1.0477, 0.00,,4.4981,35.167969,-123.004981,1581.8,34.351, 2.573, 1.07, 91.3,0.363,1486.6,27.395,27.405
001181259765,2007,158,23:42:45,1608.6, 2.673,3.15442,1.0531, 0.00,,4.4981,35.167969,-123.004984,1590.9,34.353, 2.561, 1.08, 91.3,0.363,1486.7,27.397,27.407
001181259780,2007,158,23:43:00,1615.6, 2.666,3.15404,1.0545, 0.00,,4.4982,35.167969,-123.004984,1597.7,34.352, 2.553, 1.09, 91.3,0.363,1486.8,27.398,27.408
001181259795,2007,158,23:43:15,1624.2, 2.647,3.15310,1.0562, 0.00,,4.4982,35.167970,-123.004981,1606.2,34.356, 2.534, 1.10, 91.3,0.363,1486.9,27.403,27.412
001181259810,2007,158,23:43:30,1634.1, 2.638,3.15256,1.0570, 0.00,,4.4978,35.167969,-123.004987,1616.0,34.354, 2.524, 1.10, 91.3,0.363,1487.0,27.402,27.412
001181259825,2007,158,23:43:45,1643.8, 2.619,3.15126,1.0573, 0.00,,4.4977,35.167969,-123.004983,1625.5,34.354, 2.504, 1.10, 91.3,0.363,1487.1,27.403,27.413
001181259840,2007,158,23:44:00,1651.1, 2.598,3.14968,1.0585, 0.00,,4.4979,35.167969,-123.004984,1632.7,34.353, 2.483, 1.11, 91.3,0.363,1487.1,27.405,27.414
001181259855,2007,158,23:44:15,1660.6, 2.578,3.14865,1.0611, 0.00,,4.4976,35.167969,-123.004987,1642.1,34.358, 2.462, 1.12, 91.3,0.363,1487.2,27.410,27.419
001181259870,2007,158,23:44:30,1670.8, 2.564,3.14791,1.0630, 0.00,,4.4976,35.167970,-123.004981,1652.0,34.358, 2.448, 1.12, 91.3,0.363,1487.3,27.411,27.421
001181259885,2007,158,23:44:45,1681.1, 2.542,3.14656,1.0666, 0.00,,4.4976,35.167969,-123.004978,1662.2,34.360, 2.425, 1.14, 91.3,0.363,1487.4,27.414,27.424
001181259900,2007,158,23:45:00,1691.5, 2.527,3.14573,1.0707, 0.00,,4.4976,35.167970,-123.004975,1672.5,34.361, 2.409, 1.15, 91.3,0.363,1487.5,27.416,27.426
001181259915,2007,158,23:45:15,1701.9, 2.497,3.14380,1.0754, 0.00,,4.4973,35.167970,-123.004984,1682.7,34.364, 2.379, 1.16, 91.3,0.363,1487.5,27.422,27.431
001181259930,2007,158,23:45:30,1711.9, 2.480,3.14277,1.0802, 0.00,,4.4969,35.167969,-123.004983,1692.6,34.364, 2.361, 1.18, 91.3,0.364,1487.6,27.423,27.433
001181259945,2007,158,23:45:45,1721.9, 2.460,3.14156,1.0837, 0.00,,4.4971,35.167969,-123.004990,1702.4,34.365, 2.341, 1.19, 91.3,0.364,1487.7,27.425,27.435
001181259960,2007,158,23:46:00,1731.1, 2.438,3.14027,1.0877, 0.00,,4.4973,35.167970,-123.004978,1711.5,34.369, 2.318, 1.20, 91.3,0.363,1487.8,27.430,27.440
001181259975,2007,158,23:46:15,1741.0, 2.425,3.13958,1.0922, 0.00,,4.4976,35.167970,-123.004975,1721.2,34.368, 2.305, 1.22, 91.3,0.363,1487.9,27.431,27.441
001181259990,2007,158,23:46:30,1751.4, 2.418,3.13943,1.0949, 0.00,,4.4976,35.167970,-123.004965,1731.5,34.369, 2.297, 1.23, 91.3,0.363,1488.0,27.433,27.443
001181260005,2007,158,23:46:45,1761.7, 2.401,3.13837,1.0982, 0.00,,4.4979,35.167970,-123.004965,1741.6,34.369, 2.279, 1.24, 91.3,0.363,1488.1,27.434,27.444
001181260020,2007,158,23:47:00,1772.1, 2.386,3.13781,1.1020, 0.00,,4.4982,35.167970,-123.004969,1751.8,34.373, 2.264, 1.25, 91.3,0.363,1488.2,27.438,27.448
001181260035,2007,158,23:47:15,1782.1, 2.377,3.13745,1.1052, 0.00,,4.4981,35.167969,-123.004987,1761.6,34.373, 2.254, 1.26, 91.3,0.363,1488.4,27.439,27.449
001181260050,2007,158,23:47:30,1792.2, 2.372,3.13754,1.1087, 0.00,,4.4981,35.167969,-123.004987,1771.6,34.375, 2.248, 1.27, 91.3,0.363,1488.5,27.441,27.451
001181260065,2007,158,23:47:45,1802.4, 2.359,3.13691,1.1129, 0.00,,4.4980,35.167969,-123.004984,1781.6,34.376, 2.235, 1.29, 91.3,0.363,1488.6,27.442,27.453
001181260080,2007,158,23:48:00,1810.2, 2.341,3.13576,1.1175, 0.00,,4.4981,35.168062,-123.005248,1789.4,34.377, 2.216, 1.30, 91.3,0.363,1488.7,27.445,27.455
001181260095,2007,158,23:48:15,1819.9, 2.331,3.13538,1.1222, 0.00,,4.4980,35.168243,-123.006244,1798.9,34.378, 2.206, 1.32, 91.3,0.363,1488.8,27.447,27.457
001181260110,2007,158,23:48:30,1830.1, 2.329,3.13571,1.1241, 0.00,,4.4980,35.168363,-123.006878,1808.9,34.379, 2.203, 1.32, 91.3,0.363,1489.0,27.448,27.458
001181260125,2007,158,23:48:45,1839.9, 2.316,3.13495,1.1241, 0.00,,4.4975,35.168335,-123.006818,1818.6,34.379, 2.189, 1.32, 91.3,0.363,1489.1,27.448,27.459
001181260140,2007,158,23:49:00,1847.8, 2.298,3.13383,1.1267, 0.00,,4.4979,35.168341,-123.006806,1826.4,34.381, 2.170, 1.33, 91.3,0.363,1489.1,27.452,27.462
001181260155,2007,158,23:49:15,1856.6, 2.288,3.13342,1.1308, 0.00,,4.4975,35.168341,-123.006781,1835.0,34.381, 2.160, 1.35, 91.3,0.363,1489.2,27.453,27.463
001181260170,2007,158,23:49:30,1866.2, 2.279,3.13314,1.1329, 0.00,,4.4975,35.168306,-123.006814,1844.4,34.383, 2.150, 1.36, 91.3,0.363,1489.4,27.455,27.465
001181260185,2007,158,23:49:45,1876.3, 2.273,3.13315,1.1348, 0.00,,4.4973,35.168335,-123.006739,1854.4,34.384, 2.144, 1.36, 91.3,0.363,1489.5,27.456,27.467
001181260200,2007,158,23:50:00,1886.4, 2.261,3.13249,1.1383, 0.00,,4.4976,35.168207,-123.006099,1864.3,34.384, 2.131, 1.37, 91.3,0.363,1489.6,27.457,27.468
001181260215,2007,158,23:50:15,1896.4, 2.250,3.13185,1.1424, 0.00,,4.4977,35.168061,-123.005344,1874.1,34.383, 2.119, 1.39, 91.3,0.363,1489.8,27.457,27.468
001181260230,2007,158,23:50:30,1906.2, 2.230,3.13080,1.1457, 0.00,,4.4979,35.168060,-123.005340,1883.8,34.387, 2.098, 1.40, 91.3,0.363,1489.8,27.462,27.473
001181260245,2007,158,23:50:45,1916.1, 2.223,3.13077,1.1509, 0.00,,4.4982,35.168061,-123.005356,1893.5,34.389, 2.091, 1.42, 91.3,0.363,1490.0,27.464,27.475
001181260260,2007,158,23:51:00,1924.2, 2.207,3.12965,1.1583, 0.00,,4.4980,35.168061,-123.005347,1901.5,34.388, 2.074, 1.44, 91.3,0.363,1490.0,27.465,27.475
001181260275,2007,158,23:51:15,1933.0, 2.191,3.12878,1.1596, 0.00,,4.4972,35.168061,-123.005347,1910.2,34.389, 2.058, 1.45, 91.3,0.364,1490.1,27.467,27.478
001181260290,2007,158,23:51:30,1942.4, 2.187,3.12896,1.1636, 0.00,,4.4981,35.168061,-123.005347,1919.4,34.392, 2.053, 1.46, 91.3,0.363,1490.3,27.469,27.480
001181260305,2007,158,23:51:45,1951.9, 2.181,3.12909,1.1707, 0.00,,4.4986,35.168060,-123.005353,1928.7,34.395, 2.047, 1.48, 91.3,0.362,1490.4,27.472,27.483
001181260320,2007,158,23:52:00,1958.9, 2.176,3.12884,1.1752, 0.00,,4.4988,35.168003,-123.004901,1935.6,34.394, 2.041, 1.49, 91.3,0.362,1490.5,27.472,27.483
001181260335,2007,158,23:52:15,1968.2, 2.162,3.12827,1.1815, 0.00,,4.4985,35.167983,-123.004865,1944.8,34.397, 2.027, 1.51, 91.3,0.362,1490.6,27.475,27.486
001181260350,2007,158,23:52:30,1977.9, 2.151,3.12764,1.1851, 0.00,,4.4987,35.167969,-123.004862,1954.4,34.396, 2.015, 1.53, 91.3,0.362,1490.7,27.476,27.486
001181260365,2007,158,23:52:45,1988.1, 2.140,3.12726,1.1895, 0.00,,4.4985,35.167970,-123.004853,1964.4,34.398, 2.003, 1.54, 91.3,0.362,1490.8,27.479,27.490
001181260380,2007,158,23:53:00,1996.4, 2.121,3.12597,1.1936, 0.00,,4.4982,35.167995,-123.005338,1972.5,34.399, 1.984, 1.56, 91.3,0.363,1490.9,27.480,27.491
001181260395,2007,158,23:53:15,2006.1, 2.102,3.12496,1.1950, 0.00,,4.4982,35.167999,-123.005408,1982.0,34.401, 1.965, 1.56, 91.3,0.363,1491.0,27.484,27.495
001181260410,2007,158,23:53:30,2016.1, 2.095,3.12455,1.1942, 0.00,,4.4981,35.168000,-123.005411,1991.9,34.399, 1.956, 1.56, 91.3,0.363,1491.1,27.483,27.494
001181260425,2007,158,23:53:45,2026.1, 2.083,3.12396,1.1953, 0.00,,4.4977,35.167999,-123.005414,2001.8,34.400, 1.944, 1.57, 91.3,0.363,1491.2,27.484,27.495
001181260440,2007,158,23:54:00,2035.0, 2.071,3.12339,1.2005, 0.00,,4.4977,35.168031,-123.005177,2010.4,34.401, 1.931, 1.59, 91.3,0.363,1491.3,27.486,27.497
001181260455,2007,158,23:54:15,2044.4, 2.065,3.12338,1.2056, 0.00,,4.4980,35.168025,-123.004969,2019.7,34.403, 1.925, 1.60, 91.3,0.363,1491.5,27.488,27.499
001181260470,2007,158,23:54:30,2054.7, 2.061,3.12351,1.2103, 0.00,,4.4984,35.168000,-123.004920,2029.9,34.404, 1.920, 1.62, 91.3,0.362,1491.6,27.489,27.500
001181260485,2007,158,23:54:45,2065.0, 2.047,3.12277,1.2147, 0.00,,4.4987,35.167999,-123.004922,2040.0,34.404, 1.905, 1.63, 91.3,0.362,1491.7,27.491,27.502
001181260500,2007,158,23:55:00,2075.0, 2.044,3.12303,1.2173, 0.00,,4.4989,35.168001,-123.004830,2049.8,34.406, 1.901, 1.64, 91.3,0.362,1491.9,27.492,27.503
001181260515,2007,158,23:55:15,2085.3, 2.035,3.12267,1.2192, 0.00,,4.4986,35.167999,-123.004815,2060.0,34.406, 1.891, 1.65, 91.3,0.362,1492.0,27.493,27.504
001181260530,2007,158,23:55:30,2095.5, 2.029,3.12267,1.2233, 0.00,,4.4987,35.168001,-123.004852,2069.9,34.407, 1.885, 1.67, 91.3,0.362,1492.2,27.494,27.505
001181260545,2007,158,23:55:45,2105.4, 2.021,3.12246,1.2255, 0.00,,4.4990,35.167972,-123.004796,2079.7,34.408, 1.877, 1.67, 91.4,0.362,1492.3,27.496,27.507
001181260560,2007,158,23:56:00,2115.7, 2.012,3.12221,1.2288, 0.00,,4.4994,35.167970,-123.004813,2089.8,34.410, 1.866, 1.69, 91.4,0.362,1492.4,27.498,27.509
001181260575,2007,158,23:56:15,2125.9, 2.004,3.12191,1.2324, 0.00,,4.4995,35.167971,-123.004850,2099.8,34.410, 1.857, 1.70, 91.4,0.361,1492.6,27.499,27.510
001181260590,2007,158,23:56:30,2136.3, 1.995,3.12177,1.2364, 0.00,,4.4991,35.167969,-123.004853,2110.1,34.413, 1.847, 1.71, 91.4,0.362,1492.7,27.502,27.513
001181260605,2007,158,23:56:45,2146.3, 1.986,3.12154,1.2431, 0.00,,4.4988,35.167969,-123.004849,2119.9,34.414, 1.839, 1.74, 91.3,0.362,1492.8,27.503,27.514
001181260620,2007,158,23:57:00,2154.1, 1.975,3.12088,1.2473, 0.00,,4.4985,35.167969,-123.004839,2127.6,34.414, 1.827, 1.75, 91.3,0.362,1492.9,27.504,27.516
001181260635,2007,158,23:57:15,2162.7, 1.966,3.12052,1.2500, 0.00,,4.4981,35.167969,-123.004858,2136.0,34.415, 1.817, 1.76, 91.3,0.363,1493.0,27.505,27.517
001181260650,2007,158,23:57:30,2172.0, 1.966,3.12082,1.2507, 0.00,,4.4982,35.167970,-123.004853,2145.2,34.415, 1.816, 1.77, 91.3,0.363,1493.2,27.505,27.517
001181260665,2007,158,23:57:45,2181.8, 1.962,3.12087,1.2513, 0.00,,4.4979,35.168002,-123.004973,2154.8,34.415, 1.811, 1.77, 91.3,0.363,1493.3,27.506,27.517
001181260680,2007,158,23:58:00,2191.6, 1.962,3.12133,1.2520, 0.00,,4.4976,35.168092,-123.005283,2164.4,34.415, 1.810, 1.77, 91.3,0.363,1493.5,27.506,27.518
001181260695,2007,158,23:58:15,2201.5, 1.957,3.12128,1.2534, 0.00,,4.4971,35.168091,-123.005284,2174.2,34.415, 1.805, 1.78, 91.3,0.364,1493.7,27.506,27.518
001181260710,2007,158,23:58:30,2209.9, 1.949,3.12100,1.2564, 0.00,,4.4967,35.168072,-123.005281,2182.4,34.416, 1.796, 1.79, 91.3,0.364,1493.8,27.508,27.520
001181260725,2007,158,23:58:45,2218.2, 1.942,3.12080,1.2611, 0.00,,4.4963,35.168088,-123.005280,2190.6,34.417, 1.789, 1.81, 91.3,0.364,1493.9,27.509,27.521
001181260740,2007,158,23:59:00,2226.7, 1.936,3.12066,1.2648, 0.00,,4.4969,35.168092,-123.005317,2198.9,34.418, 1.782, 1.82, 91.3,0.364,1494.0,27.510,27.522
001181260755,2007,158,23:59:15,2235.9, 1.934,3.12098,1.2669, 0.00,,4.4967,35.168083,-123.005335,2208.0,34.419, 1.779, 1.83, 91.3,0.364,1494.1,27.511,27.523
001181260770,2007,158,23:59:30,2243.6, 1.928,3.12067,1.2683, 0.00,,4.4967,35.168070,-123.005330,2215.5,34.419, 1.772, 1.84, 91.3,0.364,1494.2,27.511,27.523
001181260785,2007,158,23:59:45,2252.1, 1.916,3.12015,1.2725, 0.00,,4.4970,35.168077,-123.005267,2223.9,34.420, 1.760, 1.85, 91.3,0.364,1494.3,27.514,27.526
