usec,year,day,time,pres,temp,cond,o2curr,o2temp,o2delta,transvolt,lat,lon,depth,salin,theta,oxyg,light,beac,sound,sigmat,sigmatheta
001181088000,2007,157,00:00:00,3268.1, 1.609,3.13496,1.3749, 0.00,,4.4980,35.163628,-123.007546,3219.6,34.455, 1.365, 2.49, 91.3,0.363,1510.3,27.565,27.583
001181088015,2007,157,00:00:15,3262.9, 1.609,3.13480,1.3752, 0.00,,4.4978,35.163608,-123.007589,3214.5,34.456, 1.366, 2.49, 91.3,0.363,1510.2,27.565,27.583
001181088030,2007,157,00:00:30,3255.8, 1.610,3.13462,1.3749, 0.00,,4.4977,35.163606,-123.007599,3207.5,34.456, 1.367, 2.48, 91.3,0.363,1510.1,27.565,27.583
001181088045,2007,157,00:00:45,3249.5, 1.611,3.13437,1.3752, 0.00,,4.4979,35.163605,-123.007615,3201.3,34.455, 1.368, 2.48, 91.3,0.363,1510.0,27.564,27.582
001181088060,2007,157,00:01:00,3242.5, 1.611,3.13421,1.3751, 0.00,,4.4977,35.163606,-123.007603,3194.5,34.455, 1.370, 2.48, 91.3,0.363,1509.9,27.565,27.582
001181088075,2007,157,00:01:15,3235.1, 1.613,3.13404,1.3749, 0.00,,4.4977,35.163597,-123.007612,3187.3,34.455, 1.372, 2.48, 91.3,0.363,1509.8,27.564,27.582
001181088090,2007,157,00:01:30,3227.8, 1.615,3.13388,1.3744, 0.00,,4.4978,35.163601,-123.007602,3180.2,34.454, 1.375, 2.47, 91.3,0.363,1509.7,27.564,27.581
001181088105,2007,157,00:01:45,3220.4, 1.616,3.13370,1.3744, 0.00,,4.4975,35.163606,-123.007606,3172.9,34.454, 1.376, 2.47, 91.3,0.363,1509.5,27.564,27.581
001181088120,2007,157,00:02:00,3213.0, 1.617,3.13363,1.3741, 0.00,,4.4975,35.163605,-123.007612,3165.6,34.456, 1.378, 2.47, 91.3,0.363,1509.4,27.565,27.582
001181088135,2007,157,00:02:15,3206.2, 1.617,3.13340,1.3741, 0.00,,4.4979,35.163585,-123.007608,3159.0,34.456, 1.379, 2.46, 91.3,0.363,1509.3,27.565,27.582
001181088150,2007,157,00:02:30,3199.1, 1.618,3.13306,1.3732, 0.00,,4.4977,35.163574,-123.007609,3152.0,34.454, 1.380, 2.46, 91.3,0.363,1509.2,27.563,27.580
001181088165,2007,157,00:02:45,3191.7, 1.619,3.13286,1.3735, 0.00,,4.4975,35.163574,-123.007635,3144.8,34.453, 1.382, 2.46, 91.3,0.363,1509.1,27.563,27.580
001181088180,2007,157,00:03:00,3184.5, 1.621,3.13276,1.3739, 0.00,,4.4975,35.163576,-123.007667,3137.8,34.454, 1.384, 2.46, 91.3,0.363,1508.9,27.563,27.580
001181088195,2007,157,00:03:15,3178.2, 1.622,3.13268,1.3739, 0.00,,4.4977,35.163589,-123.007670,3131.6,34.454, 1.386, 2.45, 91.3,0.363,1508.8,27.563,27.580
001181088210,2007,157,00:03:30,3171.0, 1.623,3.13238,1.3742, 0.00,,4.4975,35.163575,-123.007670,3124.6,34.453, 1.388, 2.45, 91.3,0.363,1508.7,27.562,27.579
001181088225,2007,157,00:03:45,3163.8, 1.623,3.13217,1.3742, 0.00,,4.4976,35.163574,-123.007673,3117.6,34.453, 1.389, 2.45, 91.3,0.363,1508.6,27.562,27.579
001181088240,2007,157,00:04:00,3156.8, 1.624,3.13197,1.3734, 0.00,,4.4976,35.163575,-123.007719,3110.7,34.453, 1.391, 2.44, 91.3,0.363,1508.5,27.562,27.579
001181088255,2007,157,00:04:15,3149.8, 1.625,3.13187,1.3736, 0.00,,4.4978,35.163575,-123.007712,3103.8,34.453, 1.392, 2.44, 91.3,0.363,1508.4,27.562,27.579
001181088270,2007,157,00:04:30,3142.5, 1.628,3.13165,1.3738, 0.00,,4.4969,35.163575,-123.007727,3096.7,34.451, 1.396, 2.44, 91.3,0.364,1508.2,27.560,27.577
001181088285,2007,157,00:04:45,3135.3, 1.630,3.13151,1.3734, 0.00,,4.4977,35.163574,-123.007731,3089.6,34.451, 1.398, 2.44, 91.3,0.363,1508.1,27.560,27.577
001181088300,2007,157,00:05:00,3128.0, 1.632,3.13140,1.3729, 0.00,,4.4977,35.163575,-123.007728,3082.5,34.451, 1.401, 2.43, 91.3,0.363,1508.0,27.560,27.577
001181088315,2007,157,00:05:15,3120.8, 1.634,3.13139,1.3724, 0.00,,4.4976,35.163574,-123.007711,3075.4,34.452, 1.403, 2.43, 91.3,0.363,1507.9,27.561,27.577
001181088330,2007,157,00:05:30,3113.4, 1.634,3.13126,1.3717, 0.00,,4.4978,35.163574,-123.007711,3068.3,34.454, 1.404, 2.42, 91.3,0.363,1507.8,27.562,27.579
001181088345,2007,157,00:05:45,3106.4, 1.634,3.13098,1.3712, 0.00,,4.4980,35.163560,-123.007734,3061.3,34.453, 1.405, 2.42, 91.3,0.363,1507.7,27.561,27.578
001181088360,2007,157,00:06:00,3099.3, 1.635,3.13067,1.3708, 0.00,,4.4979,35.163574,-123.007737,3054.4,34.451, 1.407, 2.42, 91.3,0.363,1507.5,27.560,27.576
001181088375,2007,157,00:06:15,3092.0, 1.638,3.13054,1.3708, 0.00,,4.4976,35.163574,-123.007755,3047.3,34.450, 1.411, 2.41, 91.3,0.363,1507.4,27.558,27.575
001181088390,2007,157,00:06:30,3084.8, 1.641,3.13062,1.3709, 0.00,,4.4972,35.163574,-123.007752,3040.2,34.451, 1.414, 2.41, 91.3,0.364,1507.3,27.560,27.576
001181088405,2007,157,00:06:45,3078.8, 1.643,3.13069,1.3702, 0.00,,4.4969,35.163574,-123.007779,3034.4,34.452, 1.417, 2.41, 91.3,0.364,1507.2,27.560,27.576
001181088420,2007,157,00:07:00,3072.2, 1.645,3.13056,1.3700, 0.00,,4.4971,35.163574,-123.007776,3027.9,34.452, 1.419, 2.40, 91.3,0.364,1507.1,27.560,27.576
001181088435,2007,157,00:07:15,3065.4, 1.646,3.13042,1.3693, 0.00,,4.4972,35.163574,-123.007767,3021.2,34.452, 1.420, 2.40, 91.3,0.364,1507.0,27.560,27.576
001181088450,2007,157,00:07:30,3058.7, 1.647,3.13017,1.3692, 0.00,,4.4972,35.163574,-123.007791,3014.6,34.451, 1.422, 2.40, 91.3,0.364,1506.9,27.559,27.575
001181088465,2007,157,00:07:45,3052.2, 1.648,3.13008,1.3689, 0.00,,4.4969,35.163574,-123.007795,3008.3,34.452, 1.424, 2.39, 91.3,0.364,1506.8,27.559,27.576
001181088480,2007,157,00:08:00,3045.9, 1.650,3.12996,1.3685, 0.00,,4.4966,35.163575,-123.007788,3002.1,34.450, 1.427, 2.39, 91.3,0.364,1506.7,27.558,27.574
001181088495,2007,157,00:08:15,3039.4, 1.652,3.12976,1.3681, 0.00,,4.4971,35.163601,-123.007769,2995.8,34.449, 1.430, 2.39, 91.3,0.364,1506.6,27.557,27.573
001181088510,2007,157,00:08:30,3032.6, 1.653,3.12964,1.3677, 0.00,,4.4969,35.163605,-123.007775,2989.1,34.450, 1.431, 2.38, 91.3,0.364,1506.5,27.557,27.574
001181088525,2007,157,00:08:45,3025.4, 1.655,3.12944,1.3673, 0.00,,4.4969,35.163605,-123.007782,2982.1,34.449, 1.433, 2.38, 91.3,0.364,1506.4,27.557,27.573
001181088540,2007,157,00:09:00,3018.6, 1.656,3.12929,1.3669, 0.00,,4.4959,35.163605,-123.007843,2975.4,34.449, 1.435, 2.38, 91.3,0.365,1506.2,27.557,27.573
001181088555,2007,157,00:09:15,3011.7, 1.656,3.12911,1.3671, 0.00,,4.4967,35.163605,-123.007859,2968.6,34.449, 1.436, 2.37, 91.3,0.364,1506.1,27.557,27.573
001181088570,2007,157,00:09:30,3004.5, 1.658,3.12907,1.3673, 0.00,,4.4964,35.163605,-123.007846,2961.6,34.450, 1.438, 2.37, 91.3,0.364,1506.0,27.558,27.574
001181088585,2007,157,00:09:45,2998.2, 1.659,3.12894,1.3675, 0.00,,4.4962,35.163606,-123.007840,2955.5,34.451, 1.440, 2.37, 91.3,0.364,1505.9,27.558,27.574
001181088600,2007,157,00:10:00,2990.9, 1.661,3.12881,1.3674, 0.00,,4.4963,35.163605,-123.007839,2948.4,34.451, 1.442, 2.37, 91.3,0.364,1505.8,27.557,27.573
001181088615,2007,157,00:10:15,2984.5, 1.661,3.12870,1.3671, 0.00,,4.4964,35.163605,-123.007850,2942.1,34.451, 1.444, 2.37, 91.3,0.364,1505.7,27.558,27.574
001181088630,2007,157,00:10:30,2977.4, 1.663,3.12849,1.3666, 0.00,,4.4963,35.163607,-123.007837,2935.1,34.450, 1.446, 2.36, 91.3,0.364,1505.6,27.557,27.573
001181088645,2007,157,00:10:45,2970.9, 1.665,3.12849,1.3660, 0.00,,4.4964,35.163605,-123.007838,2928.7,34.451, 1.449, 2.36, 91.3,0.364,1505.5,27.557,27.573
001181088660,2007,157,00:11:00,2964.4, 1.667,3.12826,1.3654, 0.00,,4.4964,35.163605,-123.007835,2922.4,34.449, 1.451, 2.35, 91.3,0.364,1505.4,27.556,27.572
001181088675,2007,157,00:11:15,2957.2, 1.668,3.12807,1.3653, 0.00,,4.4966,35.163605,-123.007837,2915.4,34.449, 1.452, 2.35, 91.3,0.364,1505.3,27.556,27.572
001181088690,2007,157,00:11:30,2950.0, 1.669,3.12792,1.3650, 0.00,,4.4961,35.163619,-123.007842,2908.3,34.449, 1.455, 2.35, 91.3,0.364,1505.1,27.556,27.571
001181088705,2007,157,00:11:45,2943.9, 1.670,3.12778,1.3646, 0.00,,4.4966,35.163621,-123.007840,2902.3,34.449, 1.456, 2.34, 91.3,0.364,1505.0,27.556,27.571
001181088720,2007,157,00:12:00,2936.5, 1.673,3.12755,1.3644, 0.00,,4.4967,35.163605,-123.007813,2895.1,34.447, 1.459, 2.34, 91.3,0.364,1504.9,27.554,27.569
001181088735,2007,157,00:12:15,2928.8, 1.674,3.12751,1.3643, 0.00,,4.4967,35.163617,-123.007770,2887.5,34.449, 1.461, 2.34, 91.3,0.364,1504.8,27.555,27.571
001181088750,2007,157,00:12:30,2921.5, 1.676,3.12729,1.3634, 0.00,,4.4967,35.163635,-123.007799,2880.4,34.448, 1.464, 2.33, 91.3,0.364,1504.7,27.554,27.570
001181088765,2007,157,00:12:45,2914.3, 1.678,3.12713,1.3636, 0.00,,4.4966,35.163635,-123.007778,2873.3,34.446, 1.467, 2.33, 91.3,0.364,1504.6,27.553,27.568
001181088780,2007,157,00:13:00,2907.1, 1.680,3.12702,1.3628, 0.00,,4.4968,35.163635,-123.007776,2866.2,34.447, 1.469, 2.33, 91.3,0.364,1504.4,27.553,27.569
001181088795,2007,157,00:13:15,2899.8, 1.682,3.12695,1.3624, 0.00,,4.4966,35.163635,-123.007782,2859.1,34.447, 1.472, 2.32, 91.3,0.364,1504.3,27.553,27.568
001181088810,2007,157,00:13:30,2892.9, 1.685,3.12679,1.3628, 0.00,,4.4968,35.163636,-123.007772,2852.4,34.445, 1.476, 2.32, 91.3,0.364,1504.2,27.551,27.566
001181088825,2007,157,00:13:45,2886.6, 1.688,3.12693,1.3612, 0.00,,4.4968,35.163635,-123.007769,2846.2,34.446, 1.479, 2.31, 91.3,0.364,1504.1,27.552,27.567
001181088840,2007,157,00:14:00,2879.4, 1.693,3.12685,1.3595, 0.00,,4.4974,35.163635,-123.007772,2839.1,34.444, 1.484, 2.31, 91.3,0.363,1504.0,27.550,27.565
001181088855,2007,157,00:14:15,2872.3, 1.695,3.12689,1.3581, 0.00,,4.4975,35.163635,-123.007769,2832.2,34.445, 1.487, 2.30, 91.3,0.363,1503.9,27.550,27.566
001181088870,2007,157,00:14:30,2865.3, 1.696,3.12686,1.3576, 0.00,,4.4975,35.163652,-123.007771,2825.3,34.447, 1.489, 2.30, 91.3,0.363,1503.8,27.552,27.567
001181088885,2007,157,00:14:45,2858.0, 1.696,3.12655,1.3569, 0.00,,4.4979,35.163666,-123.007770,2818.2,34.446, 1.490, 2.29, 91.3,0.363,1503.7,27.551,27.567
001181088900,2007,157,00:15:00,2851.0, 1.697,3.12650,1.3561, 0.00,,4.4988,35.163666,-123.007767,2811.3,34.448, 1.492, 2.29, 91.3,0.362,1503.6,27.552,27.567
001181088915,2007,157,00:15:15,2844.9, 1.698,3.12626,1.3532, 0.00,,4.4995,35.163666,-123.007771,2805.4,34.447, 1.493, 2.28, 91.4,0.361,1503.5,27.552,27.567
001181088930,2007,157,00:15:30,2837.9, 1.700,3.12599,1.3507, 0.00,,4.4997,35.163637,-123.007773,2798.5,34.444, 1.496, 2.26, 91.4,0.361,1503.4,27.549,27.564
001181088945,2007,157,00:15:45,2830.9, 1.701,3.12597,1.3493, 0.00,,4.4995,35.163642,-123.007766,2791.6,34.446, 1.497, 2.26, 91.4,0.361,1503.2,27.551,27.566
001181088960,2007,157,00:16:00,2824.6, 1.701,3.12562,1.3470, 0.00,,4.4997,35.163631,-123.007716,2785.5,34.445, 1.497, 2.25, 91.4,0.361,1503.1,27.550,27.565
001181088975,2007,157,00:16:15,2819.9, 1.702,3.12545,1.3435, 0.00,,4.4998,35.163632,-123.007709,2780.8,34.444, 1.499, 2.24, 91.4,0.361,1503.1,27.549,27.564
001181088990,2007,157,00:16:30,2814.4, 1.704,3.12539,1.3424, 0.00,,4.4996,35.163638,-123.007699,2775.5,34.444, 1.501, 2.23, 91.4,0.361,1503.0,27.549,27.564
001181089005,2007,157,00:16:45,2808.6, 1.705,3.12531,1.3423, 0.00,,4.4995,35.163638,-123.007703,2769.8,34.445, 1.503, 2.23, 91.4,0.361,1502.9,27.550,27.565
001181089020,2007,157,00:17:00,2802.1, 1.706,3.12519,1.3432, 0.00,,4.4989,35.163648,-123.007703,2763.4,34.445, 1.504, 2.23, 91.3,0.362,1502.8,27.550,27.565
001181089035,2007,157,00:17:15,2795.2, 1.709,3.12504,1.3433, 0.00,,4.4990,35.163672,-123.007709,2756.6,34.444, 1.508, 2.23, 91.3,0.362,1502.7,27.548,27.563
001181089050,2007,157,00:17:30,2788.3, 1.712,3.12497,1.3433, 0.00,,4.4988,35.163685,-123.007786,2749.9,34.442, 1.512, 2.23, 91.3,0.362,1502.6,27.547,27.562
001181089065,2007,157,00:17:45,2781.1, 1.713,3.12491,1.3435, 0.00,,4.4986,35.163768,-123.007850,2742.9,34.444, 1.513, 2.22, 91.3,0.362,1502.4,27.548,27.563
001181089080,2007,157,00:18:00,2773.4, 1.714,3.12471,1.3442, 0.00,,4.4984,35.163808,-123.007908,2735.3,34.443, 1.515, 2.22, 91.3,0.362,1502.3,27.548,27.562
001181089095,2007,157,00:18:15,2765.5, 1.717,3.12451,1.3439, 0.00,,4.4983,35.163818,-123.007908,2727.6,34.442, 1.519, 2.22, 91.3,0.362,1502.2,27.546,27.561
001181089110,2007,157,00:18:30,2757.9, 1.720,3.12447,1.3444, 0.00,,4.4982,35.163818,-123.007908,2720.1,34.442, 1.522, 2.22, 91.3,0.363,1502.1,27.546,27.561
001181089125,2007,157,00:18:45,2751.7, 1.721,3.12445,1.3430, 0.00,,4.4983,35.163839,-123.007911,2714.0,34.443, 1.524, 2.21, 91.3,0.363,1502.0,27.547,27.561
001181089140,2007,157,00:19:00,2745.4, 1.725,3.12454,1.3422, 0.00,,4.4981,35.163828,-123.007908,2707.8,34.443, 1.529, 2.21, 91.3,0.363,1501.9,27.547,27.561
001181089155,2007,157,00:19:15,2738.8, 1.728,3.12443,1.3408, 0.00,,4.4982,35.163818,-123.007917,2701.4,34.442, 1.532, 2.20, 91.3,0.363,1501.8,27.545,27.560
001181089170,2007,157,00:19:30,2731.7, 1.730,3.12439,1.3398, 0.00,,4.4984,35.163804,-123.007879,2694.4,34.442, 1.534, 2.20, 91.3,0.362,1501.7,27.546,27.560
001181089185,2007,157,00:19:45,2725.5, 1.731,3.12419,1.3385, 0.00,,4.4984,35.163817,-123.007882,2688.4,34.442, 1.536, 2.19, 91.3,0.362,1501.6,27.545,27.559
001181089200,2007,157,00:20:00,2717.8, 1.734,3.12401,1.3386, 0.00,,4.4982,35.163818,-123.007908,2680.8,34.440, 1.540, 2.19, 91.3,0.363,1501.5,27.543,27.558
001181089215,2007,157,00:20:15,2709.8, 1.740,3.12404,1.3379, 0.00,,4.4981,35.163818,-123.007920,2673.0,34.438, 1.546, 2.18, 91.3,0.363,1501.3,27.541,27.556
001181089230,2007,157,00:20:30,2701.9, 1.742,3.12406,1.3362, 0.00,,4.4980,35.163806,-123.007908,2665.2,34.440, 1.549, 2.18, 91.3,0.363,1501.2,27.543,27.557
001181089245,2007,157,00:20:45,2694.7, 1.743,3.12394,1.3347, 0.00,,4.4981,35.163805,-123.007913,2658.1,34.441, 1.550, 2.17, 91.3,0.363,1501.1,27.543,27.558
001181089260,2007,157,00:21:00,2687.4, 1.743,3.12366,1.3343, 0.00,,4.4980,35.163788,-123.007917,2651.0,34.440, 1.552, 2.17, 91.3,0.363,1501.0,27.543,27.557
001181089275,2007,157,00:21:15,2681.0, 1.744,3.12351,1.3344, 0.00,,4.4983,35.163727,-123.007828,2644.7,34.440, 1.553, 2.16, 91.3,0.363,1500.9,27.543,27.557
001181089290,2007,157,00:21:30,2673.8, 1.746,3.12349,1.3334, 0.00,,4.4981,35.163749,-123.007865,2637.6,34.441, 1.556, 2.16, 91.3,0.363,1500.8,27.544,27.558
001181089305,2007,157,00:21:45,2666.2, 1.747,3.12319,1.3333, 0.00,,4.4978,35.163752,-123.007875,2630.2,34.440, 1.557, 2.16, 91.3,0.363,1500.6,27.543,27.557
001181089320,2007,157,00:22:00,2658.6, 1.749,3.12297,1.3330, 0.00,,4.4982,35.163727,-123.007869,2622.7,34.439, 1.560, 2.15, 91.3,0.363,1500.5,27.541,27.555
001181089335,2007,157,00:22:15,2651.2, 1.750,3.12279,1.3325, 0.00,,4.4978,35.163727,-123.007862,2615.5,34.439, 1.562, 2.15, 91.3,0.363,1500.4,27.541,27.555
001181089350,2007,157,00:22:30,2644.0, 1.751,3.12262,1.3316, 0.00,,4.4980,35.163727,-123.007910,2608.4,34.439, 1.564, 2.14, 91.3,0.363,1500.3,27.541,27.555
001181089365,2007,157,00:22:45,2637.3, 1.756,3.12262,1.3300, 0.00,,4.4980,35.163727,-123.007908,2601.9,34.437, 1.569, 2.14, 91.3,0.363,1500.2,27.540,27.554
001181089380,2007,157,00:23:00,2630.5, 1.760,3.12275,1.3270, 0.00,,4.4979,35.163696,-123.007878,2595.2,34.438, 1.573, 2.13, 91.3,0.363,1500.1,27.540,27.553
001181089395,2007,157,00:23:15,2623.3, 1.764,3.12281,1.3259, 0.00,,4.4980,35.163696,-123.007917,2588.1,34.438, 1.577, 2.12, 91.3,0.363,1500.0,27.540,27.554
001181089410,2007,157,00:23:30,2615.9, 1.766,3.12268,1.3257, 0.00,,4.4979,35.163696,-123.007846,2580.9,34.438, 1.580, 2.12, 91.3,0.363,1499.9,27.539,27.553
001181089425,2007,157,00:23:45,2608.5, 1.767,3.12247,1.3246, 0.00,,4.4979,35.163696,-123.007853,2573.7,34.437, 1.582, 2.11, 91.3,0.363,1499.7,27.539,27.552
001181089440,2007,157,00:24:00,2601.2, 1.770,3.12243,1.3249, 0.00,,4.4979,35.163698,-123.007846,2566.5,34.437, 1.586, 2.11, 91.3,0.363,1499.6,27.538,27.552
001181089455,2007,157,00:24:15,2595.1, 1.772,3.12229,1.3239, 0.00,,4.4977,35.163727,-123.007856,2560.5,34.436, 1.588, 2.11, 91.3,0.363,1499.5,27.538,27.551
001181089470,2007,157,00:24:30,2587.9, 1.775,3.12219,1.3239, 0.00,,4.4977,35.163727,-123.007856,2553.4,34.435, 1.591, 2.10, 91.3,0.363,1499.4,27.537,27.550
001181089485,2007,157,00:24:45,2580.5, 1.777,3.12215,1.3226, 0.00,,4.4976,35.163715,-123.007853,2546.1,34.436, 1.595, 2.10, 91.3,0.363,1499.3,27.537,27.551
001181089500,2007,157,00:25:00,2573.1, 1.780,3.12207,1.3211, 0.00,,4.4976,35.163697,-123.007843,2538.9,34.436, 1.598, 2.09, 91.3,0.363,1499.2,27.537,27.550
001181089515,2007,157,00:25:15,2565.5, 1.781,3.12196,1.3203, 0.00,,4.4979,35.163697,-123.007840,2531.5,34.436, 1.600, 2.08, 91.3,0.363,1499.1,27.537,27.550
001181089530,2007,157,00:25:30,2558.2, 1.783,3.12180,1.3193, 0.00,,4.4978,35.163697,-123.007831,2524.3,34.436, 1.602, 2.08, 91.3,0.363,1499.0,27.536,27.550
001181089545,2007,157,00:25:45,2551.1, 1.785,3.12164,1.3186, 0.00,,4.4977,35.163699,-123.007832,2517.3,34.435, 1.605, 2.08, 91.3,0.363,1498.8,27.535,27.549
001181089560,2007,157,00:26:00,2543.8, 1.788,3.12149,1.3182, 0.00,,4.4978,35.163697,-123.007840,2510.2,34.433, 1.609, 2.07, 91.3,0.363,1498.7,27.534,27.547
001181089575,2007,157,00:26:15,2537.1, 1.791,3.12147,1.3163, 0.00,,4.4978,35.163696,-123.007856,2503.6,34.433, 1.612, 2.06, 91.3,0.363,1498.6,27.534,27.547
001181089590,2007,157,00:26:30,2530.0, 1.793,3.12136,1.3154, 0.00,,4.4980,35.163696,-123.007850,2496.7,34.433, 1.615, 2.06, 91.3,0.363,1498.5,27.533,27.547
001181089605,2007,157,00:26:45,2523.6, 1.796,3.12133,1.3142, 0.00,,4.4985,35.163696,-123.007856,2490.4,34.432, 1.619, 2.05, 91.3,0.362,1498.4,27.532,27.546
001181089620,2007,157,00:27:00,2517.3, 1.798,3.12140,1.3135, 0.00,,4.4984,35.163684,-123.007853,2484.2,34.434, 1.621, 2.05, 91.3,0.362,1498.3,27.534,27.547
001181089635,2007,157,00:27:15,2510.7, 1.800,3.12133,1.3125, 0.00,,4.4984,35.163696,-123.007834,2477.7,34.434, 1.623, 2.04, 91.3,0.362,1498.2,27.534,27.547
001181089650,2007,157,00:27:30,2504.4, 1.803,3.12128,1.3101, 0.00,,4.4981,35.163666,-123.007856,2471.5,34.433, 1.627, 2.04, 91.3,0.363,1498.1,27.533,27.546
001181089665,2007,157,00:27:45,2497.6, 1.806,3.12124,1.3080, 0.00,,4.4983,35.163666,-123.007847,2464.9,34.433, 1.630, 2.03, 91.3,0.362,1498.0,27.533,27.546
001181089680,2007,157,00:28:00,2490.4, 1.807,3.12133,1.3067, 0.00,,4.4982,35.163666,-123.007840,2457.8,34.436, 1.632, 2.02, 91.3,0.363,1497.9,27.535,27.548
001181089695,2007,157,00:28:15,2483.1, 1.810,3.12107,1.3063, 0.00,,4.4984,35.163652,-123.007846,2450.6,34.434, 1.635, 2.02, 91.3,0.362,1497.8,27.533,27.546
001181089710,2007,157,00:28:30,2475.8, 1.813,3.12075,1.3057, 0.00,,4.4983,35.163645,-123.007859,2443.5,34.430, 1.639, 2.01, 91.3,0.362,1497.7,27.530,27.543
001181089725,2007,157,00:28:45,2468.5, 1.813,3.12075,1.3047, 0.00,,4.4982,35.163639,-123.007865,2436.4,34.433, 1.640, 2.01, 91.3,0.363,1497.6,27.532,27.545
001181089740,2007,157,00:29:00,2461.3, 1.815,3.12043,1.3043, 0.00,,4.4983,35.163637,-123.007911,2429.2,34.431, 1.642, 2.01, 91.3,0.363,1497.4,27.530,27.543
001181089755,2007,157,00:29:15,2454.2, 1.816,3.12025,1.3045, 0.00,,4.4985,35.163636,-123.007910,2422.3,34.431, 1.644, 2.00, 91.3,0.362,1497.3,27.530,27.543
001181089770,2007,157,00:29:30,2447.3, 1.819,3.12014,1.3037, 0.00,,4.4985,35.163643,-123.007917,2415.5,34.430, 1.647, 2.00, 91.3,0.362,1497.2,27.529,27.542
001181089785,2007,157,00:29:45,2440.1, 1.819,3.11997,1.3030, 0.00,,4.4985,35.163666,-123.007981,2408.5,34.431, 1.649, 2.00, 91.3,0.362,1497.1,27.529,27.542
001181089800,2007,157,00:30:00,2432.9, 1.823,3.11982,1.3023, 0.00,,4.4983,35.163662,-123.007966,2401.4,34.428, 1.653, 1.99, 91.3,0.363,1497.0,27.527,27.540
001181089815,2007,157,00:30:15,2425.8, 1.825,3.11974,1.3003, 0.00,,4.4984,35.163636,-123.007978,2394.4,34.429, 1.655, 1.98, 91.3,0.362,1496.9,27.528,27.541
001181089830,2007,157,00:30:30,2418.5, 1.827,3.11959,1.2989, 0.00,,4.4984,35.163635,-123.007969,2387.3,34.428, 1.659, 1.98, 91.3,0.362,1496.8,27.527,27.539
001181089845,2007,157,00:30:45,2411.5, 1.830,3.11950,1.2966, 0.00,,4.4985,35.163618,-123.007955,2380.4,34.427, 1.662, 1.97, 91.3,0.362,1496.7,27.526,27.538
001181089860,2007,157,00:31:00,2404.7, 1.833,3.11960,1.2942, 0.00,,4.4987,35.163606,-123.007969,2373.7,34.428, 1.665, 1.96, 91.3,0.362,1496.6,27.527,27.539
001181089875,2007,157,00:31:15,2398.4, 1.835,3.11954,1.2909, 0.00,,4.4991,35.163605,-123.007975,2367.6,34.428, 1.668, 1.95, 91.4,0.362,1496.5,27.527,27.539
001181089890,2007,157,00:31:30,2391.5, 1.837,3.11936,1.2883, 0.00,,4.4988,35.163591,-123.007981,2360.8,34.427, 1.670, 1.94, 91.3,0.362,1496.4,27.526,27.538
001181089905,2007,157,00:31:45,2384.4, 1.839,3.11939,1.2855, 0.00,,4.4996,35.163575,-123.008036,2353.8,34.429, 1.673, 1.93, 91.4,0.361,1496.2,27.527,27.540
001181089920,2007,157,00:32:00,2377.4, 1.840,3.11914,1.2826, 0.00,,4.4996,35.163574,-123.008033,2346.9,34.428, 1.675, 1.92, 91.4,0.361,1496.1,27.526,27.538
001181089935,2007,157,00:32:15,2370.3, 1.845,3.11892,1.2822, 0.00,,4.4988,35.163574,-123.008033,2339.9,34.424, 1.680, 1.91, 91.3,0.362,1496.0,27.522,27.535
001181089950,2007,157,00:32:30,2363.5, 1.846,3.11894,1.2796, 0.00,,4.4995,35.163574,-123.008035,2333.3,34.426, 1.682, 1.90, 91.4,0.361,1495.9,27.524,27.536
001181089965,2007,157,00:32:45,2356.6, 1.851,3.11867,1.2785, 0.00,,4.4987,35.163548,-123.008039,2326.5,34.421, 1.687, 1.90, 91.3,0.362,1495.8,27.520,27.532
001181089980,2007,157,00:33:00,2349.6, 1.854,3.11878,1.2774, 0.00,,4.4982,35.163561,-123.008056,2319.6,34.422, 1.691, 1.89, 91.3,0.363,1495.7,27.520,27.532
001181089995,2007,157,00:33:15,2342.5, 1.860,3.11878,1.2771, 0.00,,4.4980,35.163570,-123.008097,2312.6,34.420, 1.697, 1.89, 91.3,0.363,1495.6,27.518,27.530
001181090010,2007,157,00:33:30,2335.5, 1.866,3.11889,1.2768, 0.00,,4.4976,35.163574,-123.008100,2305.8,34.418, 1.703, 1.89, 91.3,0.363,1495.5,27.516,27.528
001181090025,2007,157,00:33:45,2328.5, 1.871,3.11915,1.2745, 0.00,,4.4976,35.163574,-123.008103,2298.9,34.419, 1.709, 1.88, 91.3,0.363,1495.4,27.516,27.529
001181090040,2007,157,00:34:00,2321.6, 1.873,3.11935,1.2735, 0.00,,4.4975,35.163574,-123.008100,2292.1,34.423, 1.712, 1.87, 91.3,0.363,1495.3,27.519,27.531
001181090055,2007,157,00:34:15,2314.7, 1.877,3.11926,1.2710, 0.00,,4.4977,35.163574,-123.008096,2285.4,34.420, 1.717, 1.86, 91.3,0.363,1495.2,27.517,27.529
001181090070,2007,157,00:34:30,2308.1, 1.881,3.11931,1.2688, 0.00,,4.4978,35.163578,-123.008100,2278.8,34.420, 1.721, 1.86, 91.3,0.363,1495.1,27.516,27.528
001181090085,2007,157,00:34:45,2301.2, 1.885,3.11932,1.2669, 0.00,,4.4976,35.163605,-123.008097,2272.0,34.420, 1.725, 1.85, 91.3,0.363,1495.0,27.516,27.528
001181090100,2007,157,00:35:00,2294.3, 1.888,3.11943,1.2657, 0.00,,4.4974,35.163605,-123.008094,2265.3,34.420, 1.729, 1.84, 91.3,0.363,1494.9,27.516,27.528
001181090115,2007,157,00:35:15,2287.4, 1.893,3.11937,1.2648, 0.00,,4.4978,35.163605,-123.008103,2258.5,34.418, 1.734, 1.84, 91.3,0.363,1494.8,27.514,27.526
001181090130,2007,157,00:35:30,2280.6, 1.898,3.11963,1.2630, 0.00,,4.4976,35.163605,-123.008145,2251.8,34.419, 1.740, 1.83, 91.3,0.363,1494.7,27.514,27.526
001181090145,2007,157,00:35:45,2273.9, 1.903,3.11962,1.2615, 0.00,,4.4976,35.163605,-123.008161,2245.2,34.417, 1.746, 1.82, 91.3,0.363,1494.6,27.512,27.524
001181090160,2007,157,00:36:00,2267.0, 1.907,3.11973,1.2600, 0.00,,4.4978,35.163605,-123.008164,2238.5,34.417, 1.750, 1.82, 91.3,0.363,1494.5,27.512,27.524
001181090175,2007,157,00:36:15,2259.9, 1.912,3.11984,1.2586, 0.00,,4.4974,35.163605,-123.008164,2231.5,34.417, 1.756, 1.81, 91.3,0.363,1494.4,27.511,27.523
001181090190,2007,157,00:36:30,2252.6, 1.914,3.11982,1.2577, 0.00,,4.4975,35.163605,-123.008161,2224.4,34.418, 1.758, 1.81, 91.3,0.363,1494.3,27.512,27.524
001181090205,2007,157,00:36:45,2245.3, 1.917,3.11980,1.2566, 0.00,,4.4978,35.163605,-123.008164,2217.2,34.418, 1.762, 1.80, 91.3,0.363,1494.2,27.512,27.524
001181090220,2007,157,00:37:00,2238.1, 1.922,3.11967,1.2556, 0.00,,4.4978,35.163621,-123.008164,2210.1,34.415, 1.767, 1.80, 91.3,0.363,1494.1,27.509,27.521
001181090235,2007,157,00:37:15,2231.4, 1.928,3.12023,1.2533, 0.00,,4.4977,35.163635,-123.008161,2203.5,34.418, 1.774, 1.79, 91.3,0.363,1494.0,27.511,27.523
001181090250,2007,157,00:37:30,2226.1, 1.932,3.12032,1.2500, 0.00,,4.4977,35.163635,-123.008161,2198.3,34.418, 1.778, 1.78, 91.3,0.363,1494.0,27.511,27.523
001181090265,2007,157,00:37:45,2220.9, 1.935,3.12037,1.2492, 0.00,,4.4974,35.163636,-123.008164,2193.2,34.418, 1.781, 1.77, 91.3,0.363,1493.9,27.511,27.522
001181090280,2007,157,00:38:00,2214.5, 1.938,3.12032,1.2472, 0.00,,4.4977,35.163636,-123.008164,2187.0,34.417, 1.786, 1.77, 91.3,0.363,1493.8,27.509,27.521
001181090295,2007,157,00:38:15,2207.8, 1.942,3.12019,1.2451, 0.00,,4.4976,35.163611,-123.008158,2180.3,34.414, 1.790, 1.76, 91.3,0.363,1493.7,27.507,27.518
001181090310,2007,157,00:38:30,2200.8, 1.945,3.12017,1.2430, 0.00,,4.4977,35.163606,-123.008155,2173.5,34.414, 1.793, 1.75, 91.3,0.363,1493.6,27.507,27.518
001181090325,2007,157,00:38:45,2193.9, 1.950,3.12017,1.2415, 0.00,,4.4978,35.163606,-123.008150,2166.7,34.413, 1.798, 1.75, 91.3,0.363,1493.5,27.505,27.517
001181090340,2007,157,00:39:00,2186.9, 1.957,3.12031,1.2383, 0.00,,4.4982,35.163635,-123.008146,2159.8,34.410, 1.807, 1.73, 91.3,0.363,1493.4,27.502,27.514
001181090355,2007,157,00:39:15,2180.1, 1.960,3.12034,1.2362, 0.00,,4.4983,35.163667,-123.008151,2153.1,34.411, 1.810, 1.73, 91.3,0.362,1493.3,27.503,27.514
001181090370,2007,157,00:39:30,2173.3, 1.963,3.12043,1.2340, 0.00,,4.4983,35.163667,-123.008152,2146.5,34.412, 1.813, 1.72, 91.3,0.363,1493.2,27.503,27.515
001181090385,2007,157,00:39:45,2166.3, 1.969,3.12040,1.2325, 0.00,,4.4990,35.163685,-123.008152,2139.6,34.409, 1.820, 1.71, 91.3,0.362,1493.1,27.500,27.512
001181090400,2007,157,00:40:00,2159.3, 1.973,3.12053,1.2304, 0.00,,4.4993,35.163699,-123.008164,2132.7,34.409, 1.825, 1.70, 91.4,0.362,1493.0,27.500,27.512
001181090415,2007,157,00:40:15,2152.2, 1.982,3.12066,1.2292, 0.00,,4.4993,35.163731,-123.008136,2125.7,34.405, 1.833, 1.70, 91.4,0.362,1492.9,27.497,27.508
001181090430,2007,157,00:40:30,2145.0, 1.988,3.12124,1.2288, 0.00,,4.4996,35.163758,-123.008093,2118.6,34.409, 1.841, 1.69, 91.4,0.361,1492.8,27.499,27.510
001181090445,2007,157,00:40:45,2138.2, 1.994,3.12165,1.2274, 0.00,,4.4994,35.163773,-123.008103,2112.0,34.411, 1.847, 1.69, 91.4,0.362,1492.7,27.500,27.512
001181090460,2007,157,00:41:00,2131.1, 1.998,3.12157,1.2239, 0.00,,4.4992,35.163789,-123.008094,2105.0,34.410, 1.851, 1.68, 91.4,0.362,1492.6,27.499,27.510
001181090475,2007,157,00:41:15,2124.6, 2.003,3.12160,1.2225, 0.00,,4.4996,35.163818,-123.008062,2098.5,34.408, 1.856, 1.67, 91.4,0.361,1492.5,27.497,27.509
001181090490,2007,157,00:41:30,2118.3, 2.008,3.12198,1.2180, 0.00,,4.5003,35.163819,-123.008075,2092.4,34.410, 1.863, 1.66, 91.4,0.361,1492.5,27.498,27.509
001181090505,2007,157,00:41:45,2112.9, 2.014,3.12218,1.2135, 0.00,,4.5003,35.163819,-123.008036,2087.1,34.409, 1.869, 1.64, 91.4,0.361,1492.4,27.497,27.508
001181090520,2007,157,00:42:00,2106.9, 2.022,3.12242,1.2112, 0.00,,4.5007,35.163819,-123.008042,2081.2,34.406, 1.877, 1.63, 91.4,0.360,1492.3,27.494,27.506
001181090535,2007,157,00:42:15,2100.2, 2.027,3.12244,1.2086, 0.00,,4.5007,35.163818,-123.008039,2074.6,34.404, 1.883, 1.63, 91.4,0.360,1492.2,27.492,27.503
001181090550,2007,157,00:42:30,2093.7, 2.030,3.12249,1.2065, 0.00,,4.5005,35.163819,-123.008039,2068.2,34.405, 1.886, 1.62, 91.4,0.361,1492.1,27.493,27.504
001181090565,2007,157,00:42:45,2088.4, 2.035,3.12254,1.2044, 0.00,,4.5005,35.163825,-123.008027,2063.0,34.403, 1.891, 1.61, 91.4,0.361,1492.1,27.490,27.502
001181090580,2007,157,00:43:00,2081.7, 2.040,3.12264,1.2034, 0.00,,4.5000,35.163850,-123.008039,2056.4,34.402, 1.897, 1.61, 91.4,0.361,1492.0,27.490,27.501
001181090595,2007,157,00:43:15,2075.6, 2.044,3.12291,1.2017, 0.00,,4.4998,35.163850,-123.008078,2050.4,34.404, 1.901, 1.60, 91.4,0.361,1491.9,27.491,27.502
001181090610,2007,157,00:43:30,2068.9, 2.049,3.12274,1.2004, 0.00,,4.4998,35.163871,-123.008087,2043.8,34.400, 1.907, 1.59, 91.4,0.361,1491.8,27.487,27.498
001181090625,2007,157,00:43:45,2062.0, 2.056,3.12291,1.1990, 0.00,,4.4993,35.163883,-123.008036,2037.0,34.398, 1.914, 1.59, 91.4,0.362,1491.7,27.485,27.496
001181090640,2007,157,00:44:00,2055.1, 2.061,3.12319,1.1956, 0.00,,4.4991,35.163911,-123.008033,2030.3,34.399, 1.920, 1.58, 91.4,0.362,1491.6,27.485,27.496
001181090655,2007,157,00:44:15,2048.6, 2.066,3.12348,1.1931, 0.00,,4.4988,35.163911,-123.008029,2023.9,34.401, 1.925, 1.57, 91.3,0.362,1491.5,27.486,27.497
001181090670,2007,157,00:44:30,2042.7, 2.071,3.12368,1.1886, 0.00,,4.4987,35.163929,-123.008033,2018.1,34.401, 1.931, 1.55, 91.3,0.362,1491.5,27.486,27.497
001181090685,2007,157,00:44:45,2036.7, 2.076,3.12398,1.1868, 0.00,,4.4984,35.163940,-123.008036,2012.2,34.402, 1.936, 1.55, 91.3,0.362,1491.4,27.487,27.498
001181090700,2007,157,00:45:00,2030.4, 2.080,3.12404,1.1846, 0.00,,4.4982,35.163941,-123.008036,2006.0,34.401, 1.941, 1.54, 91.3,0.363,1491.3,27.486,27.497
001181090715,2007,157,00:45:15,2024.8, 2.084,3.12396,1.1827, 0.00,,4.4985,35.163943,-123.008030,2000.5,34.399, 1.945, 1.53, 91.3,0.362,1491.2,27.484,27.495
001181090730,2007,157,00:45:30,2018.3, 2.092,3.12433,1.1777, 0.00,,4.4994,35.163971,-123.008063,1994.1,34.398, 1.953, 1.52, 91.4,0.362,1491.1,27.482,27.493
001181090745,2007,157,00:45:45,2012.6, 2.102,3.12480,1.1748, 0.00,,4.4993,35.163971,-123.008094,1988.5,34.396, 1.964, 1.51, 91.4,0.362,1491.1,27.480,27.491
001181090760,2007,157,00:46:00,2005.7, 2.116,3.12576,1.1759, 0.00,,4.4992,35.163963,-123.008097,1981.6,34.397, 1.978, 1.51, 91.4,0.362,1491.0,27.479,27.490
001181090775,2007,157,00:46:15,1999.3, 2.128,3.12627,1.1773, 0.00,,4.4990,35.163968,-123.008038,1975.4,34.393, 1.990, 1.51, 91.3,0.362,1491.0,27.476,27.486
001181090790,2007,157,00:46:30,1993.3, 2.135,3.12702,1.1750, 0.00,,4.4992,35.163972,-123.008057,1969.5,34.398, 1.997, 1.50, 91.4,0.362,1490.9,27.479,27.490
001181090805,2007,157,00:46:45,1988.0, 2.132,3.12656,1.1680, 0.00,,4.4994,35.163974,-123.008086,1964.2,34.398, 1.996, 1.48, 91.4,0.362,1490.8,27.479,27.489
001181090820,2007,157,00:47:00,1982.5, 2.136,3.12647,1.1647, 0.00,,4.4991,35.163961,-123.008092,1958.9,34.396, 1.999, 1.47, 91.4,0.362,1490.7,27.477,27.488
001181090835,2007,157,00:47:15,1975.6, 2.138,3.12634,1.1622, 0.00,,4.4994,35.163956,-123.008089,1952.1,34.395, 2.003, 1.46, 91.4,0.362,1490.6,27.476,27.487
001181090850,2007,157,00:47:30,1969.0, 2.144,3.12613,1.1609, 0.00,,4.4994,35.163941,-123.008090,1945.6,34.389, 2.009, 1.46, 91.4,0.362,1490.5,27.471,27.482
001181090865,2007,157,00:47:45,1962.0, 2.155,3.12640,1.1603, 0.00,,4.4993,35.163948,-123.008085,1938.7,34.384, 2.021, 1.45, 91.4,0.362,1490.4,27.466,27.477
001181090880,2007,157,00:48:00,1955.1, 2.157,3.12667,1.1598, 0.00,,4.4992,35.163972,-123.008076,1932.0,34.389, 2.022, 1.45, 91.4,0.362,1490.3,27.470,27.481
001181090895,2007,157,00:48:15,1948.7, 2.160,3.12674,1.1572, 0.00,,4.4991,35.163955,-123.008050,1925.6,34.390, 2.026, 1.44, 91.4,0.362,1490.2,27.470,27.481
001181090910,2007,157,00:48:30,1941.8, 2.170,3.12735,1.1540, 0.00,,4.4992,35.163972,-123.008070,1918.9,34.390, 2.037, 1.43, 91.4,0.362,1490.2,27.469,27.480
001181090925,2007,157,00:48:45,1935.7, 2.180,3.12784,1.1515, 0.00,,4.4993,35.163972,-123.008091,1912.8,34.389, 2.047, 1.42, 91.4,0.362,1490.1,27.468,27.478
001181090940,2007,157,00:49:00,1929.6, 2.184,3.12799,1.1488, 0.00,,4.4991,35.163955,-123.008087,1906.8,34.389, 2.051, 1.41, 91.4,0.362,1490.0,27.468,27.478
001181090955,2007,157,00:49:15,1923.2, 2.190,3.12832,1.1479, 0.00,,4.4991,35.163955,-123.008057,1900.5,34.390, 2.058, 1.41, 91.4,0.362,1490.0,27.467,27.478
001181090970,2007,157,00:49:30,1916.8, 2.195,3.12832,1.1460, 0.00,,4.4990,35.163941,-123.008036,1894.3,34.388, 2.063, 1.40, 91.4,0.362,1489.9,27.466,27.476
001181090985,2007,157,00:49:45,1910.8, 2.201,3.12852,1.1440, 0.00,,4.4989,35.163973,-123.008017,1888.3,34.387, 2.070, 1.40, 91.3,0.362,1489.8,27.464,27.475
001181091000,2007,157,00:50:00,1904.2, 2.207,3.12881,1.1410, 0.00,,4.4986,35.163972,-123.008030,1881.9,34.387, 2.076, 1.39, 91.3,0.362,1489.7,27.464,27.475
001181091015,2007,157,00:50:15,1898.4, 2.214,3.12910,1.1395, 0.00,,4.4989,35.163972,-123.008024,1876.2,34.386, 2.084, 1.38, 91.3,0.362,1489.6,27.463,27.473
001181091030,2007,157,00:50:30,1892.2, 2.226,3.12962,1.1381, 0.00,,4.4990,35.163973,-123.008043,1870.0,34.383, 2.096, 1.38, 91.4,0.362,1489.6,27.459,27.470
001181091045,2007,157,00:50:45,1885.9, 2.231,3.13007,1.1397, 0.00,,4.4991,35.163978,-123.008064,1863.8,34.386, 2.102, 1.38, 91.4,0.362,1489.5,27.462,27.472
001181091060,2007,157,00:51:00,1880.2, 2.235,3.13026,1.1363, 0.00,,4.4986,35.163977,-123.008119,1858.2,34.387, 2.106, 1.37, 91.3,0.362,1489.4,27.462,27.472
001181091075,2007,157,00:51:15,1874.1, 2.246,3.13065,1.1324, 0.00,,4.4986,35.163976,-123.008124,1852.3,34.384, 2.117, 1.36, 91.3,0.362,1489.4,27.458,27.469
001181091090,2007,157,00:51:30,1867.5, 2.254,3.13107,1.1291, 0.00,,4.4983,35.163978,-123.008117,1845.7,34.384, 2.125, 1.35, 91.3,0.363,1489.3,27.458,27.468
001181091105,2007,157,00:51:45,1859.8, 2.268,3.13183,1.1256, 0.00,,4.4984,35.163976,-123.008066,1838.2,34.381, 2.140, 1.33, 91.3,0.362,1489.2,27.454,27.465
001181091120,2007,157,00:52:00,1852.2, 2.275,3.13167,1.1234, 0.00,,4.4983,35.163977,-123.008096,1830.7,34.376, 2.148, 1.33, 91.3,0.363,1489.1,27.450,27.460
001181091135,2007,157,00:52:15,1845.6, 2.279,3.13187,1.1235, 0.00,,4.4979,35.163975,-123.008135,1824.2,34.378, 2.152, 1.33, 91.3,0.363,1489.0,27.451,27.461
001181091150,2007,157,00:52:30,1838.3, 2.289,3.13224,1.1218, 0.00,,4.4983,35.163962,-123.008124,1817.0,34.374, 2.163, 1.32, 91.3,0.363,1488.9,27.447,27.458
001181091165,2007,157,00:52:45,1830.7, 2.299,3.13273,1.1190, 0.00,,4.4982,35.163947,-123.008099,1809.6,34.374, 2.173, 1.31, 91.3,0.363,1488.9,27.446,27.457
001181091180,2007,157,00:53:00,1823.3, 2.309,3.13330,1.1152, 0.00,,4.4985,35.163946,-123.008070,1802.3,34.374, 2.183, 1.30, 91.3,0.362,1488.8,27.446,27.456
001181091195,2007,157,00:53:15,1816.1, 2.318,3.13363,1.1141, 0.00,,4.4985,35.163944,-123.008070,1795.2,34.372, 2.193, 1.29, 91.3,0.362,1488.7,27.443,27.453
001181091210,2007,157,00:53:30,1808.8, 2.327,3.13389,1.1128, 0.00,,4.4984,35.163942,-123.008086,1788.0,34.369, 2.203, 1.29, 91.3,0.362,1488.6,27.440,27.450
001181091225,2007,157,00:53:45,1801.6, 2.334,3.13382,1.1096, 0.00,,4.4986,35.163942,-123.008094,1780.9,34.365, 2.210, 1.28, 91.3,0.362,1488.5,27.436,27.446
001181091240,2007,157,00:54:00,1794.3, 2.346,3.13487,1.1075, 0.00,,4.4989,35.163941,-123.008158,1773.7,34.369, 2.222, 1.27, 91.3,0.362,1488.4,27.438,27.448
001181091255,2007,157,00:54:15,1787.3, 2.354,3.13525,1.1053, 0.00,,4.4990,35.163944,-123.008107,1766.8,34.368, 2.231, 1.26, 91.3,0.362,1488.4,27.437,27.447
001181091270,2007,157,00:54:30,1780.5, 2.365,3.13585,1.1034, 0.00,,4.4989,35.163912,-123.008085,1760.1,34.367, 2.242, 1.26, 91.3,0.362,1488.3,27.435,27.445
001181091285,2007,157,00:54:45,1773.3, 2.373,3.13628,1.1015, 0.00,,4.4991,35.163910,-123.008097,1753.0,34.368, 2.250, 1.25, 91.4,0.362,1488.2,27.435,27.445
001181091300,2007,157,00:55:00,1766.3, 2.376,3.13635,1.0996, 0.00,,4.4990,35.163905,-123.008123,1746.1,34.369, 2.254, 1.24, 91.4,0.362,1488.1,27.436,27.446
001181091315,2007,157,00:55:15,1760.2, 2.382,3.13663,1.0987, 0.00,,4.4990,35.163879,-123.008158,1740.2,34.368, 2.261, 1.24, 91.4,0.362,1488.0,27.435,27.445
001181091330,2007,157,00:55:30,1753.2, 2.390,3.13668,1.0965, 0.00,,4.4989,35.163879,-123.008155,1733.3,34.364, 2.269, 1.23, 91.3,0.362,1487.9,27.431,27.441
001181091345,2007,157,00:55:45,1746.1, 2.398,3.13725,1.0937, 0.00,,4.4988,35.163879,-123.008151,1726.3,34.367, 2.278, 1.22, 91.3,0.362,1487.9,27.432,27.442
001181091360,2007,157,00:56:00,1739.0, 2.407,3.13765,1.0899, 0.00,,4.4982,35.163879,-123.008149,1719.3,34.366, 2.287, 1.21, 91.3,0.363,1487.8,27.430,27.440
001181091375,2007,157,00:56:15,1732.0, 2.418,3.13838,1.0865, 0.00,,4.4981,35.163879,-123.008116,1712.4,34.366, 2.298, 1.20, 91.3,0.363,1487.7,27.430,27.440
001181091390,2007,157,00:56:30,1725.3, 2.431,3.13883,1.0829, 0.00,,4.4979,35.163879,-123.008097,1705.8,34.361, 2.312, 1.19, 91.3,0.363,1487.6,27.425,27.434
001181091405,2007,157,00:56:45,1718.6, 2.444,3.13918,1.0807, 0.00,,4.4979,35.163876,-123.008091,1699.2,34.355, 2.325, 1.18, 91.3,0.363,1487.6,27.419,27.429
001181091420,2007,157,00:57:00,1712.1, 2.447,3.13975,1.0797, 0.00,,4.4983,35.163873,-123.008139,1692.8,34.361, 2.329, 1.18, 91.3,0.363,1487.5,27.424,27.434
001181091435,2007,157,00:57:15,1707.0, 2.457,3.14039,1.0774, 0.00,,4.4976,35.163883,-123.008138,1687.7,34.362, 2.339, 1.17, 91.3,0.363,1487.4,27.423,27.433
001181091450,2007,157,00:57:30,1701.0, 2.470,3.14132,1.0749, 0.00,,4.4973,35.163899,-123.008136,1681.9,34.362, 2.353, 1.16, 91.3,0.363,1487.4,27.422,27.432
001181091465,2007,157,00:57:45,1694.6, 2.482,3.14213,1.0727, 0.00,,4.4979,35.163916,-123.008124,1675.5,34.363, 2.365, 1.16, 91.3,0.363,1487.4,27.422,27.432
001181091480,2007,157,00:58:00,1688.5, 2.486,3.14248,1.0714, 0.00,,4.4980,35.163886,-123.008118,1669.5,34.366, 2.370, 1.15, 91.3,0.363,1487.3,27.424,27.434
001181091495,2007,157,00:58:15,1682.6, 2.494,3.14244,1.0707, 0.00,,4.4980,35.163917,-123.008118,1663.7,34.360, 2.378, 1.15, 91.3,0.363,1487.2,27.418,27.428
001181091510,2007,157,00:58:30,1675.5, 2.505,3.14278,1.0695, 0.00,,4.4980,35.163888,-123.008155,1656.7,34.355, 2.390, 1.14, 91.3,0.363,1487.1,27.414,27.424
001181091525,2007,157,00:58:45,1668.2, 2.513,3.14304,1.0676, 0.00,,4.4983,35.163880,-123.008158,1649.5,34.354, 2.397, 1.14, 91.3,0.363,1487.0,27.413,27.422
001181091540,2007,157,00:59:00,1661.0, 2.527,3.14372,1.0654, 0.00,,4.4984,35.163882,-123.008148,1642.5,34.351, 2.412, 1.13, 91.3,0.362,1487.0,27.408,27.418
001181091555,2007,157,00:59:15,1654.4, 2.533,3.14421,1.0639, 0.00,,4.4981,35.163896,-123.008130,1635.9,34.354, 2.418, 1.12, 91.3,0.363,1486.9,27.411,27.421
001181091570,2007,157,00:59:30,1647.5, 2.544,3.14519,1.0614, 0.00,,4.4980,35.163912,-123.008135,1629.1,34.358, 2.430, 1.12, 91.3,0.363,1486.8,27.412,27.422
001181091585,2007,157,00:59:45,1640.9, 2.560,3.14626,1.0576, 0.00,,4.4983,35.163935,-123.008146,1622.6,34.358, 2.446, 1.10, 91.3,0.363,1486.8,27.411,27.421
001181091600,2007,157,01:00:00,1633.6, 2.575,3.14710,1.0555, 0.00,,4.4985,35.163941,-123.008161,1615.5,34.355, 2.461, 1.10, 91.3,0.362,1486.7,27.408,27.418
001181091615,2007,157,01:00:15,1626.3, 2.588,3.14734,1.0539, 0.00,,4.4986,35.163914,-123.008161,1608.3,34.348, 2.475, 1.09, 91.3,0.362,1486.6,27.401,27.411
001181091630,2007,157,01:00:30,1619.2, 2.596,3.14777,1.0519, 0.00,,4.4989,35.163911,-123.008158,1601.3,34.348, 2.484, 1.09, 91.3,0.362,1486.6,27.400,27.410
001181091645,2007,157,01:00:45,1612.6, 2.610,3.14831,1.0492, 0.00,,4.4990,35.163932,-123.008152,1594.8,34.343, 2.499, 1.08, 91.4,0.362,1486.5,27.395,27.405
001181091660,2007,157,01:01:00,1605.5, 2.624,3.14928,1.0473, 0.00,,4.4990,35.163940,-123.008158,1587.7,34.344, 2.513, 1.07, 91.3,0.362,1486.5,27.394,27.404
001181091675,2007,157,01:01:15,1598.0, 2.643,3.15014,1.0472, 0.00,,4.4990,35.163941,-123.008161,1580.4,34.338, 2.532, 1.07, 91.3,0.362,1486.4,27.388,27.398
001181091690,2007,157,01:01:30,1590.4, 2.660,3.15129,1.0472, 0.00,,4.4991,35.163940,-123.008161,1572.9,34.337, 2.550, 1.07, 91.4,0.362,1486.3,27.386,27.396
001181091705,2007,157,01:01:45,1583.0, 2.668,3.15213,1.0467, 0.00,,4.4989,35.163957,-123.008158,1565.6,34.343, 2.558, 1.06, 91.3,0.362,1486.3,27.390,27.400
001181091720,2007,157,01:02:00,1575.6, 2.682,3.15279,1.0451, 0.00,,4.4990,35.163971,-123.008161,1558.3,34.340, 2.572, 1.06, 91.4,0.362,1486.2,27.387,27.396
001181091735,2007,157,01:02:15,1568.3, 2.703,3.15388,1.0440, 0.00,,4.4988,35.163972,-123.008155,1551.1,34.335, 2.594, 1.05, 91.3,0.362,1486.2,27.381,27.390
001181091750,2007,157,01:02:30,1561.2, 2.719,3.15510,1.0426, 0.00,,4.4991,35.163971,-123.008157,1544.2,34.337, 2.610, 1.05, 91.4,0.362,1486.1,27.381,27.390
001181091765,2007,157,01:02:45,1554.3, 2.733,3.15579,1.0416, 0.00,,4.4989,35.163972,-123.008104,1537.3,34.333, 2.625, 1.04, 91.3,0.362,1486.1,27.376,27.386
001181091780,2007,157,01:03:00,1547.3, 2.750,3.15697,1.0401, 0.00,,4.4990,35.163972,-123.008120,1530.4,34.333, 2.642, 1.04, 91.3,0.362,1486.0,27.375,27.385
001181091795,2007,157,01:03:15,1541.4, 2.761,3.15821,1.0376, 0.00,,4.4992,35.163999,-123.008091,1524.6,34.340, 2.653, 1.03, 91.4,0.362,1486.0,27.379,27.389
001181091810,2007,157,01:03:30,1535.1, 2.782,3.15913,1.0358, 0.00,,4.4989,35.164002,-123.008088,1518.4,34.332, 2.674, 1.03, 91.3,0.362,1485.9,27.371,27.381
001181091825,2007,157,01:03:45,1528.2, 2.794,3.16005,1.0322, 0.00,,4.4988,35.164003,-123.008091,1511.6,34.333, 2.687, 1.02, 91.3,0.362,1485.9,27.371,27.381
001181091840,2007,157,01:04:00,1521.4, 2.791,3.16053,1.0284, 0.00,,4.4985,35.164002,-123.008100,1504.9,34.346, 2.684, 1.00, 91.3,0.362,1485.8,27.382,27.391
001181091855,2007,157,01:04:15,1514.6, 2.804,3.16053,1.0221, 0.00,,4.4986,35.164003,-123.008089,1498.2,34.336, 2.698, 0.99, 91.3,0.362,1485.7,27.372,27.382
001181091870,2007,157,01:04:30,1507.3, 2.810,3.16064,1.0197, 0.00,,4.4983,35.164001,-123.008094,1491.0,34.334, 2.705, 0.98, 91.3,0.363,1485.6,27.371,27.380
001181091885,2007,157,01:04:45,1500.0, 2.819,3.16111,1.0151, 0.00,,4.4983,35.164023,-123.008087,1483.8,34.335, 2.714, 0.97, 91.3,0.363,1485.5,27.370,27.379
001181091900,2007,157,01:05:00,1492.5, 2.838,3.16212,1.0107, 0.00,,4.4984,35.164033,-123.008097,1476.4,34.330, 2.734, 0.95, 91.3,0.362,1485.5,27.365,27.374
001181091915,2007,157,01:05:15,1485.5, 2.843,3.16254,1.0086, 0.00,,4.4983,35.164032,-123.008082,1469.5,34.334, 2.738, 0.95, 91.3,0.363,1485.4,27.368,27.377
001181091930,2007,157,01:05:30,1477.5, 2.864,3.16383,1.0048, 0.00,,4.4982,35.164033,-123.008076,1461.7,34.332, 2.760, 0.94, 91.3,0.363,1485.3,27.364,27.373
001181091945,2007,157,01:05:45,1469.9, 2.874,3.16469,1.0018, 0.00,,4.4982,35.164034,-123.008096,1454.1,34.335, 2.771, 0.93, 91.3,0.363,1485.3,27.366,27.375
001181091960,2007,157,01:06:00,1462.3, 2.891,3.16520,0.9992, 0.00,,4.4981,35.164063,-123.008084,1446.6,34.327, 2.788, 0.92, 91.3,0.363,1485.2,27.357,27.366
001181091975,2007,157,01:06:15,1454.3, 2.922,3.16697,1.0009, 0.00,,4.4986,35.164063,-123.008045,1438.8,34.319, 2.820, 0.92, 91.3,0.362,1485.2,27.349,27.358
001181091990,2007,157,01:06:30,1446.5, 2.938,3.16763,1.0022, 0.00,,4.4988,35.164063,-123.008018,1431.0,34.314, 2.836, 0.92, 91.3,0.362,1485.1,27.343,27.352
001181092005,2007,157,01:06:45,1439.5, 2.949,3.16947,1.0021, 0.00,,4.4989,35.164062,-123.008018,1424.2,34.329, 2.847, 0.92, 91.3,0.362,1485.1,27.354,27.363
001181092020,2007,157,01:07:00,1431.4, 2.966,3.17052,1.0008, 0.00,,4.4988,35.164062,-123.008023,1416.2,34.328, 2.865, 0.92, 91.3,0.362,1485.0,27.351,27.361
001181092035,2007,157,01:07:15,1423.0, 2.983,3.17146,0.9982, 0.00,,4.4985,35.164062,-123.008013,1407.9,34.325, 2.882, 0.91, 91.3,0.362,1484.9,27.348,27.357
001181092050,2007,157,01:07:30,1415.3, 2.993,3.17184,0.9963, 0.00,,4.4986,35.164064,-123.008045,1400.3,34.324, 2.893, 0.90, 91.3,0.362,1484.8,27.346,27.355
001181092065,2007,157,01:07:45,1408.7, 3.007,3.17267,0.9951, 0.00,,4.4987,35.164039,-123.008029,1393.8,34.321, 2.908, 0.90, 91.3,0.362,1484.8,27.343,27.352
001181092080,2007,157,01:08:00,1401.6, 3.030,3.17499,0.9912, 0.00,,4.4984,35.164032,-123.008031,1386.8,34.329, 2.931, 0.89, 91.3,0.362,1484.8,27.347,27.356
001181092095,2007,157,01:08:15,1394.6, 3.043,3.17575,0.9896, 0.00,,4.4985,35.164032,-123.008075,1379.8,34.328, 2.944, 0.88, 91.3,0.362,1484.7,27.345,27.354
001181092110,2007,157,01:08:30,1387.0, 3.057,3.17635,0.9862, 0.00,,4.4984,35.164032,-123.008073,1372.4,34.324, 2.959, 0.87, 91.3,0.362,1484.6,27.340,27.349
001181092125,2007,157,01:08:45,1379.3, 3.069,3.17706,0.9837, 0.00,,4.4984,35.164041,-123.008123,1364.8,34.324, 2.971, 0.86, 91.3,0.362,1484.6,27.340,27.349
001181092140,2007,157,01:09:00,1371.8, 3.083,3.17762,0.9817, 0.00,,4.4984,35.164066,-123.008120,1357.4,34.320, 2.986, 0.86, 91.3,0.362,1484.5,27.334,27.343
001181092155,2007,157,01:09:15,1365.3, 3.090,3.17811,0.9796, 0.00,,4.4983,35.164066,-123.008083,1351.0,34.322, 2.993, 0.85, 91.3,0.362,1484.4,27.336,27.345
001181092170,2007,157,01:09:30,1357.7, 3.105,3.17878,0.9779, 0.00,,4.4981,35.164065,-123.008083,1343.5,34.318, 3.008, 0.85, 91.3,0.363,1484.3,27.331,27.340
001181092185,2007,157,01:09:45,1349.8, 3.113,3.17947,0.9735, 0.00,,4.4982,35.164063,-123.008144,1335.7,34.321, 3.017, 0.83, 91.3,0.363,1484.3,27.333,27.342
001181092200,2007,157,01:10:00,1342.0, 3.133,3.18013,0.9693, 0.00,,4.4980,35.164063,-123.008143,1328.0,34.313, 3.037, 0.82, 91.3,0.363,1484.2,27.325,27.333
001181092215,2007,157,01:10:15,1334.5, 3.151,3.18129,0.9662, 0.00,,4.4979,35.164065,-123.008143,1320.6,34.312, 3.056, 0.81, 91.3,0.363,1484.1,27.322,27.331
001181092230,2007,157,01:10:30,1327.1, 3.158,3.18154,0.9614, 0.00,,4.4981,35.164066,-123.008136,1313.3,34.311, 3.063, 0.80, 91.3,0.363,1484.1,27.321,27.330
001181092245,2007,157,01:10:45,1320.2, 3.158,3.18142,0.9581, 0.00,,4.4982,35.164067,-123.008108,1306.5,34.313, 3.064, 0.79, 91.3,0.363,1483.9,27.322,27.331
001181092260,2007,157,01:11:00,1313.3, 3.162,3.18144,0.9529, 0.00,,4.4980,35.164065,-123.008080,1299.6,34.313, 3.068, 0.78, 91.3,0.363,1483.8,27.322,27.330
001181092275,2007,157,01:11:15,1306.1, 3.172,3.18153,0.9492, 0.00,,4.4982,35.164063,-123.008088,1292.6,34.307, 3.079, 0.77, 91.3,0.363,1483.8,27.316,27.325
001181092290,2007,157,01:11:30,1299.0, 3.179,3.18167,0.9430, 0.00,,4.4982,35.164063,-123.008080,1285.6,34.304, 3.087, 0.75, 91.3,0.363,1483.7,27.313,27.322
001181092305,2007,157,01:11:45,1292.0, 3.192,3.18212,0.9410, 0.00,,4.4983,35.164044,-123.008055,1278.7,34.300, 3.100, 0.74, 91.3,0.363,1483.6,27.309,27.317
001181092320,2007,157,01:12:00,1285.1, 3.202,3.18245,0.9376, 0.00,,4.4982,35.164040,-123.008011,1271.8,34.296, 3.111, 0.74, 91.3,0.363,1483.5,27.305,27.313
001181092335,2007,157,01:12:15,1278.2, 3.213,3.18297,0.9332, 0.00,,4.4982,35.164032,-123.008013,1265.0,34.295, 3.122, 0.72, 91.3,0.363,1483.5,27.302,27.311
001181092350,2007,157,01:12:30,1271.3, 3.220,3.18337,0.9290, 0.00,,4.4969,35.164032,-123.008010,1258.3,34.295, 3.130, 0.71, 91.3,0.364,1483.4,27.302,27.311
001181092365,2007,157,01:12:45,1264.6, 3.233,3.18418,0.9256, 0.00,,4.4979,35.164026,-123.008011,1251.7,34.295, 3.143, 0.70, 91.3,0.363,1483.3,27.301,27.310
001181092380,2007,157,01:13:00,1257.7, 3.245,3.18461,0.9222, 0.00,,4.4980,35.164003,-123.007950,1244.8,34.291, 3.155, 0.69, 91.3,0.363,1483.2,27.297,27.305
001181092395,2007,157,01:13:15,1250.8, 3.260,3.18479,0.9204, 0.00,,4.4979,35.164001,-123.007953,1238.0,34.282, 3.170, 0.69, 91.3,0.363,1483.2,27.288,27.296
001181092410,2007,157,01:13:30,1244.1, 3.270,3.18575,0.9192, 0.00,,4.4979,35.164001,-123.007949,1231.4,34.286, 3.181, 0.68, 91.3,0.363,1483.1,27.290,27.299
001181092425,2007,157,01:13:45,1238.3, 3.292,3.18725,0.9159, 0.00,,4.4965,35.164001,-123.007951,1225.7,34.284, 3.203, 0.68, 91.3,0.364,1483.1,27.286,27.295
001181092440,2007,157,01:14:00,1231.7, 3.302,3.18870,0.9141, 0.00,,4.4980,35.163997,-123.007966,1219.1,34.294, 3.214, 0.67, 91.3,0.363,1483.1,27.293,27.302
001181092455,2007,157,01:14:15,1226.7, 3.315,3.18963,0.9126, 0.00,,4.4980,35.163971,-123.007927,1214.3,34.294, 3.227, 0.67, 91.3,0.363,1483.0,27.292,27.301
001181092470,2007,157,01:14:30,1220.9, 3.322,3.19018,0.9112, 0.00,,4.4979,35.163973,-123.007900,1208.6,34.296, 3.234, 0.66, 91.3,0.363,1483.0,27.294,27.302
001181092485,2007,157,01:14:45,1214.4, 3.330,3.19023,0.9101, 0.00,,4.4979,35.164002,-123.007926,1202.1,34.292, 3.243, 0.66, 91.3,0.363,1482.9,27.289,27.297
001181092500,2007,157,01:15:00,1207.7, 3.342,3.19084,0.9077, 0.00,,4.4979,35.164001,-123.007955,1195.5,34.289, 3.256, 0.65, 91.3,0.363,1482.8,27.286,27.294
001181092515,2007,157,01:15:15,1201.0, 3.360,3.19173,0.9055, 0.00,,4.4975,35.164001,-123.007962,1188.8,34.285, 3.273, 0.65, 91.3,0.363,1482.8,27.281,27.289
001181092530,2007,157,01:15:30,1193.7, 3.400,3.19417,0.9067, 0.00,,4.4974,35.164001,-123.007964,1181.7,34.276, 3.314, 0.65, 91.3,0.363,1482.8,27.270,27.279
001181092545,2007,157,01:15:45,1186.7, 3.439,3.19726,0.9116, 0.00,,4.4966,35.164001,-123.007956,1174.8,34.275, 3.354, 0.66, 91.3,0.364,1482.9,27.266,27.274
001181092560,2007,157,01:16:00,1179.8, 3.439,3.19810,0.9087, 0.00,,4.4977,35.164001,-123.007964,1168.0,34.289, 3.354, 0.65, 91.3,0.363,1482.8,27.277,27.285
001181092575,2007,157,01:16:15,1172.6, 3.456,3.19872,0.9036, 0.00,,4.4977,35.164001,-123.008007,1160.9,34.282, 3.372, 0.64, 91.3,0.363,1482.7,27.269,27.277
001181092590,2007,157,01:16:30,1165.5, 3.472,3.19952,0.9007, 0.00,,4.4978,35.164015,-123.008019,1153.8,34.279, 3.387, 0.63, 91.3,0.363,1482.7,27.265,27.274
001181092605,2007,157,01:16:45,1158.4, 3.494,3.20013,0.8995, 0.00,,4.4976,35.164026,-123.008035,1146.9,34.267, 3.409, 0.62, 91.3,0.363,1482.6,27.254,27.262
001181092620,2007,157,01:17:00,1151.3, 3.511,3.20158,0.8983, 0.00,,4.4974,35.164032,-123.008084,1139.8,34.270, 3.427, 0.62, 91.3,0.363,1482.6,27.254,27.263
001181092635,2007,157,01:17:15,1144.0, 3.523,3.20288,0.8956, 0.00,,4.4974,35.164032,-123.008092,1132.6,34.277, 3.440, 0.61, 91.3,0.363,1482.5,27.259,27.267
001181092650,2007,157,01:17:30,1136.9, 3.534,3.20396,0.8927, 0.00,,4.4971,35.164032,-123.008138,1125.6,34.282, 3.451, 0.61, 91.3,0.364,1482.5,27.261,27.269
001181092665,2007,157,01:17:45,1131.0, 3.548,3.20483,0.8872, 0.00,,4.4970,35.164033,-123.008202,1119.8,34.280, 3.466, 0.59, 91.3,0.364,1482.4,27.259,27.267
001181092680,2007,157,01:18:00,1125.2, 3.568,3.20584,0.8855, 0.00,,4.4973,35.164032,-123.008206,1114.0,34.274, 3.486, 0.59, 91.3,0.363,1482.4,27.252,27.260
001181092695,2007,157,01:18:15,1119.0, 3.591,3.20706,0.8834, 0.00,,4.4968,35.164033,-123.008210,1107.9,34.268, 3.510, 0.58, 91.3,0.364,1482.4,27.245,27.253
001181092710,2007,157,01:18:30,1111.3, 3.601,3.20783,0.8782, 0.00,,4.4968,35.164032,-123.008207,1100.3,34.271, 3.520, 0.57, 91.3,0.364,1482.3,27.246,27.254
001181092725,2007,157,01:18:45,1103.8, 3.630,3.20891,0.8747, 0.00,,4.4970,35.164032,-123.008256,1092.9,34.257, 3.550, 0.56, 91.3,0.364,1482.3,27.232,27.240
001181092740,2007,157,01:19:00,1096.1, 3.653,3.21109,0.8723, 0.00,,4.4968,35.164033,-123.008277,1085.3,34.262, 3.573, 0.55, 91.3,0.364,1482.3,27.235,27.242
001181092755,2007,157,01:19:15,1090.1, 3.687,3.21473,0.8716, 0.00,,4.4967,35.164036,-123.008254,1079.4,34.274, 3.607, 0.55, 91.3,0.364,1482.3,27.240,27.248
001181092770,2007,157,01:19:30,1084.1, 3.686,3.21408,0.8667, 0.00,,4.4963,35.164034,-123.008214,1073.4,34.271, 3.606, 0.54, 91.3,0.364,1482.2,27.238,27.246
001181092785,2007,157,01:19:45,1076.1, 3.701,3.21441,0.8625, 0.00,,4.4965,35.164033,-123.008213,1065.6,34.262, 3.622, 0.53, 91.3,0.364,1482.1,27.229,27.237
001181092800,2007,157,01:20:00,1068.0, 3.719,3.21557,0.8596, 0.00,,4.4963,35.164032,-123.008222,1057.5,34.262, 3.640, 0.52, 91.3,0.364,1482.1,27.227,27.235
001181092815,2007,157,01:20:15,1060.0, 3.730,3.21618,0.8558, 0.00,,4.4962,35.164033,-123.008213,1049.7,34.261, 3.652, 0.51, 91.3,0.364,1482.0,27.226,27.234
001181092830,2007,157,01:20:30,1052.5, 3.741,3.21640,0.8489, 0.00,,4.4957,35.164033,-123.008210,1042.2,34.256, 3.664, 0.49, 91.3,0.365,1481.9,27.221,27.228
001181092845,2007,157,01:20:45,1045.3, 3.763,3.21668,0.8452, 0.00,,4.4960,35.164006,-123.008218,1035.1,34.240, 3.686, 0.48, 91.3,0.365,1481.8,27.206,27.214
001181092860,2007,157,01:21:00,1038.3, 3.792,3.21846,0.8419, 0.00,,4.4957,35.164002,-123.008216,1028.2,34.234, 3.716, 0.47, 91.3,0.365,1481.8,27.198,27.206
001181092875,2007,157,01:21:15,1031.2, 3.801,3.21922,0.8364, 0.00,,4.4956,35.164015,-123.008195,1021.2,34.238, 3.725, 0.46, 91.3,0.365,1481.8,27.200,27.208
001181092890,2007,157,01:21:30,1024.1, 3.807,3.21963,0.8319, 0.00,,4.4953,35.164002,-123.008117,1014.2,34.241, 3.731, 0.45, 91.3,0.365,1481.7,27.202,27.209
001181092905,2007,157,01:21:45,1017.0, 3.823,3.22023,0.8282, 0.00,,4.4952,35.164003,-123.008091,1007.1,34.235, 3.747, 0.44, 91.3,0.365,1481.6,27.195,27.203
001181092920,2007,157,01:22:00,1009.8, 3.838,3.22078,0.8251, 0.00,,4.4953,35.164002,-123.008094,1000.1,34.229, 3.763, 0.43, 91.3,0.365,1481.6,27.190,27.197
001181092935,2007,157,01:22:15,1002.5, 3.860,3.22205,0.8226, 0.00,,4.4952,35.164002,-123.008091, 992.9,34.225, 3.785, 0.42, 91.3,0.365,1481.5,27.184,27.192
001181092950,2007,157,01:22:30, 995.6, 3.885,3.22382,0.8198, 0.00,,4.4950,35.164002,-123.008100, 986.0,34.224, 3.811, 0.42, 91.3,0.366,1481.5,27.180,27.188
001181092965,2007,157,01:22:45, 988.3, 3.898,3.22463,0.8180, 0.00,,4.4952,35.164001,-123.008100, 978.9,34.223, 3.825, 0.41, 91.3,0.365,1481.4,27.178,27.186
001181092980,2007,157,01:23:00, 980.9, 3.911,3.22570,0.8163, 0.00,,4.4950,35.164003,-123.008024, 971.5,34.226, 3.838, 0.41, 91.3,0.366,1481.4,27.180,27.187
001181092995,2007,157,01:23:15, 973.6, 3.932,3.22685,0.8141, 0.00,,4.4951,35.164002,-123.008030, 964.2,34.221, 3.859, 0.40, 91.3,0.365,1481.3,27.174,27.181
001181093010,2007,157,01:23:30, 966.2, 3.946,3.22779,0.8112, 0.00,,4.4948,35.164003,-123.008024, 957.0,34.221, 3.874, 0.39, 91.3,0.366,1481.3,27.172,27.180
001181093025,2007,157,01:23:45, 958.8, 3.961,3.22889,0.8090, 0.00,,4.4946,35.164001,-123.008033, 949.6,34.223, 3.889, 0.39, 91.3,0.366,1481.2,27.172,27.180
001181093040,2007,157,01:24:00, 951.6, 3.977,3.22961,0.8065, 0.00,,4.4946,35.164002,-123.007972, 942.6,34.218, 3.906, 0.38, 91.3,0.366,1481.2,27.167,27.174
001181093055,2007,157,01:24:15, 944.6, 3.991,3.23074,0.8042, 0.00,,4.4948,35.163978,-123.007989, 935.6,34.221, 3.921, 0.38, 91.3,0.366,1481.1,27.167,27.174
001181093070,2007,157,01:24:30, 937.3, 4.004,3.23140,0.8018, 0.00,,4.4945,35.163983,-123.008000, 928.4,34.219, 3.934, 0.37, 91.3,0.366,1481.0,27.164,27.172
001181093085,2007,157,01:24:45, 930.1, 4.037,3.23349,0.7983, 0.00,,4.4947,35.163949,-123.007905, 921.3,34.213, 3.967, 0.36, 91.3,0.366,1481.0,27.157,27.164
001181093100,2007,157,01:25:00, 923.1, 4.063,3.23480,0.7944, 0.00,,4.4944,35.163941,-123.007905, 914.4,34.205, 3.994, 0.35, 91.3,0.366,1481.0,27.147,27.155
001181093115,2007,157,01:25:15, 916.9, 4.091,3.23800,0.7904, 0.00,,4.4935,35.163941,-123.007899, 908.3,34.217, 4.022, 0.34, 91.2,0.367,1481.1,27.154,27.161
001181093130,2007,157,01:25:30, 911.2, 4.104,3.23872,0.7876, 0.00,,4.4937,35.163940,-123.007914, 902.6,34.214, 4.035, 0.33, 91.2,0.367,1481.0,27.151,27.158
001181093145,2007,157,01:25:45, 904.6, 4.112,3.23912,0.7868, 0.00,,4.4944,35.163927,-123.007907, 896.1,34.215, 4.043, 0.33, 91.3,0.366,1480.9,27.150,27.157
001181093160,2007,157,01:26:00, 896.8, 4.117,3.23920,0.7852, 0.00,,4.4944,35.163849,-123.007905, 888.4,34.214, 4.050, 0.33, 91.3,0.366,1480.8,27.149,27.156
001181093175,2007,157,01:26:15, 888.6, 4.143,3.23987,0.7828, 0.00,,4.4946,35.163849,-123.007905, 880.3,34.199, 4.076, 0.32, 91.3,0.366,1480.8,27.135,27.142
001181093190,2007,157,01:26:30, 880.3, 4.168,3.24130,0.7797, 0.00,,4.4938,35.163849,-123.007917, 872.0,34.194, 4.102, 0.31, 91.2,0.367,1480.7,27.128,27.135
001181093205,2007,157,01:26:45, 871.9, 4.176,3.24184,0.7758, 0.00,,4.4934,35.163849,-123.007914, 863.7,34.197, 4.110, 0.30, 91.2,0.367,1480.6,27.129,27.136
001181093220,2007,157,01:27:00, 863.5, 4.189,3.24245,0.7727, 0.00,,4.4940,35.163849,-123.007914, 855.5,34.195, 4.124, 0.30, 91.2,0.366,1480.6,27.126,27.133
001181093235,2007,157,01:27:15, 855.4, 4.208,3.24310,0.7696, 0.00,,4.4942,35.163835,-123.007911, 847.5,34.186, 4.144, 0.29, 91.2,0.366,1480.5,27.117,27.124
001181093250,2007,157,01:27:30, 848.4, 4.225,3.24420,0.7673, 0.00,,4.4946,35.163818,-123.007904, 840.5,34.186, 4.160, 0.28, 91.3,0.366,1480.4,27.115,27.122
001181093265,2007,157,01:27:45, 842.3, 4.244,3.24588,0.7642, 0.00,,4.4946,35.163819,-123.007905, 834.5,34.189, 4.180, 0.28, 91.3,0.366,1480.4,27.116,27.122
001181093280,2007,157,01:28:00, 835.4, 4.251,3.24537,0.7597, 0.00,,4.4947,35.163819,-123.007920, 827.6,34.179, 4.187, 0.26, 91.3,0.366,1480.3,27.107,27.114
001181093295,2007,157,01:28:15, 828.2, 4.268,3.24602,0.7571, 0.00,,4.4943,35.163818,-123.007917, 820.5,34.173, 4.205, 0.26, 91.3,0.366,1480.3,27.100,27.107
001181093310,2007,157,01:28:30, 821.1, 4.284,3.24665,0.7551, 0.00,,4.4949,35.163829,-123.007911, 813.5,34.167, 4.222, 0.25, 91.3,0.366,1480.2,27.094,27.101
001181093325,2007,157,01:28:45, 813.9, 4.317,3.24789,0.7536, 0.00,,4.4949,35.163849,-123.007914, 806.4,34.152, 4.255, 0.25, 91.3,0.366,1480.2,27.078,27.085
001181093340,2007,157,01:29:00, 806.6, 4.331,3.24928,0.7517, 0.00,,4.4951,35.163861,-123.007917, 799.2,34.157, 4.270, 0.24, 91.3,0.365,1480.2,27.081,27.087
001181093355,2007,157,01:29:15, 800.9, 4.356,3.25019,0.7510, 0.00,,4.4948,35.163860,-123.007910, 793.6,34.145, 4.295, 0.24, 91.3,0.366,1480.2,27.069,27.075
001181093370,2007,157,01:29:30, 794.1, 4.388,3.25139,0.7499, 0.00,,4.4946,35.163859,-123.007914, 786.8,34.129, 4.327, 0.24, 91.3,0.366,1480.2,27.053,27.059
001181093385,2007,157,01:29:45, 786.3, 4.428,3.25455,0.7486, 0.00,,4.4948,35.163849,-123.007917, 779.1,34.129, 4.367, 0.24, 91.3,0.366,1480.2,27.049,27.055
001181093400,2007,157,01:30:00, 778.6, 4.444,3.25636,0.7463, 0.00,,4.4950,35.163851,-123.007899, 771.5,34.138, 4.384, 0.23, 91.3,0.366,1480.1,27.054,27.060
001181093415,2007,157,01:30:15, 771.1, 4.459,3.25729,0.7454, 0.00,,4.4941,35.163851,-123.007911, 764.1,34.137, 4.400, 0.23, 91.2,0.366,1480.1,27.051,27.057
001181093430,2007,157,01:30:30, 763.9, 4.470,3.25732,0.7448, 0.00,,4.4950,35.163855,-123.007881, 757.0,34.129, 4.412, 0.23, 91.3,0.366,1480.0,27.044,27.050
001181093445,2007,157,01:30:45, 759.1, 4.482,3.25833,0.7444, 0.00,,4.4952,35.163856,-123.007877, 752.2,34.132, 4.423, 0.23, 91.3,0.365,1480.0,27.045,27.051
001181093460,2007,157,01:31:00, 754.5, 4.503,3.25908,0.7444, 0.00,,4.4950,35.163849,-123.007913, 747.7,34.121, 4.445, 0.23, 91.3,0.366,1480.0,27.034,27.040
001181093475,2007,157,01:31:15, 747.7, 4.543,3.26091,0.7441, 0.00,,4.4947,35.163832,-123.007856, 741.0,34.104, 4.485, 0.22, 91.3,0.366,1480.0,27.016,27.023
001181093490,2007,157,01:31:30, 740.2, 4.564,3.26279,0.7439, 0.00,,4.4946,35.163832,-123.007846, 733.6,34.109, 4.507, 0.22, 91.3,0.366,1480.0,27.018,27.024
001181093505,2007,157,01:31:45, 733.4, 4.568,3.26354,0.7440, 0.00,,4.4945,35.163849,-123.007846, 726.8,34.116, 4.512, 0.22, 91.3,0.366,1479.9,27.023,27.029
001181093520,2007,157,01:32:00, 728.4, 4.582,3.26456,0.7445, 0.00,,4.4933,35.163818,-123.007846, 721.9,34.117, 4.525, 0.22, 91.2,0.367,1479.9,27.022,27.028
001181093535,2007,157,01:32:15, 721.8, 4.597,3.26526,0.7442, 0.00,,4.4946,35.163819,-123.007850, 715.3,34.113, 4.541, 0.22, 91.3,0.366,1479.8,27.017,27.023
001181093550,2007,157,01:32:30, 714.6, 4.613,3.26627,0.7445, 0.00,,4.4950,35.163819,-123.007842, 708.2,34.112, 4.557, 0.22, 91.3,0.366,1479.7,27.015,27.021
001181093565,2007,157,01:32:45, 707.5, 4.658,3.26746,0.7450, 0.00,,4.4945,35.163809,-123.007853, 701.2,34.084, 4.603, 0.23, 91.3,0.366,1479.8,26.987,26.993
001181093580,2007,157,01:33:00, 700.2, 4.715,3.27095,0.7454, 0.00,,4.4939,35.163815,-123.007840, 694.0,34.069, 4.660, 0.23, 91.2,0.367,1479.9,26.969,26.975
001181093595,2007,157,01:33:15, 693.0, 4.755,3.27413,0.7452, 0.00,,4.4934,35.163820,-123.007801, 686.9,34.069, 4.700, 0.22, 91.2,0.367,1479.9,26.965,26.971
001181093610,2007,157,01:33:30, 685.8, 4.786,3.27714,0.7455, 0.00,,4.4935,35.163819,-123.007822, 679.7,34.075, 4.732, 0.22, 91.2,0.367,1479.9,26.967,26.973
001181093625,2007,157,01:33:45, 678.7, 4.827,3.28073,0.7463, 0.00,,4.4934,35.163818,-123.007795, 672.7,34.079, 4.773, 0.23, 91.2,0.367,1480.0,26.965,26.971
001181093640,2007,157,01:34:00, 671.9, 4.844,3.28183,0.7473, 0.00,,4.4934,35.163819,-123.007792, 666.0,34.077, 4.791, 0.23, 91.2,0.367,1479.9,26.962,26.968
001181093655,2007,157,01:34:15, 666.4, 4.892,3.28636,0.7490, 0.00,,4.4936,35.163819,-123.007786, 660.5,34.083, 4.839, 0.23, 91.2,0.367,1480.1,26.961,26.967
001181093670,2007,157,01:34:30, 660.2, 4.931,3.28905,0.7509, 0.00,,4.4933,35.163818,-123.007798, 654.4,34.078, 4.879, 0.24, 91.2,0.367,1480.1,26.952,26.958
001181093685,2007,157,01:34:45, 653.8, 4.971,3.29024,0.7515, 0.00,,4.4927,35.163819,-123.007789, 648.0,34.054, 4.919, 0.24, 91.2,0.368,1480.1,26.929,26.935
001181093700,2007,157,01:35:00, 647.2, 5.001,3.29381,0.7521, 0.00,,4.4927,35.163819,-123.007795, 641.6,34.068, 4.949, 0.24, 91.2,0.368,1480.2,26.936,26.942
001181093715,2007,157,01:35:15, 640.7, 5.015,3.29532,0.7540, 0.00,,4.4927,35.163818,-123.007828, 635.1,34.074, 4.964, 0.24, 91.2,0.368,1480.1,26.940,26.946
001181093730,2007,157,01:35:30, 634.2, 5.069,3.29747,0.7569, 0.00,,4.4923,35.163819,-123.007843, 628.6,34.048, 5.018, 0.25, 91.2,0.368,1480.2,26.912,26.918
001181093745,2007,157,01:35:45, 627.6, 5.091,3.29881,0.7575, 0.00,,4.4920,35.163789,-123.007847, 622.1,34.044, 5.040, 0.25, 91.2,0.368,1480.2,26.907,26.913
001181093760,2007,157,01:36:00, 621.1, 5.122,3.30095,0.7585, 0.00,,4.4920,35.163790,-123.007837, 615.7,34.040, 5.072, 0.25, 91.2,0.368,1480.2,26.900,26.906
001181093775,2007,157,01:36:15, 614.7, 5.156,3.30303,0.7605, 0.00,,4.4918,35.163788,-123.007843, 609.3,34.032, 5.106, 0.25, 91.2,0.368,1480.2,26.890,26.896
001181093790,2007,157,01:36:30, 608.0, 5.182,3.30582,0.7627, 0.00,,4.4918,35.163815,-123.007844, 602.7,34.041, 5.133, 0.26, 91.2,0.368,1480.2,26.894,26.900
001181093805,2007,157,01:36:45, 601.3, 5.191,3.30718,0.7661, 0.00,,4.4916,35.163811,-123.007850, 596.1,34.052, 5.142, 0.27, 91.2,0.369,1480.2,26.901,26.907
001181093820,2007,157,01:37:00, 594.5, 5.226,3.30832,0.7688, 0.00,,4.4916,35.163804,-123.007870, 589.3,34.032, 5.178, 0.27, 91.2,0.369,1480.2,26.882,26.888
001181093835,2007,157,01:37:15, 587.8, 5.259,3.31047,0.7732, 0.00,,4.4913,35.163789,-123.007898, 582.7,34.027, 5.211, 0.28, 91.2,0.369,1480.2,26.874,26.880
001181093850,2007,157,01:37:30, 581.3, 5.284,3.31129,0.7787, 0.00,,4.4908,35.163788,-123.007892, 576.3,34.014, 5.237, 0.29, 91.2,0.369,1480.2,26.861,26.866
001181093865,2007,157,01:37:45, 574.7, 5.318,3.31372,0.7852, 0.00,,4.4912,35.163788,-123.007895, 569.8,34.011, 5.271, 0.31, 91.2,0.369,1480.2,26.855,26.860
001181093880,2007,157,01:38:00, 568.1, 5.344,3.31522,0.7912, 0.00,,4.4904,35.163788,-123.007898, 563.2,34.005, 5.297, 0.32, 91.2,0.370,1480.2,26.847,26.852
001181093895,2007,157,01:38:15, 562.3, 5.366,3.31808,0.7985, 0.00,,4.4909,35.163788,-123.007899, 557.5,34.018, 5.320, 0.33, 91.2,0.369,1480.2,26.854,26.860
001181093910,2007,157,01:38:30, 555.9, 5.414,3.32165,0.8086, 0.00,,4.4907,35.163788,-123.007978, 551.2,34.013, 5.368, 0.35, 91.2,0.369,1480.3,26.845,26.850
001181093925,2007,157,01:38:45, 549.7, 5.434,3.32270,0.8156, 0.00,,4.4906,35.163805,-123.007966, 545.0,34.008, 5.389, 0.37, 91.2,0.369,1480.2,26.838,26.844
001181093940,2007,157,01:39:00, 543.3, 5.458,3.32403,0.8194, 0.00,,4.4905,35.163804,-123.007950, 538.6,34.002, 5.413, 0.38, 91.2,0.370,1480.2,26.831,26.836
001181093955,2007,157,01:39:15, 536.8, 5.485,3.32525,0.8245, 0.00,,4.4902,35.163788,-123.008013, 532.2,33.993, 5.440, 0.39, 91.2,0.370,1480.2,26.820,26.825
001181093970,2007,157,01:39:30, 530.4, 5.548,3.32705,0.8324, 0.00,,4.4899,35.163788,-123.008012, 525.9,33.953, 5.503, 0.40, 91.2,0.370,1480.3,26.781,26.786
001181093985,2007,157,01:39:45, 523.6, 5.590,3.33132,0.8397, 0.00,,4.4899,35.163788,-123.008041, 519.1,33.962, 5.546, 0.42, 91.2,0.370,1480.4,26.783,26.789
001181094000,2007,157,01:40:00, 516.9, 5.651,3.33621,0.8493, 0.00,,4.4894,35.163788,-123.008080, 512.5,33.960, 5.607, 0.44, 91.2,0.371,1480.5,26.774,26.779
001181094015,2007,157,01:40:15, 510.4, 5.706,3.33958,0.8590, 0.00,,4.4892,35.163788,-123.008083, 506.1,33.946, 5.663, 0.46, 91.1,0.371,1480.6,26.757,26.762
001181094030,2007,157,01:40:30, 503.9, 5.745,3.34364,0.8671, 0.00,,4.4886,35.163788,-123.008128, 499.6,33.956, 5.702, 0.48, 91.1,0.371,1480.7,26.760,26.765
001181094045,2007,157,01:40:45, 497.3, 5.779,3.34624,0.8749, 0.00,,4.4884,35.163788,-123.008131, 493.1,33.955, 5.737, 0.49, 91.1,0.371,1480.7,26.754,26.759
001181094060,2007,157,01:41:00, 490.7, 5.801,3.34850,0.8803, 0.00,,4.4872,35.163781,-123.008181, 486.6,33.962, 5.759, 0.50, 91.1,0.373,1480.7,26.757,26.762
001181094075,2007,157,01:41:15, 484.2, 5.851,3.35088,0.8893, 0.00,,4.4886,35.163763,-123.008198, 480.1,33.941, 5.810, 0.52, 91.1,0.371,1480.8,26.734,26.739
001181094090,2007,157,01:41:30, 477.5, 5.888,3.35469,0.8949, 0.00,,4.4885,35.163774,-123.008204, 473.5,33.950, 5.848, 0.53, 91.1,0.371,1480.8,26.737,26.742
001181094105,2007,157,01:41:45, 470.8, 5.930,3.35843,0.9117, 0.00,,4.4881,35.163772,-123.008205, 466.8,33.954, 5.889, 0.57, 91.1,0.372,1480.9,26.735,26.740
001181094120,2007,157,01:42:00, 464.0, 5.964,3.36078,0.9209, 0.00,,4.4882,35.163754,-123.008262, 460.1,33.950, 5.924, 0.58, 91.1,0.372,1480.9,26.728,26.732
001181094135,2007,157,01:42:15, 457.3, 6.017,3.36431,0.9320, 0.00,,4.4879,35.163727,-123.008261, 453.4,33.939, 5.977, 0.61, 91.1,0.372,1481.0,26.713,26.718
001181094150,2007,157,01:42:30, 450.5, 6.053,3.36697,0.9463, 0.00,,4.4879,35.163727,-123.008272, 446.8,33.936, 6.014, 0.64, 91.1,0.372,1481.0,26.705,26.710
001181094165,2007,157,01:42:45, 443.7, 6.088,3.36844,0.9714, 0.00,,4.4867,35.163727,-123.008274, 440.0,33.921, 6.050, 0.69, 91.1,0.373,1481.0,26.689,26.694
001181094180,2007,157,01:43:00, 436.6, 6.171,3.37161,0.9812, 0.00,,4.4856,35.163727,-123.008278, 433.0,33.878, 6.132, 0.71, 91.1,0.374,1481.2,26.645,26.650
001181094195,2007,157,01:43:15, 429.5, 6.343,3.38339,0.9896, 0.00,,4.4832,35.163727,-123.008337, 426.0,33.842, 6.305, 0.72, 91.0,0.376,1481.7,26.594,26.599
001181094210,2007,157,01:43:30, 422.6, 6.419,3.38926,0.9938, 0.00,,4.4835,35.163727,-123.008307, 419.1,33.836, 6.381, 0.73, 91.0,0.376,1481.9,26.579,26.584
001181094225,2007,157,01:43:45, 415.8, 6.489,3.39999,1.0004, 0.00,,4.4841,35.163727,-123.008277, 412.3,33.889, 6.451, 0.74, 91.0,0.375,1482.1,26.612,26.617
001181094240,2007,157,01:44:00, 408.9, 6.578,3.40807,1.0072, 0.00,,4.4851,35.163727,-123.008268, 405.6,33.893, 6.542, 0.75, 91.1,0.374,1482.3,26.603,26.608
001181094255,2007,157,01:44:15, 402.3, 6.595,3.41155,1.0166, 0.00,,4.4842,35.163716,-123.008273, 399.0,33.918, 6.559, 0.77, 91.0,0.375,1482.3,26.621,26.626
001181094270,2007,157,01:44:30, 395.8, 6.607,3.41360,1.0370, 0.00,,4.4870,35.163723,-123.008283, 392.5,33.932, 6.571, 0.81, 91.1,0.373,1482.3,26.631,26.636
001181094285,2007,157,01:44:45, 389.0, 6.624,3.41416,1.0586, 0.00,,4.4871,35.163700,-123.008283, 385.9,33.925, 6.589, 0.86, 91.1,0.373,1482.2,26.623,26.627
001181094300,2007,157,01:45:00, 382.3, 6.684,3.41657,1.0918, 0.00,,4.4881,35.163696,-123.008283, 379.2,33.895, 6.649, 0.92, 91.1,0.372,1482.3,26.591,26.596
001181094315,2007,157,01:45:15, 375.7, 6.764,3.42041,1.1178, 0.00,,4.4884,35.163696,-123.008277, 372.6,33.862, 6.730, 0.97, 91.1,0.371,1482.5,26.554,26.559
001181094330,2007,157,01:45:30, 368.9, 6.760,3.42320,1.1464, 0.00,,4.4882,35.163696,-123.008274, 365.9,33.900, 6.726, 1.03, 91.1,0.372,1482.4,26.585,26.589
001181094345,2007,157,01:45:45, 362.3, 6.810,3.42498,1.1704, 0.00,,4.4885,35.163690,-123.008283, 359.4,33.873, 6.777, 1.08, 91.1,0.371,1482.5,26.557,26.562
001181094360,2007,157,01:46:00, 356.0, 6.859,3.42722,1.1801, 0.00,,4.4885,35.163666,-123.008279, 353.1,33.852, 6.827, 1.10, 91.1,0.371,1482.5,26.534,26.539
001181094375,2007,157,01:46:15, 349.6, 6.905,3.43214,1.1938, 0.00,,4.4887,35.163666,-123.008283, 346.8,33.865, 6.872, 1.12, 91.1,0.371,1482.6,26.538,26.542
001181094390,2007,157,01:46:30, 343.2, 6.997,3.43833,1.2076, 0.00,,4.4885,35.163666,-123.008277, 340.4,33.846, 6.965, 1.15, 91.1,0.371,1482.8,26.510,26.514
001181094405,2007,157,01:46:45, 336.5, 7.054,3.44241,1.2167, 0.00,,4.4888,35.163666,-123.008274, 333.8,33.837, 7.023, 1.16, 91.1,0.371,1482.9,26.496,26.500
001181094420,2007,157,01:47:00, 329.7, 7.152,3.44886,1.2280, 0.00,,4.4891,35.163666,-123.008265, 327.1,33.815, 7.121, 1.18, 91.1,0.371,1483.2,26.465,26.469
001181094435,2007,157,01:47:15, 322.9, 7.273,3.45826,1.2529, 0.00,,4.4894,35.163662,-123.008269, 320.3,33.802, 7.243, 1.23, 91.2,0.371,1483.5,26.438,26.442
001181094450,2007,157,01:47:30, 316.3, 7.356,3.46738,1.2813, 0.00,,4.4896,35.163635,-123.008212, 313.8,33.824, 7.326, 1.28, 91.2,0.370,1483.7,26.443,26.448
001181094465,2007,157,01:47:45, 310.0, 7.440,3.47022,1.3182, 0.00,,4.4889,35.163653,-123.008207, 307.5,33.776, 7.410, 1.36, 91.1,0.371,1483.9,26.394,26.398
001181094480,2007,157,01:48:00, 303.9, 7.546,3.47700,1.3478, 0.00,,4.4873,35.163666,-123.008200, 301.5,33.749, 7.517, 1.41, 91.1,0.372,1484.2,26.358,26.362
001181094495,2007,157,01:48:15, 298.3, 7.606,3.49111,1.3686, 0.00,,4.4884,35.163667,-123.008210, 296.0,33.846, 7.577, 1.45, 91.1,0.371,1484.4,26.425,26.429
001181094510,2007,157,01:48:30, 292.2, 7.652,3.49390,1.3977, 0.00,,4.4886,35.163666,-123.008207, 289.8,33.835, 7.623, 1.51, 91.1,0.371,1484.5,26.410,26.414
001181094525,2007,157,01:48:45, 286.0, 7.690,3.49677,1.4298, 0.00,,4.4866,35.163666,-123.008225, 283.7,33.831, 7.662, 1.57, 91.1,0.373,1484.5,26.401,26.405
001181094540,2007,157,01:49:00, 279.4, 7.731,3.49996,1.4451, 0.00,,4.4873,35.163679,-123.008197, 277.2,33.829, 7.703, 1.59, 91.1,0.372,1484.6,26.394,26.398
001181094555,2007,157,01:49:15, 272.9, 7.833,3.50430,1.4692, 0.00,,4.4864,35.163697,-123.008215, 270.7,33.780, 7.806, 1.64, 91.1,0.373,1484.8,26.340,26.344
001181094570,2007,157,01:49:30, 266.5, 7.887,3.50864,1.4847, 0.00,,4.4860,35.163697,-123.008213, 264.4,33.777, 7.861, 1.67, 91.1,0.374,1484.9,26.330,26.334
001181094585,2007,157,01:49:45, 260.0, 7.969,3.51530,1.5043, 0.00,,4.4855,35.163696,-123.008216, 257.9,33.773, 7.943, 1.70, 91.1,0.374,1485.1,26.315,26.319
001181094600,2007,157,01:50:00, 253.5, 8.133,3.52120,1.5142, 0.00,,4.4791,35.163698,-123.008216, 251.5,33.681, 8.108, 1.71, 90.9,0.380,1485.5,26.218,26.222
001181094615,2007,157,01:50:15, 246.9, 8.208,3.53149,1.5378, 0.00,,4.4795,35.163705,-123.008207, 245.0,33.722, 8.183, 1.76, 90.9,0.380,1485.7,26.239,26.243
001181094630,2007,157,01:50:30, 240.3, 8.362,3.54071,1.5499, 0.00,,4.4804,35.163729,-123.008252, 238.4,33.675, 8.338, 1.77, 91.0,0.379,1486.1,26.179,26.183
001181094645,2007,157,01:50:45, 233.5, 8.377,3.55193,1.5840, 0.00,,4.4800,35.163728,-123.008277, 231.7,33.783, 8.353, 1.84, 91.0,0.379,1486.2,26.262,26.265
001181094660,2007,157,01:51:00, 226.9, 8.431,3.55642,1.6226, 0.00,,4.4781,35.163728,-123.008279, 225.2,33.781, 8.408, 1.91, 90.9,0.381,1486.3,26.252,26.256
001181094675,2007,157,01:51:15, 220.2, 8.457,3.56022,1.6464, 0.00,,4.4772,35.163734,-123.008265, 218.5,33.800, 8.434, 1.95, 90.9,0.382,1486.3,26.263,26.266
001181094690,2007,157,01:51:30, 212.9, 8.503,3.56316,1.6919, 0.00,,4.4766,35.163740,-123.008277, 211.3,33.790, 8.481, 2.04, 90.9,0.382,1486.4,26.248,26.252
001181094705,2007,157,01:51:45, 206.3, 8.552,3.56445,1.7313, 0.00,,4.4757,35.163728,-123.008277, 204.7,33.760, 8.531, 2.11, 90.9,0.383,1486.4,26.217,26.221
001181094720,2007,157,01:52:00, 199.0, 8.679,3.57112,1.7722, 0.00,,4.4737,35.163727,-123.008268, 197.5,33.712, 8.658, 2.18, 90.8,0.385,1486.7,26.160,26.163
001181094735,2007,157,01:52:15, 191.9, 8.794,3.57862,1.8111, 0.00,,4.4725,35.163728,-123.008277, 190.4,33.685, 8.774, 2.25, 90.8,0.386,1487.0,26.121,26.124
001181094750,2007,157,01:52:30, 184.8, 8.863,3.58282,1.8501, 0.00,,4.4723,35.163724,-123.008271, 183.4,33.666, 8.844, 2.32, 90.8,0.386,1487.1,26.096,26.099
001181094765,2007,157,01:52:45, 178.6, 9.029,3.59173,1.8938, 0.00,,4.4727,35.163697,-123.008276, 177.2,33.606, 9.010, 2.39, 90.8,0.386,1487.5,26.022,26.025
001181094780,2007,157,01:53:00, 174.0, 8.982,3.59447,1.9011, 0.00,,4.4710,35.163698,-123.008268, 172.7,33.680, 8.964, 2.41, 90.8,0.387,1487.4,26.088,26.091
001181094795,2007,157,01:53:15, 172.8, 8.975,3.59539,1.9063, 0.00,,4.4532,35.163696,-123.008255, 171.5,33.697, 8.957, 2.42, 90.4,0.403,1487.3,26.102,26.105
001181094810,2007,157,01:53:30, 173.6, 9.079,3.60338,1.9225, 0.00,,4.4709,35.163669,-123.008270, 172.3,33.682, 9.060, 2.44, 90.8,0.387,1487.7,26.074,26.077
001181094825,2007,157,01:53:45, 172.4, 9.082,3.60383,1.9224, 0.00,,4.4722,35.163666,-123.008248, 171.1,33.685, 9.063, 2.44, 90.8,0.386,1487.7,26.076,26.079
001181094840,2007,157,01:54:00, 166.9, 9.224,3.60976,1.9702, 0.00,,4.4718,35.163666,-123.008233, 165.6,33.614, 9.206, 2.53, 90.8,0.386,1488.1,25.998,26.001
001181094855,2007,157,01:54:15, 160.6, 9.336,3.61480,2.0306, 0.00,,4.4719,35.163666,-123.008221, 159.3,33.564, 9.318, 2.63, 90.8,0.386,1488.3,25.941,25.944
001181094870,2007,157,01:54:30, 154.4, 9.436,3.61916,2.0719, 0.00,,4.4711,35.163667,-123.008207, 153.2,33.518, 9.419, 2.70, 90.8,0.387,1488.5,25.889,25.891
001181094885,2007,157,01:54:45, 148.3, 9.615,3.62648,2.0925, 0.00,,4.4720,35.163667,-123.008219, 147.2,33.429, 9.599, 2.73, 90.8,0.386,1489.0,25.790,25.793
001181094900,2007,157,01:55:00, 142.3, 9.773,3.63944,2.1481, 0.00,,4.4727,35.163668,-123.008204, 141.2,33.418, 9.757, 2.83, 90.8,0.386,1489.4,25.755,25.758
001181094915,2007,157,01:55:15, 136.8, 9.885,3.64789,2.2463, 0.00,,4.4740,35.163666,-123.008210, 135.7,33.404, 9.869, 3.00, 90.8,0.384,1489.7,25.725,25.728
001181094930,2007,157,01:55:30, 131.3, 9.951,3.65543,2.3046, 0.00,,4.4741,35.163667,-123.008219, 130.3,33.421, 9.937, 3.11, 90.8,0.384,1489.9,25.728,25.730
001181094945,2007,157,01:55:45, 125.7, 9.966,3.65760,2.3765, 0.00,,4.4738,35.163667,-123.008219, 124.7,33.432, 9.952, 3.24, 90.8,0.385,1489.9,25.734,25.736
001181094960,2007,157,01:56:00, 119.9,10.019,3.65686,2.4882, 0.00,,4.4730,35.163691,-123.008161, 119.0,33.378,10.005, 3.44, 90.8,0.385,1489.9,25.683,25.685
001181094975,2007,157,01:56:15, 114.0,10.077,3.65742,2.5502, 0.00,,4.4734,35.163697,-123.008151, 113.2,33.333,10.064, 3.55, 90.8,0.385,1489.9,25.638,25.640
001181094990,2007,157,01:56:30, 108.0,10.234,3.66205,2.7462, 0.00,,4.4752,35.163697,-123.008100, 107.2,33.239,10.221, 3.90, 90.9,0.383,1490.3,25.538,25.540
001181095005,2007,157,01:56:45, 102.1,10.660,3.67960,2.9873, 0.00,,4.4754,35.163697,-123.008092, 101.3,33.030,10.648, 4.32, 90.9,0.383,1491.5,25.302,25.304
001181095020,2007,157,01:57:00,  96.1,11.070,3.71398,3.2436, 0.00,,4.4676,35.163716,-123.008057,  95.4,33.004,11.059, 4.75, 90.7,0.390,1492.8,25.210,25.212
001181095035,2007,157,01:57:15,  90.0,11.251,3.73660,3.3746, 0.00,,4.4540,35.163728,-123.008033,  89.4,33.069,11.240, 4.96, 90.4,0.403,1493.4,25.227,25.229
001181095050,2007,157,01:57:30,  84.2,11.462,3.76263,3.5475, 0.00,,4.4433,35.163728,-123.008040,  83.6,33.137,11.452, 5.25, 90.2,0.412,1494.1,25.242,25.244
001181095065,2007,157,01:57:45,  78.7,11.507,3.76636,3.5794, 0.00,,4.4431,35.163728,-123.008039,  78.1,33.137,11.497, 5.30, 90.2,0.413,1494.2,25.234,25.236
001181095080,2007,157,01:58:00,  73.3,11.279,3.74675,3.5356, 0.00,,4.4610,35.163728,-123.007989,  72.7,33.150,11.270, 5.24, 90.6,0.396,1493.3,25.286,25.287
001181095095,2007,157,01:58:15,  67.5,11.450,3.73928,3.6021, 0.00,,4.4456,35.163728,-123.008030,  67.0,32.927,11.441, 5.34, 90.2,0.410,1493.5,25.081,25.083
001181095110,2007,157,01:58:30,  61.4,11.586,3.74365,3.7254, 0.00,,4.4129,35.163728,-123.008036,  60.9,32.851,11.578, 5.55, 89.6,0.440,1493.8,24.998,24.999
001181095125,2007,157,01:58:45,  55.5,11.673,3.75459,3.7925, 0.00,,4.3957,35.163727,-123.008033,  55.0,32.883,11.666, 5.65, 89.2,0.456,1494.1,25.006,25.007
001181095140,2007,157,01:59:00,  49.8,11.774,3.76304,3.8378, 0.00,,4.3872,35.163711,-123.008030,  49.5,32.879,11.767, 5.72, 89.0,0.464,1494.3,24.985,24.986
001181095155,2007,157,01:59:15,  44.0,11.943,3.77247,3.9051, 0.00,,4.3671,35.163671,-123.008033,  43.6,32.824,11.937, 5.82, 88.6,0.483,1494.7,24.910,24.911
001181095170,2007,157,01:59:30,  40.4,11.760,3.75550,3.8282, 0.00,,4.3833,35.163631,-123.007983,  40.1,32.821,11.755, 5.70, 89.0,0.468,1494.1,24.943,24.944
001181095185,2007,157,01:59:45,  40.4,11.740,3.75047,3.7899, 0.00,,4.3866,35.163585,-123.007972,  40.1,32.790,11.734, 5.63, 89.0,0.464,1493.9,24.922,24.923
001181095200,2007,157,02:00:00,  40.7,11.735,3.75057,3.7900, 0.00,,4.3818,35.163531,-123.007948,  40.4,32.795,11.730, 5.63, 88.9,0.469,1493.9,24.927,24.928
001181095215,2007,157,02:00:15,  40.9,11.735,3.75028,3.7912, 0.00,,4.3844,35.163344,-123.007881,  40.6,32.793,11.730, 5.64, 89.0,0.467,1493.9,24.925,24.926
001181095230,2007,157,02:00:30,  39.6,11.764,3.75312,3.7998, 0.00,,4.3748,35.163326,-123.007856,  39.3,32.795,11.759, 5.65, 88.8,0.475,1494.0,24.921,24.922
001181095245,2007,157,02:00:45,  34.9,11.802,3.75568,3.8167, 0.00,,4.3685,35.163305,-123.007853,  34.7,32.789,11.797, 5.67, 88.7,0.481,1494.1,24.909,24.910
001181095260,2007,157,02:01:00,  30.7,11.831,3.75387,3.8176, 0.00,,4.3417,35.163328,-123.007848,  30.5,32.747,11.827, 5.67, 88.1,0.506,1494.0,24.872,24.872
001181095275,2007,157,02:01:15,  26.3,12.238,3.78558,3.9223, 0.00,,4.2485,35.163300,-123.007792,  26.1,32.698,12.235, 5.81, 86.2,0.594,1495.3,24.758,24.758
001181095290,2007,157,02:01:30,  20.9,12.984,3.84569,4.0586, 0.00,,4.1363,35.163287,-123.007789,  20.7,32.626,12.981, 5.96, 83.9,0.703,1497.7,24.558,24.559
001181095305,2007,157,02:01:45,  15.3,13.222,3.86073,4.1106, 0.00,,4.0884,35.163255,-123.007798,  15.1,32.566,13.220, 6.02, 82.9,0.750,1498.3,24.465,24.465
001181095320,2007,157,02:02:00,  12.9,13.216,3.88145,4.1293, 0.00,,4.1067,35.163239,-123.007732,  12.8,32.767,13.215, 6.05, 83.3,0.732,1498.5,24.621,24.621
001181095335,2007,157,02:02:15,  12.5,13.463,3.90196,4.1604, 0.00,,4.0615,35.163196,-123.007728,  12.4,32.747,13.462, 6.07, 82.3,0.777,1499.3,24.556,24.557
001181095350,2007,157,02:02:30,   8.7,13.817,3.92617,4.1878, 0.00,,4.0400,35.163165,-123.007734,   8.7,32.671,13.816, 6.08, 81.9,0.798,1500.3,24.426,24.426
