usec,year,day,time,pres,temp,cond,o2curr,o2temp,o2delta,transvolt,lat,lon,depth,salin,theta,oxyg,light,beac,sound,sigmat,sigmatheta
001190592000,2007,267,00:00:00,3277.3, 1.605,3.13721,0.9804, 0.00,,4.3453,35.160309,-123.015642,3228.5,34.483, 1.360, 2.58, 88.2,0.503,1510.5,27.587,27.605
001190592015,2007,267,00:00:15,3271.2, 1.608,3.13714,0.9808, 0.00,,4.3447,35.160335,-123.015647,3222.6,34.482, 1.363, 2.58, 88.2,0.503,1510.4,27.587,27.604
001190592030,2007,267,00:00:30,3263.8, 1.610,3.13716,0.9821, 0.00,,4.3441,35.160339,-123.015591,3215.3,34.483, 1.366, 2.58, 88.2,0.504,1510.3,27.588,27.605
001190592045,2007,267,00:00:45,3256.1, 1.612,3.13705,0.9827, 0.00,,4.3438,35.160343,-123.015591,3207.8,34.484, 1.368, 2.58, 88.2,0.504,1510.2,27.588,27.605
001190592060,2007,267,00:01:00,3249.2, 1.612,3.13685,0.9828, 0.00,,4.3440,35.160370,-123.015569,3201.1,34.483, 1.370, 2.58, 88.2,0.504,1510.0,27.587,27.605
001190592075,2007,267,00:01:15,3242.4, 1.613,3.13667,0.9828, 0.00,,4.3440,35.160398,-123.015538,3194.4,34.484, 1.371, 2.58, 88.2,0.504,1509.9,27.588,27.605
001190592090,2007,267,00:01:30,3235.1, 1.613,3.13644,0.9832, 0.00,,4.3439,35.160424,-123.015467,3187.2,34.484, 1.372, 2.58, 88.2,0.504,1509.8,27.588,27.605
001190592105,2007,267,00:01:45,3227.5, 1.615,3.13627,0.9835, 0.00,,4.3437,35.160433,-123.015462,3179.9,34.484, 1.374, 2.57, 88.2,0.504,1509.7,27.588,27.605
001190592120,2007,267,00:02:00,3220.1, 1.617,3.13617,0.9834, 0.00,,4.3436,35.160462,-123.015461,3172.6,34.483, 1.377, 2.57, 88.2,0.504,1509.6,27.587,27.604
001190592135,2007,267,00:02:15,3212.7, 1.618,3.13599,0.9829, 0.00,,4.3435,35.160475,-123.015439,3165.3,34.484, 1.379, 2.57, 88.1,0.505,1509.4,27.587,27.604
001190592150,2007,267,00:02:30,3205.3, 1.619,3.13580,0.9825, 0.00,,4.3432,35.160493,-123.015415,3158.1,34.484, 1.380, 2.56, 88.1,0.505,1509.3,27.587,27.604
001190592165,2007,267,00:02:45,3199.0, 1.620,3.13554,0.9819, 0.00,,4.3435,35.160493,-123.015421,3151.9,34.482, 1.382, 2.56, 88.1,0.505,1509.2,27.586,27.603
001190592180,2007,267,00:03:00,3192.6, 1.620,3.13543,0.9820, 0.00,,4.3433,35.160474,-123.015375,3145.7,34.483, 1.383, 2.55, 88.1,0.505,1509.1,27.587,27.604
001190592195,2007,267,00:03:15,3186.5, 1.622,3.13530,0.9817, 0.00,,4.3431,35.160493,-123.015354,3139.8,34.482, 1.385, 2.55, 88.1,0.505,1509.0,27.586,27.603
001190592210,2007,267,00:03:30,3180.4, 1.624,3.13524,0.9811, 0.00,,4.3434,35.160496,-123.015337,3133.8,34.482, 1.388, 2.55, 88.1,0.505,1508.9,27.586,27.603
001190592225,2007,267,00:03:45,3174.3, 1.625,3.13507,0.9807, 0.00,,4.3436,35.160522,-123.015335,3127.8,34.482, 1.390, 2.54, 88.2,0.504,1508.8,27.585,27.602
001190592240,2007,267,00:04:00,3167.7, 1.628,3.13501,0.9804, 0.00,,4.3436,35.160522,-123.015344,3121.4,34.481, 1.393, 2.54, 88.2,0.504,1508.7,27.585,27.602
001190592255,2007,267,00:04:15,3160.9, 1.629,3.13491,0.9803, 0.00,,4.3433,35.160543,-123.015386,3114.7,34.481, 1.395, 2.53, 88.1,0.505,1508.6,27.585,27.602
001190592270,2007,267,00:04:30,3154.2, 1.632,3.13488,0.9800, 0.00,,4.3433,35.160560,-123.015418,3108.1,34.481, 1.398, 2.53, 88.1,0.505,1508.5,27.584,27.601
001190592285,2007,267,00:04:45,3147.4, 1.633,3.13475,0.9797, 0.00,,4.3435,35.160569,-123.015415,3101.5,34.482, 1.400, 2.53, 88.2,0.504,1508.4,27.584,27.601
001190592300,2007,267,00:05:00,3140.8, 1.634,3.13456,0.9796, 0.00,,4.3433,35.160587,-123.015369,3095.0,34.482, 1.401, 2.52, 88.1,0.505,1508.3,27.585,27.601
001190592315,2007,267,00:05:15,3134.4, 1.634,3.13433,0.9798, 0.00,,4.3435,35.160633,-123.015361,3088.8,34.481, 1.402, 2.52, 88.2,0.505,1508.2,27.584,27.601
001190592330,2007,267,00:05:30,3128.5, 1.636,3.13432,0.9798, 0.00,,4.3434,35.160645,-123.015336,3083.0,34.482, 1.405, 2.52, 88.1,0.505,1508.1,27.584,27.601
001190592345,2007,267,00:05:45,3122.5, 1.639,3.13428,0.9793, 0.00,,4.3431,35.160670,-123.015348,3077.1,34.481, 1.408, 2.51, 88.1,0.505,1508.0,27.584,27.600
001190592360,2007,267,00:06:00,3116.5, 1.640,3.13415,0.9791, 0.00,,4.3427,35.160684,-123.015351,3071.3,34.481, 1.410, 2.51, 88.1,0.505,1507.9,27.583,27.600
001190592375,2007,267,00:06:15,3110.2, 1.641,3.13399,0.9790, 0.00,,4.3427,35.160710,-123.015296,3065.1,34.481, 1.411, 2.51, 88.1,0.505,1507.8,27.583,27.600
001190592390,2007,267,00:06:30,3103.6, 1.641,3.13384,0.9785, 0.00,,4.3432,35.160744,-123.015275,3058.6,34.482, 1.412, 2.50, 88.1,0.505,1507.7,27.584,27.600
001190592405,2007,267,00:06:45,3097.5, 1.643,3.13361,0.9783, 0.00,,4.3435,35.160769,-123.015293,3052.7,34.480, 1.414, 2.50, 88.2,0.505,1507.6,27.582,27.599
001190592420,2007,267,00:07:00,3090.8, 1.644,3.13347,0.9785, 0.00,,4.3434,35.160797,-123.015278,3046.1,34.480, 1.416, 2.50, 88.1,0.505,1507.5,27.582,27.599
001190592435,2007,267,00:07:15,3084.0, 1.645,3.13331,0.9773, 0.00,,4.3432,35.160797,-123.015226,3039.4,34.480, 1.418, 2.49, 88.1,0.505,1507.4,27.582,27.599
001190592450,2007,267,00:07:30,3077.3, 1.646,3.13311,0.9770, 0.00,,4.3435,35.160835,-123.015228,3032.9,34.480, 1.419, 2.49, 88.1,0.505,1507.2,27.582,27.599
001190592465,2007,267,00:07:45,3070.8, 1.647,3.13308,0.9773, 0.00,,4.3433,35.160878,-123.015232,3026.5,34.481, 1.422, 2.49, 88.1,0.505,1507.1,27.583,27.599
001190592480,2007,267,00:08:00,3064.4, 1.651,3.13299,0.9769, 0.00,,4.3429,35.160899,-123.015229,3020.3,34.479, 1.425, 2.48, 88.1,0.505,1507.0,27.581,27.597
001190592495,2007,267,00:08:15,3057.9, 1.652,3.13285,0.9771, 0.00,,4.3431,35.160919,-123.015229,3013.9,34.479, 1.427, 2.48, 88.1,0.505,1506.9,27.581,27.597
001190592510,2007,267,00:08:30,3051.4, 1.653,3.13280,0.9770, 0.00,,4.3430,35.160936,-123.015232,3007.5,34.480, 1.429, 2.48, 88.1,0.505,1506.8,27.581,27.598
001190592525,2007,267,00:08:45,3045.6, 1.655,3.13269,0.9768, 0.00,,4.3429,35.160942,-123.015224,3001.8,34.479, 1.431, 2.48, 88.1,0.505,1506.7,27.581,27.597
001190592540,2007,267,00:09:00,3039.0, 1.657,3.13260,0.9765, 0.00,,4.3421,35.160942,-123.015267,2995.4,34.479, 1.434, 2.47, 88.1,0.506,1506.6,27.580,27.596
001190592555,2007,267,00:09:15,3032.0, 1.659,3.13244,0.9762, 0.00,,4.3434,35.160951,-123.015293,2988.5,34.478, 1.437, 2.47, 88.1,0.505,1506.5,27.579,27.596
001190592570,2007,267,00:09:30,3025.0, 1.661,3.13228,0.9744, 0.00,,4.3439,35.160978,-123.015290,2981.7,34.477, 1.439, 2.46, 88.2,0.504,1506.4,27.579,27.595
001190592585,2007,267,00:09:45,3017.8, 1.663,3.13215,0.9735, 0.00,,4.3441,35.160980,-123.015330,2974.6,34.477, 1.441, 2.45, 88.2,0.504,1506.3,27.579,27.595
001190592600,2007,267,00:10:00,3010.6, 1.664,3.13204,0.9737, 0.00,,4.3437,35.160998,-123.015327,2967.6,34.478, 1.444, 2.45, 88.2,0.504,1506.2,27.579,27.595
001190592615,2007,267,00:10:15,3003.4, 1.666,3.13196,0.9739, 0.00,,4.3433,35.161022,-123.015360,2960.5,34.478, 1.446, 2.45, 88.1,0.505,1506.1,27.579,27.595
001190592630,2007,267,00:10:30,2996.2, 1.669,3.13192,0.9751, 0.00,,4.3431,35.161046,-123.015377,2953.5,34.478, 1.450, 2.45, 88.1,0.505,1506.0,27.578,27.594
001190592645,2007,267,00:10:45,2989.3, 1.670,3.13179,0.9753, 0.00,,4.3429,35.161073,-123.015381,2946.8,34.478, 1.452, 2.45, 88.1,0.505,1505.8,27.579,27.595
001190592660,2007,267,00:11:00,2981.7, 1.670,3.13154,0.9751, 0.00,,4.3430,35.161094,-123.015434,2939.3,34.478, 1.453, 2.44, 88.1,0.505,1505.7,27.579,27.595
001190592675,2007,267,00:11:15,2974.8, 1.673,3.13146,0.9748, 0.00,,4.3426,35.161103,-123.015475,2932.6,34.478, 1.456, 2.44, 88.1,0.505,1505.6,27.578,27.594
001190592690,2007,267,00:11:30,2967.9, 1.675,3.13132,0.9747, 0.00,,4.3427,35.161127,-123.015482,2925.8,34.477, 1.458, 2.44, 88.1,0.505,1505.5,27.578,27.594
001190592705,2007,267,00:11:45,2960.5, 1.676,3.13115,0.9746, 0.00,,4.3417,35.161140,-123.015476,2918.5,34.477, 1.460, 2.43, 88.1,0.506,1505.4,27.577,27.593
001190592720,2007,267,00:12:00,2953.2, 1.678,3.13104,0.9743, 0.00,,4.3423,35.161155,-123.015502,2911.4,34.477, 1.462, 2.43, 88.1,0.506,1505.3,27.578,27.593
001190592735,2007,267,00:12:15,2945.9, 1.679,3.13091,0.9741, 0.00,,4.3423,35.161175,-123.015529,2904.3,34.477, 1.465, 2.43, 88.1,0.506,1505.1,27.577,27.593
001190592750,2007,267,00:12:30,2938.3, 1.681,3.13083,0.9741, 0.00,,4.3425,35.161194,-123.015546,2896.9,34.477, 1.468, 2.42, 88.1,0.505,1505.0,27.577,27.593
001190592765,2007,267,00:12:45,2931.2, 1.682,3.13060,0.9742, 0.00,,4.3428,35.161216,-123.015574,2889.9,34.477, 1.469, 2.42, 88.1,0.505,1504.9,27.577,27.593
001190592780,2007,267,00:13:00,2923.4, 1.684,3.13040,0.9737, 0.00,,4.3424,35.161224,-123.015610,2882.3,34.476, 1.471, 2.42, 88.1,0.506,1504.8,27.576,27.592
001190592795,2007,267,00:13:15,2916.4, 1.685,3.13024,0.9732, 0.00,,4.3430,35.161232,-123.015601,2875.4,34.476, 1.473, 2.41, 88.1,0.505,1504.7,27.576,27.592
001190592810,2007,267,00:13:30,2909.7, 1.686,3.13010,0.9717, 0.00,,4.3434,35.161253,-123.015601,2868.8,34.476, 1.475, 2.40, 88.1,0.505,1504.6,27.576,27.592
001190592825,2007,267,00:13:45,2902.6, 1.689,3.12997,0.9714, 0.00,,4.3431,35.161279,-123.015610,2861.9,34.476, 1.478, 2.40, 88.1,0.505,1504.4,27.575,27.591
001190592840,2007,267,00:14:00,2895.3, 1.691,3.12990,0.9716, 0.00,,4.3428,35.161286,-123.015607,2854.7,34.476, 1.481, 2.40, 88.1,0.505,1504.3,27.575,27.591
001190592855,2007,267,00:14:15,2887.7, 1.693,3.12982,0.9717, 0.00,,4.3427,35.161285,-123.015607,2847.3,34.476, 1.483, 2.40, 88.1,0.505,1504.2,27.576,27.591
001190592870,2007,267,00:14:30,2880.2, 1.695,3.12978,0.9718, 0.00,,4.3425,35.161286,-123.015610,2839.9,34.476, 1.487, 2.39, 88.1,0.505,1504.1,27.576,27.591
001190592885,2007,267,00:14:45,2872.7, 1.699,3.12975,0.9715, 0.00,,4.3426,35.161294,-123.015585,2832.6,34.476, 1.490, 2.39, 88.1,0.505,1504.0,27.575,27.590
001190592900,2007,267,00:15:00,2865.3, 1.700,3.12957,0.9715, 0.00,,4.3427,35.161286,-123.015567,2825.3,34.476, 1.492, 2.39, 88.1,0.505,1503.9,27.575,27.590
001190592915,2007,267,00:15:15,2857.9, 1.704,3.12963,0.9708, 0.00,,4.3425,35.161286,-123.015561,2818.1,34.476, 1.497, 2.38, 88.1,0.505,1503.8,27.575,27.590
001190592930,2007,267,00:15:30,2850.9, 1.705,3.12948,0.9704, 0.00,,4.3427,35.161286,-123.015563,2811.2,34.476, 1.499, 2.38, 88.1,0.505,1503.6,27.574,27.590
001190592945,2007,267,00:15:45,2843.8, 1.708,3.12942,0.9701, 0.00,,4.3425,35.161286,-123.015540,2804.3,34.476, 1.502, 2.37, 88.1,0.505,1503.5,27.574,27.589
001190592960,2007,267,00:16:00,2836.5, 1.711,3.12934,0.9694, 0.00,,4.3424,35.161286,-123.015531,2797.2,34.475, 1.506, 2.37, 88.1,0.506,1503.4,27.574,27.589
001190592975,2007,267,00:16:15,2829.3, 1.712,3.12923,0.9690, 0.00,,4.3425,35.161260,-123.015572,2790.0,34.475, 1.508, 2.36, 88.1,0.505,1503.3,27.573,27.588
001190592990,2007,267,00:16:30,2822.0, 1.715,3.12914,0.9685, 0.00,,4.3426,35.161256,-123.015543,2782.9,34.474, 1.512, 2.36, 88.1,0.505,1503.2,27.572,27.588
001190593005,2007,267,00:16:45,2814.6, 1.718,3.12907,0.9682, 0.00,,4.3427,35.161255,-123.015543,2775.7,34.474, 1.515, 2.35, 88.1,0.505,1503.1,27.572,27.587
001190593020,2007,267,00:17:00,2807.4, 1.720,3.12901,0.9676, 0.00,,4.3422,35.161240,-123.015539,2768.6,34.474, 1.518, 2.35, 88.1,0.506,1503.0,27.572,27.587
001190593035,2007,267,00:17:15,2801.1, 1.725,3.12910,0.9668, 0.00,,4.3422,35.161255,-123.015534,2762.5,34.473, 1.523, 2.34, 88.1,0.506,1502.9,27.571,27.586
001190593050,2007,267,00:17:30,2794.4, 1.728,3.12908,0.9658, 0.00,,4.3424,35.161236,-123.015507,2755.9,34.473, 1.527, 2.33, 88.1,0.506,1502.8,27.570,27.585
001190593065,2007,267,00:17:45,2787.0, 1.730,3.12897,0.9653, 0.00,,4.3424,35.161225,-123.015536,2748.6,34.473, 1.530, 2.33, 88.1,0.506,1502.7,27.570,27.585
001190593080,2007,267,00:18:00,2779.2, 1.732,3.12876,0.9654, 0.00,,4.3426,35.161225,-123.015470,2740.9,34.472, 1.532, 2.33, 88.1,0.505,1502.5,27.569,27.584
001190593095,2007,267,00:18:15,2770.9, 1.734,3.12862,0.9654, 0.00,,4.3423,35.161213,-123.015479,2732.9,34.472, 1.535, 2.32, 88.1,0.506,1502.4,27.569,27.584
001190593110,2007,267,00:18:30,2762.7, 1.737,3.12852,0.9648, 0.00,,4.3424,35.161166,-123.015479,2724.8,34.472, 1.538, 2.32, 88.1,0.506,1502.3,27.569,27.583
001190593125,2007,267,00:18:45,2755.2, 1.739,3.12837,0.9646, 0.00,,4.3423,35.161134,-123.015481,2717.5,34.470, 1.541, 2.32, 88.1,0.506,1502.2,27.567,27.582
001190593140,2007,267,00:19:00,2747.6, 1.741,3.12829,0.9644, 0.00,,4.3425,35.161099,-123.015482,2710.0,34.471, 1.544, 2.31, 88.1,0.505,1502.0,27.568,27.583
001190593155,2007,267,00:19:15,2739.7, 1.743,3.12815,0.9639, 0.00,,4.3424,35.161086,-123.015408,2702.2,34.471, 1.547, 2.31, 88.1,0.506,1501.9,27.568,27.582
001190593170,2007,267,00:19:30,2731.8, 1.744,3.12798,0.9632, 0.00,,4.3425,35.161058,-123.015418,2694.6,34.471, 1.548, 2.30, 88.1,0.505,1501.8,27.568,27.582
001190593185,2007,267,00:19:45,2724.1, 1.747,3.12779,0.9626, 0.00,,4.3422,35.161051,-123.015392,2687.0,34.470, 1.552, 2.30, 88.1,0.506,1501.7,27.566,27.581
001190593200,2007,267,00:20:00,2716.3, 1.750,3.12775,0.9615, 0.00,,4.3421,35.161041,-123.015373,2679.3,34.469, 1.556, 2.29, 88.1,0.506,1501.5,27.566,27.580
001190593215,2007,267,00:20:15,2708.4, 1.751,3.12763,0.9606, 0.00,,4.3421,35.161034,-123.015348,2671.6,34.470, 1.557, 2.28, 88.1,0.506,1501.4,27.567,27.581
001190593230,2007,267,00:20:30,2700.9, 1.756,3.12762,0.9596, 0.00,,4.3422,35.161024,-123.015359,2664.2,34.468, 1.563, 2.27, 88.1,0.506,1501.3,27.565,27.579
001190593245,2007,267,00:20:45,2693.5, 1.758,3.12757,0.9583, 0.00,,4.3418,35.161024,-123.015396,2657.0,34.470, 1.565, 2.27, 88.1,0.506,1501.2,27.566,27.580
001190593260,2007,267,00:21:00,2685.8, 1.761,3.12743,0.9574, 0.00,,4.3416,35.161001,-123.015421,2649.5,34.469, 1.569, 2.26, 88.1,0.506,1501.1,27.564,27.579
001190593275,2007,267,00:21:15,2678.2, 1.763,3.12731,0.9566, 0.00,,4.3417,35.160981,-123.015412,2642.0,34.468, 1.572, 2.25, 88.1,0.506,1500.9,27.564,27.578
001190593290,2007,267,00:21:30,2670.6, 1.767,3.12730,0.9561, 0.00,,4.3416,35.160987,-123.015390,2634.5,34.467, 1.576, 2.25, 88.1,0.506,1500.8,27.563,27.577
001190593305,2007,267,00:21:45,2662.8, 1.770,3.12727,0.9555, 0.00,,4.3415,35.160960,-123.015382,2626.9,34.468, 1.580, 2.24, 88.1,0.506,1500.7,27.563,27.577
001190593320,2007,267,00:22:00,2655.4, 1.772,3.12723,0.9545, 0.00,,4.3416,35.160937,-123.015403,2619.7,34.469, 1.582, 2.23, 88.1,0.506,1500.6,27.564,27.578
001190593335,2007,267,00:22:15,2648.1, 1.775,3.12707,0.9534, 0.00,,4.3416,35.160931,-123.015409,2612.5,34.467, 1.586, 2.23, 88.1,0.506,1500.5,27.562,27.576
001190593350,2007,267,00:22:30,2640.4, 1.779,3.12700,0.9529, 0.00,,4.3417,35.160919,-123.015415,2604.9,34.466, 1.590, 2.22, 88.1,0.506,1500.4,27.561,27.575
001190593365,2007,267,00:22:45,2632.6, 1.781,3.12698,0.9524, 0.00,,4.3417,35.160828,-123.015490,2597.3,34.466, 1.594, 2.22, 88.1,0.506,1500.2,27.561,27.575
001190593380,2007,267,00:23:00,2624.8, 1.782,3.12685,0.9518, 0.00,,4.3415,35.160661,-123.015533,2589.6,34.467, 1.595, 2.21, 88.1,0.506,1500.1,27.562,27.576
001190593395,2007,267,00:23:15,2618.1, 1.784,3.12682,0.9508, 0.00,,4.3418,35.160675,-123.015476,2583.1,34.468, 1.598, 2.20, 88.1,0.506,1500.0,27.562,27.576
001190593410,2007,267,00:23:30,2612.4, 1.786,3.12669,0.9506, 0.00,,4.3421,35.160677,-123.015476,2577.4,34.467, 1.601, 2.20, 88.1,0.506,1499.9,27.561,27.575
001190593425,2007,267,00:23:45,2606.7, 1.788,3.12663,0.9496, 0.00,,4.3420,35.160679,-123.015485,2571.9,34.467, 1.603, 2.20, 88.1,0.506,1499.8,27.561,27.575
001190593440,2007,267,00:24:00,2600.2, 1.791,3.12661,0.9494, 0.00,,4.3420,35.160680,-123.015470,2565.5,34.467, 1.606, 2.19, 88.1,0.506,1499.7,27.561,27.575
001190593455,2007,267,00:24:15,2593.1, 1.793,3.12656,0.9484, 0.00,,4.3420,35.160695,-123.015476,2558.5,34.467, 1.609, 2.19, 88.1,0.506,1499.6,27.561,27.574
001190593470,2007,267,00:24:30,2585.5, 1.796,3.12649,0.9480, 0.00,,4.3420,35.160706,-123.015473,2551.1,34.467, 1.613, 2.18, 88.1,0.506,1499.5,27.560,27.574
001190593485,2007,267,00:24:45,2577.9, 1.798,3.12636,0.9477, 0.00,,4.3420,35.160681,-123.015482,2543.6,34.466, 1.615, 2.18, 88.1,0.506,1499.4,27.560,27.573
001190593500,2007,267,00:25:00,2571.1, 1.801,3.12630,0.9472, 0.00,,4.3418,35.160706,-123.015449,2536.9,34.466, 1.619, 2.17, 88.1,0.506,1499.3,27.559,27.573
001190593515,2007,267,00:25:15,2563.9, 1.802,3.12611,0.9471, 0.00,,4.3421,35.160721,-123.015398,2529.9,34.466, 1.620, 2.17, 88.1,0.506,1499.2,27.559,27.573
001190593530,2007,267,00:25:30,2556.8, 1.804,3.12599,0.9468, 0.00,,4.3418,35.160742,-123.015343,2522.9,34.465, 1.623, 2.17, 88.1,0.506,1499.1,27.559,27.572
001190593545,2007,267,00:25:45,2549.7, 1.809,3.12616,0.9461, 0.00,,4.3420,35.160769,-123.015339,2516.0,34.465, 1.629, 2.16, 88.1,0.506,1499.0,27.558,27.572
001190593560,2007,267,00:26:00,2542.4, 1.814,3.12622,0.9452, 0.00,,4.3417,35.160762,-123.015300,2508.8,34.465, 1.634, 2.15, 88.1,0.506,1498.9,27.557,27.571
001190593575,2007,267,00:26:15,2535.0, 1.819,3.12629,0.9439, 0.00,,4.3418,35.160753,-123.015293,2501.6,34.464, 1.639, 2.15, 88.1,0.506,1498.8,27.556,27.570
001190593590,2007,267,00:26:30,2527.7, 1.822,3.12627,0.9433, 0.00,,4.3415,35.160764,-123.015290,2494.4,34.464, 1.643, 2.14, 88.1,0.506,1498.6,27.556,27.570
001190593605,2007,267,00:26:45,2520.3, 1.822,3.12607,0.9430, 0.00,,4.3415,35.160753,-123.015296,2487.2,34.464, 1.644, 2.14, 88.1,0.506,1498.5,27.556,27.570
001190593620,2007,267,00:27:00,2513.2, 1.824,3.12594,0.9426, 0.00,,4.3422,35.160767,-123.015298,2480.2,34.464, 1.647, 2.13, 88.1,0.506,1498.4,27.556,27.569
001190593635,2007,267,00:27:15,2506.1, 1.828,3.12600,0.9424, 0.00,,4.3421,35.160768,-123.015296,2473.2,34.464, 1.651, 2.13, 88.1,0.506,1498.3,27.555,27.569
001190593650,2007,267,00:27:30,2499.5, 1.833,3.12611,0.9420, 0.00,,4.3425,35.160775,-123.015296,2466.7,34.463, 1.657, 2.13, 88.1,0.506,1498.2,27.555,27.568
001190593665,2007,267,00:27:45,2493.4, 1.837,3.12624,0.9417, 0.00,,4.3422,35.160787,-123.015286,2460.7,34.463, 1.661, 2.12, 88.1,0.506,1498.1,27.554,27.568
001190593680,2007,267,00:28:00,2486.9, 1.839,3.12605,0.9397, 0.00,,4.3421,35.160798,-123.015244,2454.3,34.462, 1.664, 2.11, 88.1,0.506,1498.0,27.553,27.566
001190593695,2007,267,00:28:15,2479.9, 1.842,3.12593,0.9390, 0.00,,4.3419,35.160798,-123.015229,2447.5,34.461, 1.667, 2.11, 88.1,0.506,1497.9,27.552,27.566
001190593710,2007,267,00:28:30,2473.0, 1.843,3.12582,0.9385, 0.00,,4.3422,35.160797,-123.015235,2440.7,34.462, 1.669, 2.10, 88.1,0.506,1497.8,27.553,27.566
001190593725,2007,267,00:28:45,2466.4, 1.844,3.12564,0.9375, 0.00,,4.3419,35.160804,-123.015228,2434.2,34.461, 1.671, 2.09, 88.1,0.506,1497.7,27.552,27.565
001190593740,2007,267,00:29:00,2459.6, 1.846,3.12558,0.9372, 0.00,,4.3424,35.160821,-123.015229,2427.6,34.462, 1.673, 2.09, 88.1,0.506,1497.6,27.552,27.565
001190593755,2007,267,00:29:15,2452.6, 1.849,3.12549,0.9365, 0.00,,4.3424,35.160828,-123.015235,2420.7,34.461, 1.677, 2.09, 88.1,0.506,1497.5,27.552,27.565
001190593770,2007,267,00:29:30,2445.7, 1.852,3.12551,0.9362, 0.00,,4.3422,35.160829,-123.015235,2413.9,34.461, 1.680, 2.08, 88.1,0.506,1497.4,27.552,27.565
001190593785,2007,267,00:29:45,2438.8, 1.854,3.12534,0.9356, 0.00,,4.3423,35.160828,-123.015232,2407.2,34.461, 1.682, 2.08, 88.1,0.506,1497.3,27.551,27.564
001190593800,2007,267,00:30:00,2431.9, 1.856,3.12527,0.9347, 0.00,,4.3424,35.160836,-123.015241,2400.4,34.460, 1.686, 2.07, 88.1,0.506,1497.2,27.551,27.564
001190593815,2007,267,00:30:15,2425.1, 1.859,3.12520,0.9342, 0.00,,4.3421,35.160830,-123.015241,2393.7,34.460, 1.688, 2.07, 88.1,0.506,1497.1,27.550,27.563
001190593830,2007,267,00:30:30,2418.5, 1.860,3.12509,0.9333, 0.00,,4.3418,35.160831,-123.015234,2387.2,34.460, 1.691, 2.06, 88.1,0.506,1497.0,27.550,27.563
001190593845,2007,267,00:30:45,2412.0, 1.864,3.12506,0.9327, 0.00,,4.3415,35.160846,-123.015230,2380.9,34.459, 1.695, 2.06, 88.1,0.506,1496.9,27.549,27.561
001190593860,2007,267,00:31:00,2405.3, 1.868,3.12515,0.9321, 0.00,,4.3413,35.160861,-123.015230,2374.2,34.459, 1.699, 2.05, 88.1,0.507,1496.8,27.549,27.562
001190593875,2007,267,00:31:15,2398.5, 1.872,3.12520,0.9311, 0.00,,4.3417,35.160854,-123.015240,2367.6,34.459, 1.704, 2.04, 88.1,0.506,1496.7,27.548,27.561
001190593890,2007,267,00:31:30,2391.9, 1.875,3.12512,0.9302, 0.00,,4.3416,35.160832,-123.015242,2361.1,34.458, 1.707, 2.04, 88.1,0.506,1496.6,27.547,27.560
001190593905,2007,267,00:31:45,2385.1, 1.878,3.12514,0.9295, 0.00,,4.3421,35.160868,-123.015231,2354.5,34.458, 1.711, 2.03, 88.1,0.506,1496.5,27.547,27.559
001190593920,2007,267,00:32:00,2378.5, 1.882,3.12517,0.9291, 0.00,,4.3421,35.160868,-123.015228,2348.0,34.458, 1.715, 2.03, 88.1,0.506,1496.4,27.546,27.559
001190593935,2007,267,00:32:15,2372.1, 1.886,3.12523,0.9283, 0.00,,4.3421,35.160891,-123.015207,2341.7,34.457, 1.720, 2.02, 88.1,0.506,1496.3,27.546,27.558
001190593950,2007,267,00:32:30,2365.6, 1.889,3.12525,0.9273, 0.00,,4.3421,35.160899,-123.015210,2335.3,34.457, 1.724, 2.02, 88.1,0.506,1496.2,27.545,27.558
001190593965,2007,267,00:32:45,2358.8, 1.893,3.12534,0.9269, 0.00,,4.3420,35.160921,-123.015219,2328.7,34.457, 1.728, 2.01, 88.1,0.506,1496.1,27.545,27.557
001190593980,2007,267,00:33:00,2352.1, 1.897,3.12550,0.9270, 0.00,,4.3420,35.160922,-123.015207,2322.0,34.458, 1.733, 2.01, 88.1,0.506,1496.0,27.545,27.558
001190593995,2007,267,00:33:15,2345.2, 1.903,3.12560,0.9266, 0.00,,4.3422,35.160938,-123.015246,2315.3,34.456, 1.739, 2.01, 88.1,0.506,1495.9,27.544,27.556
001190594010,2007,267,00:33:30,2338.5, 1.906,3.12556,0.9257, 0.00,,4.3426,35.160950,-123.015291,2308.7,34.456, 1.742, 2.00, 88.1,0.505,1495.8,27.543,27.556
001190594025,2007,267,00:33:45,2332.0, 1.907,3.12537,0.9247, 0.00,,4.3425,35.160959,-123.015298,2302.3,34.456, 1.744, 1.99, 88.1,0.505,1495.7,27.543,27.556
001190594040,2007,267,00:34:00,2325.4, 1.909,3.12528,0.9237, 0.00,,4.3420,35.160966,-123.015294,2295.9,34.456, 1.746, 1.99, 88.1,0.506,1495.6,27.543,27.555
001190594055,2007,267,00:34:15,2318.7, 1.911,3.12515,0.9231, 0.00,,4.3423,35.160981,-123.015257,2289.2,34.455, 1.750, 1.98, 88.1,0.506,1495.5,27.542,27.554
001190594070,2007,267,00:34:30,2312.0, 1.914,3.12517,0.9226, 0.00,,4.3421,35.160980,-123.015235,2282.7,34.455, 1.753, 1.98, 88.1,0.506,1495.4,27.542,27.554
001190594085,2007,267,00:34:45,2305.2, 1.917,3.12516,0.9217, 0.00,,4.3422,35.160985,-123.015235,2276.0,34.455, 1.757, 1.97, 88.1,0.506,1495.3,27.541,27.554
001190594100,2007,267,00:35:00,2298.5, 1.922,3.12514,0.9208, 0.00,,4.3426,35.160991,-123.015241,2269.4,34.453, 1.761, 1.97, 88.1,0.505,1495.2,27.540,27.552
001190594115,2007,267,00:35:15,2291.7, 1.925,3.12519,0.9191, 0.00,,4.3421,35.160984,-123.015232,2262.8,34.454, 1.765, 1.96, 88.1,0.506,1495.1,27.540,27.552
001190594130,2007,267,00:35:30,2285.0, 1.927,3.12509,0.9177, 0.00,,4.3420,35.160987,-123.015244,2256.2,34.453, 1.768, 1.95, 88.1,0.506,1495.0,27.539,27.551
001190594145,2007,267,00:35:45,2278.5, 1.930,3.12501,0.9166, 0.00,,4.3418,35.160980,-123.015235,2249.8,34.453, 1.771, 1.94, 88.1,0.506,1494.9,27.539,27.551
001190594160,2007,267,00:36:00,2271.8, 1.932,3.12490,0.9156, 0.00,,4.3418,35.160980,-123.015244,2243.2,34.452, 1.774, 1.94, 88.1,0.506,1494.8,27.538,27.550
001190594175,2007,267,00:36:15,2265.0, 1.934,3.12478,0.9151, 0.00,,4.3419,35.160984,-123.015244,2236.5,34.452, 1.777, 1.93, 88.1,0.506,1494.7,27.538,27.550
001190594190,2007,267,00:36:30,2258.0, 1.937,3.12477,0.9141, 0.00,,4.3416,35.160990,-123.015221,2229.6,34.451, 1.781, 1.93, 88.1,0.506,1494.6,27.537,27.549
001190594205,2007,267,00:36:45,2251.2, 1.939,3.12449,0.9122, 0.00,,4.3418,35.160980,-123.015233,2222.9,34.450, 1.782, 1.92, 88.1,0.506,1494.5,27.536,27.548
001190594220,2007,267,00:37:00,2244.4, 1.943,3.12449,0.9094, 0.00,,4.3419,35.160980,-123.015244,2216.3,34.449, 1.787, 1.90, 88.1,0.506,1494.4,27.535,27.547
001190594235,2007,267,00:37:15,2237.8, 1.951,3.12492,0.9084, 0.00,,4.3421,35.161011,-123.015241,2209.8,34.448, 1.796, 1.89, 88.1,0.506,1494.3,27.533,27.545
001190594250,2007,267,00:37:30,2231.1, 1.958,3.12538,0.9093, 0.00,,4.3424,35.161021,-123.015241,2203.3,34.450, 1.803, 1.90, 88.1,0.506,1494.2,27.534,27.546
001190594265,2007,267,00:37:45,2224.2, 1.962,3.12550,0.9095, 0.00,,4.3421,35.161035,-123.015206,2196.4,34.450, 1.808, 1.89, 88.1,0.506,1494.1,27.534,27.546
001190594280,2007,267,00:38:00,2217.3, 1.967,3.12554,0.9091, 0.00,,4.3416,35.161007,-123.015229,2189.6,34.449, 1.813, 1.89, 88.1,0.506,1494.0,27.533,27.545
001190594295,2007,267,00:38:15,2210.4, 1.971,3.12559,0.9077, 0.00,,4.3408,35.160994,-123.015229,2182.9,34.448, 1.818, 1.88, 88.1,0.507,1493.9,27.532,27.544
001190594310,2007,267,00:38:30,2203.6, 1.974,3.12553,0.9055, 0.00,,4.3421,35.160986,-123.015229,2176.2,34.448, 1.821, 1.87, 88.1,0.506,1493.8,27.532,27.544
001190594325,2007,267,00:38:45,2196.9, 1.977,3.12546,0.9039, 0.00,,4.3417,35.160980,-123.015231,2169.7,34.447, 1.825, 1.86, 88.1,0.506,1493.7,27.531,27.542
001190594340,2007,267,00:39:00,2190.2, 1.981,3.12555,0.9026, 0.00,,4.3418,35.160981,-123.015247,2163.1,34.448, 1.829, 1.85, 88.1,0.506,1493.6,27.531,27.543
001190594355,2007,267,00:39:15,2183.2, 1.986,3.12560,0.9014, 0.00,,4.3421,35.160980,-123.015244,2156.2,34.446, 1.835, 1.85, 88.1,0.506,1493.5,27.529,27.541
001190594370,2007,267,00:39:30,2176.3, 1.989,3.12558,0.9003, 0.00,,4.3417,35.160997,-123.015293,2149.4,34.446, 1.838, 1.84, 88.1,0.506,1493.4,27.529,27.541
001190594385,2007,267,00:39:45,2169.3, 1.991,3.12550,0.8983, 0.00,,4.3420,35.161011,-123.015284,2142.5,34.446, 1.841, 1.83, 88.1,0.506,1493.3,27.528,27.540
001190594400,2007,267,00:40:00,2162.4, 1.996,3.12550,0.8968, 0.00,,4.3417,35.161011,-123.015287,2135.7,34.445, 1.846, 1.82, 88.1,0.506,1493.2,27.527,27.539
001190594415,2007,267,00:40:15,2155.7, 1.999,3.12549,0.8952, 0.00,,4.3421,35.161025,-123.015296,2129.2,34.444, 1.850, 1.81, 88.1,0.506,1493.1,27.526,27.538
001190594430,2007,267,00:40:30,2149.1, 2.007,3.12594,0.8946, 0.00,,4.3423,35.161041,-123.015298,2122.6,34.444, 1.859, 1.81, 88.1,0.506,1493.0,27.526,27.538
001190594445,2007,267,00:40:45,2142.9, 2.018,3.12649,0.8925, 0.00,,4.3424,35.161051,-123.015299,2116.6,34.443, 1.869, 1.80, 88.1,0.506,1493.0,27.524,27.536
001190594460,2007,267,00:41:00,2137.0, 2.023,3.12664,0.8912, 0.00,,4.3422,35.161072,-123.015299,2110.7,34.442, 1.875, 1.79, 88.1,0.506,1492.9,27.523,27.535
001190594475,2007,267,00:41:15,2130.4, 2.030,3.12674,0.8890, 0.00,,4.3420,35.161072,-123.015290,2104.2,34.440, 1.882, 1.78, 88.1,0.506,1492.8,27.520,27.532
001190594490,2007,267,00:41:30,2123.7, 2.033,3.12673,0.8870, 0.00,,4.3416,35.161073,-123.015296,2097.7,34.439, 1.887, 1.77, 88.1,0.506,1492.7,27.519,27.531
001190594505,2007,267,00:41:45,2116.9, 2.036,3.12668,0.8866, 0.00,,4.3420,35.161073,-123.015284,2091.0,34.438, 1.890, 1.76, 88.1,0.506,1492.6,27.519,27.530
001190594520,2007,267,00:42:00,2110.0, 2.042,3.12668,0.8855, 0.00,,4.3418,35.161076,-123.015299,2084.3,34.435, 1.896, 1.76, 88.1,0.506,1492.5,27.516,27.527
001190594535,2007,267,00:42:15,2103.5, 2.047,3.12686,0.8840, 0.00,,4.3417,35.161087,-123.015289,2077.9,34.435, 1.902, 1.75, 88.1,0.506,1492.4,27.516,27.527
001190594550,2007,267,00:42:30,2096.6, 2.054,3.12717,0.8820, 0.00,,4.3413,35.161082,-123.015296,2071.0,34.436, 1.909, 1.74, 88.1,0.507,1492.3,27.515,27.527
001190594565,2007,267,00:42:45,2089.4, 2.060,3.12735,0.8802, 0.00,,4.3420,35.161094,-123.015290,2064.0,34.435, 1.916, 1.73, 88.1,0.506,1492.2,27.514,27.525
001190594580,2007,267,00:43:00,2082.2, 2.060,3.12734,0.8793, 0.00,,4.3419,35.161102,-123.015305,2056.9,34.438, 1.916, 1.72, 88.1,0.506,1492.1,27.517,27.528
001190594595,2007,267,00:43:15,2074.9, 2.064,3.12731,0.8777, 0.00,,4.3419,35.161111,-123.015287,2049.8,34.437, 1.921, 1.71, 88.1,0.506,1492.0,27.515,27.526
001190594610,2007,267,00:43:30,2067.8, 2.070,3.12737,0.8769, 0.00,,4.3418,35.161109,-123.015293,2042.7,34.435, 1.927, 1.71, 88.1,0.506,1491.9,27.514,27.525
001190594625,2007,267,00:43:45,2060.6, 2.072,3.12741,0.8757, 0.00,,4.3414,35.161104,-123.015323,2035.7,34.437, 1.930, 1.70, 88.1,0.506,1491.8,27.515,27.526
001190594640,2007,267,00:44:00,2053.8, 2.078,3.12742,0.8744, 0.00,,4.3418,35.161103,-123.015356,2029.0,34.434, 1.936, 1.69, 88.1,0.506,1491.7,27.512,27.523
001190594655,2007,267,00:44:15,2046.8, 2.083,3.12762,0.8731, 0.00,,4.3420,35.161102,-123.015354,2022.1,34.434, 1.942, 1.68, 88.1,0.506,1491.6,27.512,27.523
001190594670,2007,267,00:44:30,2039.6, 2.089,3.12785,0.8716, 0.00,,4.3419,35.161103,-123.015351,2015.0,34.434, 1.949, 1.68, 88.1,0.506,1491.5,27.511,27.522
001190594685,2007,267,00:44:45,2032.4, 2.095,3.12808,0.8706, 0.00,,4.3420,35.161104,-123.015354,2007.9,34.434, 1.955, 1.67, 88.1,0.506,1491.4,27.511,27.522
001190594700,2007,267,00:45:00,2025.3, 2.101,3.12824,0.8695, 0.00,,4.3422,35.161104,-123.015348,2001.0,34.433, 1.962, 1.66, 88.1,0.506,1491.3,27.510,27.521
001190594715,2007,267,00:45:15,2018.0, 2.104,3.12819,0.8685, 0.00,,4.3423,35.161103,-123.015360,1993.7,34.433, 1.965, 1.66, 88.1,0.506,1491.2,27.509,27.520
001190594730,2007,267,00:45:30,2010.7, 2.110,3.12827,0.8672, 0.00,,4.3419,35.161102,-123.015329,1986.6,34.431, 1.972, 1.65, 88.1,0.506,1491.1,27.507,27.518
001190594745,2007,267,00:45:45,2004.5, 2.126,3.12899,0.8639, 0.00,,4.3421,35.161105,-123.015316,1980.5,34.427, 1.987, 1.63, 88.1,0.506,1491.1,27.502,27.513
001190594760,2007,267,00:46:00,1998.4, 2.131,3.12937,0.8613, 0.00,,4.3422,35.161102,-123.015347,1974.5,34.428, 1.994, 1.62, 88.1,0.506,1491.0,27.503,27.514
001190594775,2007,267,00:46:15,1991.6, 2.140,3.12961,0.8593, 0.00,,4.3425,35.161098,-123.015363,1967.8,34.425, 2.003, 1.61, 88.1,0.506,1490.9,27.500,27.511
001190594790,2007,267,00:46:30,1984.5, 2.147,3.12992,0.8565, 0.00,,4.3428,35.161092,-123.015363,1960.9,34.425, 2.011, 1.60, 88.1,0.505,1490.8,27.499,27.510
001190594805,2007,267,00:46:45,1977.8, 2.155,3.13018,0.8543, 0.00,,4.3427,35.161072,-123.015351,1954.2,34.423, 2.018, 1.58, 88.1,0.505,1490.8,27.497,27.508
001190594820,2007,267,00:47:00,1970.5, 2.166,3.13069,0.8528, 0.00,,4.3421,35.161049,-123.015413,1947.0,34.422, 2.030, 1.58, 88.1,0.506,1490.7,27.495,27.506
001190594835,2007,267,00:47:15,1963.4, 2.175,3.13131,0.8512, 0.00,,4.3424,35.161024,-123.015417,1940.1,34.423, 2.040, 1.57, 88.1,0.506,1490.6,27.495,27.506
001190594850,2007,267,00:47:30,1956.6, 2.180,3.13140,0.8497, 0.00,,4.3419,35.161011,-123.015421,1933.4,34.422, 2.046, 1.56, 88.1,0.506,1490.5,27.494,27.505
001190594865,2007,267,00:47:45,1949.4, 2.184,3.13146,0.8474, 0.00,,4.3422,35.160982,-123.015458,1926.3,34.422, 2.050, 1.55, 88.1,0.506,1490.4,27.494,27.504
001190594880,2007,267,00:48:00,1941.6, 2.192,3.13190,0.8456, 0.00,,4.3419,35.160984,-123.015471,1918.6,34.423, 2.058, 1.54, 88.1,0.506,1490.3,27.494,27.505
001190594895,2007,267,00:48:15,1934.3, 2.200,3.13212,0.8434, 0.00,,4.3418,35.160974,-123.015482,1911.5,34.420, 2.067, 1.53, 88.1,0.506,1490.2,27.491,27.502
001190594910,2007,267,00:48:30,1927.1, 2.210,3.13241,0.8409, 0.00,,4.3420,35.160952,-123.015509,1904.4,34.417, 2.077, 1.51, 88.1,0.506,1490.1,27.488,27.498
001190594925,2007,267,00:48:45,1919.7, 2.218,3.13277,0.8386, 0.00,,4.3421,35.160940,-123.015546,1897.1,34.417, 2.086, 1.50, 88.1,0.506,1490.0,27.487,27.498
001190594940,2007,267,00:49:00,1912.6, 2.221,3.13301,0.8368, 0.00,,4.3425,35.160911,-123.015539,1890.1,34.419, 2.090, 1.49, 88.1,0.505,1489.9,27.489,27.499
001190594955,2007,267,00:49:15,1905.3, 2.220,3.13255,0.8333, 0.00,,4.3423,35.160898,-123.015597,1882.9,34.419, 2.089, 1.48, 88.1,0.506,1489.8,27.488,27.499
001190594970,2007,267,00:49:30,1897.8, 2.230,3.13268,0.8291, 0.00,,4.3427,35.160889,-123.015592,1875.5,34.414, 2.099, 1.46, 88.1,0.505,1489.7,27.483,27.494
001190594985,2007,267,00:49:45,1890.1, 2.243,3.13332,0.8251, 0.00,,4.3423,35.160889,-123.015604,1867.9,34.411, 2.113, 1.44, 88.1,0.506,1489.7,27.480,27.491
001190595000,2007,267,00:50:00,1882.5, 2.255,3.13390,0.8217, 0.00,,4.3416,35.160889,-123.015610,1860.5,34.409, 2.126, 1.42, 88.1,0.506,1489.6,27.478,27.488
001190595015,2007,267,00:50:15,1875.0, 2.269,3.13445,0.8193, 0.00,,4.3417,35.160883,-123.015610,1853.1,34.405, 2.140, 1.41, 88.1,0.506,1489.5,27.473,27.484
001190595030,2007,267,00:50:30,1867.7, 2.277,3.13504,0.8170, 0.00,,4.3420,35.160882,-123.015600,1845.9,34.407, 2.148, 1.40, 88.1,0.506,1489.4,27.475,27.485
001190595045,2007,267,00:50:45,1860.5, 2.294,3.13573,0.8144, 0.00,,4.3415,35.160859,-123.015601,1838.9,34.401, 2.166, 1.38, 88.1,0.506,1489.4,27.468,27.479
001190595060,2007,267,00:51:00,1853.2, 2.304,3.13653,0.8115, 0.00,,4.3414,35.160858,-123.015604,1831.7,34.404, 2.176, 1.37, 88.1,0.507,1489.3,27.470,27.480
001190595075,2007,267,00:51:15,1846.0, 2.316,3.13715,0.8091, 0.00,,4.3407,35.160858,-123.015610,1824.6,34.402, 2.189, 1.36, 88.1,0.507,1489.2,27.467,27.478
001190595090,2007,267,00:51:30,1838.7, 2.325,3.13755,0.8073, 0.00,,4.3406,35.160858,-123.015604,1817.3,34.402, 2.198, 1.35, 88.1,0.507,1489.1,27.466,27.477
001190595105,2007,267,00:51:45,1831.4, 2.334,3.13805,0.8061, 0.00,,4.3407,35.160838,-123.015601,1810.2,34.402, 2.207, 1.34, 88.1,0.507,1489.1,27.465,27.476
001190595120,2007,267,00:52:00,1824.2, 2.342,3.13860,0.8041, 0.00,,4.3406,35.160860,-123.015598,1803.2,34.404, 2.216, 1.33, 88.1,0.507,1489.0,27.466,27.477
001190595135,2007,267,00:52:15,1817.2, 2.353,3.13902,0.8017, 0.00,,4.3392,35.160848,-123.015598,1796.2,34.400, 2.228, 1.32, 88.1,0.509,1488.9,27.462,27.473
001190595150,2007,267,00:52:30,1809.8, 2.366,3.13955,0.8000, 0.00,,4.3395,35.160845,-123.015570,1789.0,34.397, 2.241, 1.31, 88.1,0.508,1488.8,27.459,27.469
001190595165,2007,267,00:52:45,1802.5, 2.377,3.14040,0.7976, 0.00,,4.3391,35.160846,-123.015568,1781.8,34.399, 2.252, 1.30, 88.1,0.509,1488.8,27.460,27.470
001190595180,2007,267,00:53:00,1795.3, 2.388,3.14081,0.7954, 0.00,,4.3395,35.160846,-123.015583,1774.6,34.396, 2.264, 1.29, 88.1,0.508,1488.7,27.456,27.466
001190595195,2007,267,00:53:15,1788.1, 2.393,3.14118,0.7941, 0.00,,4.3402,35.160842,-123.015580,1767.6,34.399, 2.269, 1.28, 88.1,0.508,1488.6,27.458,27.468
001190595210,2007,267,00:53:30,1781.0, 2.402,3.14160,0.7926, 0.00,,4.3400,35.160843,-123.015534,1760.6,34.398, 2.279, 1.27, 88.1,0.508,1488.5,27.457,27.467
001190595225,2007,267,00:53:45,1774.3, 2.413,3.14223,0.7909, 0.00,,4.3398,35.160856,-123.015542,1754.0,34.398, 2.290, 1.26, 88.1,0.508,1488.4,27.456,27.466
001190595240,2007,267,00:54:00,1767.4, 2.420,3.14259,0.7890, 0.00,,4.3394,35.160828,-123.015540,1747.2,34.397, 2.298, 1.26, 88.1,0.508,1488.3,27.455,27.465
001190595255,2007,267,00:54:15,1760.4, 2.428,3.14308,0.7872, 0.00,,4.3390,35.160847,-123.015554,1740.3,34.399, 2.306, 1.25, 88.1,0.509,1488.3,27.455,27.465
001190595270,2007,267,00:54:30,1753.1, 2.438,3.14363,0.7861, 0.00,,4.3383,35.160851,-123.015580,1733.2,34.398, 2.317, 1.24, 88.0,0.509,1488.2,27.454,27.464
001190595285,2007,267,00:54:45,1745.7, 2.453,3.14451,0.7844, 0.00,,4.3384,35.160840,-123.015537,1725.8,34.397, 2.332, 1.23, 88.0,0.509,1488.1,27.452,27.462
001190595300,2007,267,00:55:00,1738.2, 2.465,3.14519,0.7824, 0.00,,4.3381,35.160810,-123.015535,1718.5,34.396, 2.345, 1.22, 88.0,0.510,1488.1,27.450,27.460
001190595315,2007,267,00:55:15,1730.6, 2.480,3.14598,0.7801, 0.00,,4.3384,35.160807,-123.015525,1711.0,34.394, 2.360, 1.21, 88.0,0.509,1488.0,27.447,27.457
001190595330,2007,267,00:55:30,1723.5, 2.492,3.14668,0.7782, 0.00,,4.3385,35.160812,-123.015521,1704.0,34.393, 2.373, 1.20, 88.0,0.509,1487.9,27.445,27.455
001190595345,2007,267,00:55:45,1716.2, 2.502,3.14737,0.7761, 0.00,,4.3377,35.160829,-123.015488,1696.8,34.394, 2.383, 1.19, 88.0,0.510,1487.8,27.445,27.455
001190595360,2007,267,00:56:00,1708.6, 2.512,3.14773,0.7747, 0.00,,4.3374,35.160824,-123.015467,1689.4,34.392, 2.394, 1.18, 88.0,0.510,1487.8,27.442,27.452
001190595375,2007,267,00:56:15,1701.0, 2.525,3.14839,0.7735, 0.00,,4.3372,35.160818,-123.015403,1681.9,34.390, 2.407, 1.18, 88.0,0.510,1487.7,27.440,27.450
001190595390,2007,267,00:56:30,1693.5, 2.540,3.14925,0.7723, 0.00,,4.3374,35.160811,-123.015402,1674.4,34.388, 2.423, 1.17, 88.0,0.510,1487.6,27.437,27.447
001190595405,2007,267,00:56:45,1685.9, 2.554,3.14998,0.7708, 0.00,,4.3374,35.160803,-123.015403,1667.0,34.386, 2.437, 1.16, 88.0,0.510,1487.5,27.435,27.445
001190595420,2007,267,00:57:00,1678.3, 2.566,3.15076,0.7693, 0.00,,4.3372,35.160797,-123.015408,1659.5,34.387, 2.449, 1.15, 88.0,0.510,1487.5,27.434,27.444
001190595435,2007,267,00:57:15,1670.6, 2.592,3.15239,0.7678, 0.00,,4.3376,35.160798,-123.015403,1651.9,34.383, 2.476, 1.15, 88.0,0.510,1487.5,27.429,27.439
001190595450,2007,267,00:57:30,1662.9, 2.610,3.15333,0.7643, 0.00,,4.3382,35.160799,-123.015401,1644.3,34.379, 2.494, 1.13, 88.0,0.509,1487.4,27.424,27.434
001190595465,2007,267,00:57:45,1654.9, 2.625,3.15434,0.7629, 0.00,,4.3383,35.160809,-123.015403,1636.5,34.379, 2.510, 1.12, 88.0,0.509,1487.3,27.423,27.433
001190595480,2007,267,00:58:00,1647.1, 2.642,3.15534,0.7592, 0.00,,4.3388,35.160824,-123.015410,1628.8,34.378, 2.527, 1.11, 88.1,0.509,1487.3,27.420,27.430
001190595495,2007,267,00:58:15,1639.2, 2.652,3.15609,0.7563, 0.00,,4.3390,35.160822,-123.015401,1620.9,34.380, 2.538, 1.09, 88.1,0.509,1487.2,27.421,27.431
001190595510,2007,267,00:58:30,1631.5, 2.666,3.15653,0.7538, 0.00,,4.3390,35.160831,-123.015449,1613.4,34.374, 2.552, 1.08, 88.1,0.509,1487.1,27.415,27.425
001190595525,2007,267,00:58:45,1624.0, 2.676,3.15704,0.7525, 0.00,,4.3385,35.160838,-123.015407,1606.0,34.374, 2.562, 1.07, 88.0,0.509,1487.0,27.414,27.424
001190595540,2007,267,00:59:00,1616.4, 2.686,3.15750,0.7513, 0.00,,4.3389,35.160849,-123.015397,1598.5,34.373, 2.573, 1.07, 88.1,0.509,1486.9,27.412,27.422
001190595555,2007,267,00:59:15,1608.3, 2.693,3.15798,0.7503, 0.00,,4.3396,35.160860,-123.015454,1590.5,34.375, 2.581, 1.06, 88.1,0.508,1486.8,27.413,27.423
001190595570,2007,267,00:59:30,1600.1, 2.704,3.15849,0.7493, 0.00,,4.3395,35.160864,-123.015450,1582.4,34.374, 2.592, 1.06, 88.1,0.508,1486.7,27.412,27.422
001190595585,2007,267,00:59:45,1591.8, 2.713,3.15890,0.7480, 0.00,,4.3393,35.160879,-123.015423,1574.3,34.373, 2.602, 1.05, 88.1,0.508,1486.6,27.410,27.420
001190595600,2007,267,01:00:00,1584.1, 2.721,3.15937,0.7470, 0.00,,4.3393,35.160897,-123.015461,1566.6,34.374, 2.610, 1.04, 88.1,0.508,1486.6,27.410,27.420
001190595615,2007,267,01:00:15,1576.0, 2.727,3.15950,0.7461, 0.00,,4.3397,35.160893,-123.015447,1558.7,34.373, 2.617, 1.04, 88.1,0.508,1486.4,27.409,27.419
001190595630,2007,267,01:00:30,1568.6, 2.740,3.16009,0.7446, 0.00,,4.3396,35.160889,-123.015428,1551.4,34.372, 2.630, 1.03, 88.1,0.508,1486.4,27.407,27.416
001190595645,2007,267,01:00:45,1561.2, 2.750,3.16053,0.7434, 0.00,,4.3398,35.160893,-123.015433,1544.2,34.370, 2.640, 1.03, 88.1,0.508,1486.3,27.404,27.414
001190595660,2007,267,01:01:00,1553.8, 2.761,3.16115,0.7423, 0.00,,4.3389,35.160915,-123.015444,1536.8,34.369, 2.652, 1.02, 88.1,0.509,1486.2,27.403,27.413
001190595675,2007,267,01:01:15,1546.4, 2.777,3.16178,0.7406, 0.00,,4.3392,35.160919,-123.015444,1529.5,34.364, 2.668, 1.01, 88.1,0.509,1486.1,27.397,27.407
001190595690,2007,267,01:01:30,1539.1, 2.797,3.16283,0.7386, 0.00,,4.3391,35.160922,-123.015437,1522.3,34.358, 2.689, 1.00, 88.1,0.509,1486.1,27.391,27.401
001190595705,2007,267,01:01:45,1531.8, 2.813,3.16397,0.7358, 0.00,,4.3393,35.160941,-123.015421,1515.2,34.359, 2.705, 0.99, 88.1,0.508,1486.1,27.390,27.400
001190595720,2007,267,01:02:00,1524.6, 2.826,3.16531,0.7336, 0.00,,4.3396,35.160950,-123.015412,1508.1,34.365, 2.719, 0.98, 88.1,0.508,1486.0,27.394,27.403
001190595735,2007,267,01:02:15,1517.6, 2.840,3.16606,0.7319, 0.00,,4.3400,35.160950,-123.015420,1501.1,34.363, 2.734, 0.97, 88.1,0.508,1485.9,27.391,27.400
001190595750,2007,267,01:02:30,1510.3, 2.856,3.16749,0.7320, 0.00,,4.3403,35.160950,-123.015409,1494.0,34.368, 2.749, 0.97, 88.1,0.508,1485.9,27.393,27.403
001190595765,2007,267,01:02:45,1503.0, 2.883,3.16904,0.7327, 0.00,,4.3403,35.160950,-123.015432,1486.8,34.362, 2.776, 0.97, 88.1,0.508,1485.9,27.386,27.396
001190595780,2007,267,01:03:00,1495.8, 2.895,3.16977,0.7328, 0.00,,4.3401,35.160964,-123.015468,1479.7,34.361, 2.789, 0.97, 88.1,0.508,1485.8,27.385,27.394
001190595795,2007,267,01:03:15,1488.7, 2.904,3.17008,0.7324, 0.00,,4.3408,35.160980,-123.015465,1472.6,34.359, 2.798, 0.97, 88.1,0.507,1485.7,27.382,27.392
001190595810,2007,267,01:03:30,1481.5, 2.914,3.17072,0.7318, 0.00,,4.3407,35.160987,-123.015432,1465.6,34.359, 2.810, 0.96, 88.1,0.507,1485.6,27.381,27.391
001190595825,2007,267,01:03:45,1474.6, 2.924,3.17138,0.7305, 0.00,,4.3406,35.160998,-123.015449,1458.7,34.361, 2.820, 0.96, 88.1,0.507,1485.6,27.382,27.391
001190595840,2007,267,01:04:00,1467.5, 2.929,3.17175,0.7294, 0.00,,4.3407,35.161011,-123.015425,1451.8,34.363, 2.825, 0.95, 88.1,0.507,1485.5,27.383,27.393
001190595855,2007,267,01:04:15,1460.1, 2.943,3.17250,0.7277, 0.00,,4.3400,35.161013,-123.015407,1444.5,34.361, 2.840, 0.95, 88.1,0.508,1485.4,27.380,27.389
001190595870,2007,267,01:04:30,1452.8, 2.962,3.17351,0.7250, 0.00,,4.3396,35.161025,-123.015406,1437.3,34.358, 2.859, 0.93, 88.1,0.508,1485.4,27.376,27.385
001190595885,2007,267,01:04:45,1445.6, 2.975,3.17449,0.7208, 0.00,,4.3398,35.161041,-123.015411,1430.2,34.358, 2.873, 0.92, 88.1,0.508,1485.3,27.375,27.384
001190595900,2007,267,01:05:00,1438.5, 2.986,3.17507,0.7192, 0.00,,4.3399,35.161041,-123.015412,1423.2,34.358, 2.884, 0.91, 88.1,0.508,1485.2,27.374,27.383
001190595915,2007,267,01:05:15,1431.3, 2.996,3.17574,0.7182, 0.00,,4.3398,35.161035,-123.015433,1416.0,34.359, 2.895, 0.90, 88.1,0.508,1485.2,27.373,27.383
001190595930,2007,267,01:05:30,1424.4, 3.007,3.17613,0.7175, 0.00,,4.3397,35.161041,-123.015436,1409.2,34.356, 2.906, 0.90, 88.1,0.508,1485.1,27.370,27.379
001190595945,2007,267,01:05:45,1417.3, 3.015,3.17660,0.7165, 0.00,,4.3390,35.161047,-123.015404,1402.3,34.356, 2.915, 0.89, 88.1,0.509,1485.0,27.370,27.379
001190595960,2007,267,01:06:00,1410.2, 3.030,3.17756,0.7151, 0.00,,4.3400,35.161053,-123.015403,1395.2,34.355, 2.930, 0.89, 88.1,0.508,1485.0,27.368,27.377
001190595975,2007,267,01:06:15,1403.0, 3.053,3.17877,0.7139, 0.00,,4.3405,35.161041,-123.015454,1388.2,34.350, 2.953, 0.88, 88.1,0.507,1484.9,27.362,27.371
001190595990,2007,267,01:06:30,1395.9, 3.070,3.18031,0.7134, 0.00,,4.3408,35.161047,-123.015468,1381.2,34.354, 2.971, 0.88, 88.1,0.507,1484.9,27.363,27.372
001190596005,2007,267,01:06:45,1388.5, 3.093,3.18181,0.7118, 0.00,,4.3401,35.161049,-123.015452,1373.9,34.352, 2.994, 0.87, 88.1,0.508,1484.9,27.359,27.368
001190596020,2007,267,01:07:00,1381.3, 3.116,3.18299,0.7096, 0.00,,4.3400,35.161013,-123.015476,1366.8,34.345, 3.018, 0.86, 88.1,0.508,1484.8,27.352,27.361
001190596035,2007,267,01:07:15,1374.5, 3.131,3.18369,0.7074, 0.00,,4.3402,35.161017,-123.015488,1360.0,34.341, 3.033, 0.85, 88.1,0.508,1484.8,27.347,27.356
001190596050,2007,267,01:07:30,1367.7, 3.148,3.18460,0.7060, 0.00,,4.3396,35.161013,-123.015470,1353.3,34.338, 3.050, 0.84, 88.1,0.508,1484.7,27.343,27.352
001190596065,2007,267,01:07:45,1360.4, 3.163,3.18556,0.7042, 0.00,,4.3390,35.161038,-123.015471,1346.2,34.337, 3.066, 0.84, 88.1,0.509,1484.7,27.341,27.350
001190596080,2007,267,01:08:00,1353.2, 3.185,3.18699,0.7023, 0.00,,4.3386,35.161011,-123.015476,1339.1,34.335, 3.088, 0.83, 88.0,0.509,1484.6,27.337,27.346
001190596095,2007,267,01:08:15,1346.0, 3.211,3.18858,0.7002, 0.00,,4.3386,35.161006,-123.015476,1332.0,34.330, 3.114, 0.82, 88.0,0.509,1484.6,27.331,27.340
001190596110,2007,267,01:08:30,1338.8, 3.225,3.18944,0.6992, 0.00,,4.3391,35.160986,-123.015482,1324.9,34.330, 3.128, 0.81, 88.1,0.509,1484.6,27.330,27.339
001190596125,2007,267,01:08:45,1332.6, 3.246,3.19151,0.6971, 0.00,,4.3388,35.160980,-123.015485,1318.7,34.336, 3.150, 0.80, 88.1,0.509,1484.6,27.332,27.341
001190596140,2007,267,01:09:00,1326.0, 3.259,3.19289,0.6945, 0.00,,4.3388,35.160974,-123.015497,1312.2,34.341, 3.164, 0.79, 88.1,0.509,1484.5,27.335,27.344
001190596155,2007,267,01:09:15,1319.6, 3.274,3.19379,0.6925, 0.00,,4.3385,35.160960,-123.015488,1305.9,34.340, 3.179, 0.78, 88.0,0.509,1484.5,27.333,27.342
001190596170,2007,267,01:09:30,1313.1, 3.281,3.19428,0.6914, 0.00,,4.3384,35.160968,-123.015482,1299.5,34.342, 3.186, 0.78, 88.0,0.509,1484.4,27.334,27.343
001190596185,2007,267,01:09:45,1306.6, 3.286,3.19432,0.6911, 0.00,,4.3388,35.160980,-123.015482,1293.1,34.340, 3.191, 0.78, 88.1,0.509,1484.3,27.332,27.341
001190596200,2007,267,01:10:00,1299.5, 3.303,3.19507,0.6901, 0.00,,4.3387,35.160980,-123.015450,1286.1,34.335, 3.209, 0.77, 88.0,0.509,1484.2,27.326,27.335
001190596215,2007,267,01:10:15,1292.8, 3.315,3.19552,0.6882, 0.00,,4.3388,35.160981,-123.015418,1279.4,34.332, 3.221, 0.76, 88.1,0.509,1484.2,27.322,27.331
001190596230,2007,267,01:10:30,1285.8, 3.333,3.19630,0.6872, 0.00,,4.3387,35.160980,-123.015427,1272.6,34.325, 3.240, 0.76, 88.1,0.509,1484.1,27.315,27.324
001190596245,2007,267,01:10:45,1278.8, 3.353,3.19752,0.6852, 0.00,,4.3392,35.160971,-123.015413,1265.7,34.323, 3.260, 0.75, 88.1,0.509,1484.1,27.312,27.320
001190596260,2007,267,01:11:00,1271.8, 3.370,3.19874,0.6833, 0.00,,4.3390,35.160950,-123.015424,1258.8,34.322, 3.278, 0.74, 88.1,0.509,1484.1,27.310,27.318
001190596275,2007,267,01:11:15,1264.7, 3.383,3.19987,0.6815, 0.00,,4.3391,35.160951,-123.015421,1251.7,34.326, 3.292, 0.73, 88.1,0.509,1484.0,27.311,27.320
001190596290,2007,267,01:11:30,1257.6, 3.399,3.20069,0.6795, 0.00,,4.3397,35.160951,-123.015424,1244.7,34.323, 3.308, 0.72, 88.1,0.508,1483.9,27.307,27.316
001190596305,2007,267,01:11:45,1250.4, 3.421,3.20165,0.6779, 0.00,,4.3393,35.160951,-123.015442,1237.6,34.315, 3.330, 0.72, 88.1,0.508,1483.9,27.299,27.308
001190596320,2007,267,01:12:00,1243.3, 3.436,3.20299,0.6758, 0.00,,4.3396,35.160941,-123.015479,1230.6,34.318, 3.346, 0.71, 88.1,0.508,1483.9,27.300,27.309
001190596335,2007,267,01:12:15,1236.1, 3.445,3.20420,0.6740, 0.00,,4.3395,35.160942,-123.015452,1223.5,34.327, 3.355, 0.70, 88.1,0.508,1483.8,27.306,27.315
001190596350,2007,267,01:12:30,1228.6, 3.455,3.20454,0.6726, 0.00,,4.3381,35.160928,-123.015454,1216.1,34.325, 3.365, 0.69, 88.0,0.510,1483.7,27.304,27.312
001190596365,2007,267,01:12:45,1221.1, 3.476,3.20575,0.6709, 0.00,,4.3389,35.160932,-123.015482,1208.7,34.321, 3.387, 0.69, 88.1,0.509,1483.7,27.298,27.307
001190596380,2007,267,01:13:00,1214.1, 3.495,3.20672,0.6689, 0.00,,4.3385,35.160922,-123.015470,1201.8,34.316, 3.406, 0.68, 88.0,0.509,1483.6,27.293,27.302
001190596395,2007,267,01:13:15,1206.9, 3.506,3.20742,0.6679, 0.00,,4.3388,35.160936,-123.015470,1194.7,34.317, 3.418, 0.67, 88.1,0.509,1483.5,27.292,27.301
001190596410,2007,267,01:13:30,1199.7, 3.520,3.20827,0.6660, 0.00,,4.3388,35.160944,-123.015481,1187.6,34.316, 3.432, 0.67, 88.1,0.509,1483.5,27.290,27.299
001190596425,2007,267,01:13:45,1192.5, 3.536,3.20880,0.6644, 0.00,,4.3390,35.160950,-123.015537,1180.5,34.309, 3.449, 0.66, 88.1,0.509,1483.4,27.283,27.292
001190596440,2007,267,01:14:00,1185.5, 3.548,3.20954,0.6629, 0.00,,4.3388,35.160946,-123.015542,1173.6,34.309, 3.461, 0.65, 88.1,0.509,1483.4,27.282,27.290
001190596455,2007,267,01:14:15,1179.1, 3.561,3.21082,0.6607, 0.00,,4.3390,35.160922,-123.015543,1167.3,34.314, 3.475, 0.64, 88.1,0.509,1483.3,27.284,27.293
001190596470,2007,267,01:14:30,1172.1, 3.587,3.21255,0.6585, 0.00,,4.3379,35.160896,-123.015540,1160.3,34.311, 3.501, 0.63, 88.0,0.510,1483.3,27.280,27.288
001190596485,2007,267,01:14:45,1164.8, 3.605,3.21375,0.6572, 0.00,,4.3372,35.160902,-123.015543,1153.1,34.310, 3.520, 0.63, 88.0,0.510,1483.3,27.277,27.285
001190596500,2007,267,01:15:00,1157.6, 3.628,3.21444,0.6556, 0.00,,4.3349,35.160915,-123.015546,1146.0,34.298, 3.543, 0.62, 88.0,0.513,1483.2,27.265,27.273
001190596515,2007,267,01:15:15,1150.4, 3.652,3.21613,0.6534, 0.00,,4.3369,35.160920,-123.015549,1139.0,34.297, 3.567, 0.61, 88.0,0.511,1483.2,27.262,27.270
001190596530,2007,267,01:15:30,1143.2, 3.673,3.21823,0.6502, 0.00,,4.3368,35.160888,-123.015549,1131.9,34.303, 3.588, 0.60, 88.0,0.511,1483.2,27.265,27.273
001190596545,2007,267,01:15:45,1136.5, 3.691,3.21952,0.6482, 0.00,,4.3361,35.160769,-123.015549,1125.2,34.303, 3.607, 0.59, 88.0,0.511,1483.1,27.263,27.271
001190596560,2007,267,01:16:00,1129.0, 3.700,3.22022,0.6470, 0.00,,4.3359,35.160740,-123.015546,1117.8,34.305, 3.617, 0.59, 88.0,0.512,1483.1,27.264,27.272
001190596575,2007,267,01:16:15,1122.5, 3.716,3.22108,0.6455, 0.00,,4.3358,35.160753,-123.015571,1111.3,34.302, 3.633, 0.58, 88.0,0.512,1483.0,27.260,27.268
001190596590,2007,267,01:16:30,1115.1, 3.731,3.22200,0.6442, 0.00,,4.3357,35.160741,-123.015551,1104.1,34.302, 3.648, 0.57, 88.0,0.512,1482.9,27.258,27.266
001190596605,2007,267,01:16:45,1107.6, 3.756,3.22380,0.6428, 0.00,,4.3355,35.160727,-123.015546,1096.7,34.301, 3.674, 0.57, 88.0,0.512,1482.9,27.255,27.263
001190596620,2007,267,01:17:00,1100.4, 3.774,3.22472,0.6407, 0.00,,4.3319,35.160724,-123.015540,1089.6,34.296, 3.692, 0.56, 87.9,0.515,1482.9,27.249,27.257
001190596635,2007,267,01:17:15,1093.8, 3.791,3.22597,0.6382, 0.00,,4.3344,35.160743,-123.015577,1083.0,34.297, 3.710, 0.55, 88.0,0.513,1482.8,27.248,27.256
001190596650,2007,267,01:17:30,1087.1, 3.801,3.22648,0.6365, 0.00,,4.3346,35.160738,-123.015592,1076.4,34.296, 3.720, 0.54, 88.0,0.513,1482.8,27.246,27.255
001190596665,2007,267,01:17:45,1080.0, 3.821,3.22737,0.6351, 0.00,,4.3348,35.160742,-123.015592,1069.4,34.289, 3.741, 0.54, 88.0,0.513,1482.7,27.239,27.247
001190596680,2007,267,01:18:00,1073.0, 3.849,3.22889,0.6327, 0.00,,4.3344,35.160747,-123.015596,1062.5,34.282, 3.769, 0.53, 88.0,0.513,1482.7,27.230,27.238
001190596695,2007,267,01:18:15,1065.6, 3.866,3.23094,0.6305, 0.00,,4.3343,35.160752,-123.015541,1055.2,34.291, 3.787, 0.52, 88.0,0.513,1482.7,27.236,27.244
001190596710,2007,267,01:18:30,1058.8, 3.890,3.23167,0.6286, 0.00,,4.3346,35.160768,-123.015549,1048.4,34.278, 3.811, 0.51, 88.0,0.513,1482.7,27.223,27.231
001190596725,2007,267,01:18:45,1052.0, 3.911,3.23241,0.6271, 0.00,,4.3343,35.160800,-123.015592,1041.7,34.270, 3.832, 0.50, 88.0,0.513,1482.6,27.214,27.222
001190596740,2007,267,01:19:00,1045.3, 3.914,3.23361,0.6259, 0.00,,4.3351,35.160854,-123.015572,1035.1,34.284, 3.836, 0.50, 88.0,0.512,1482.5,27.225,27.233
001190596755,2007,267,01:19:15,1038.6, 3.923,3.23409,0.6240, 0.00,,4.3372,35.160916,-123.015589,1028.5,34.284, 3.845, 0.49, 88.0,0.510,1482.5,27.224,27.232
001190596770,2007,267,01:19:30,1031.7, 3.967,3.23588,0.6214, 0.00,,4.3357,35.160912,-123.015606,1021.7,34.263, 3.889, 0.48, 88.0,0.512,1482.5,27.203,27.211
001190596785,2007,267,01:19:45,1024.8, 3.982,3.23772,0.6205, 0.00,,4.3347,35.160887,-123.015610,1014.9,34.272, 3.904, 0.48, 88.0,0.513,1482.5,27.209,27.217
001190596800,2007,267,01:20:00,1017.8, 4.003,3.23947,0.6181, 0.00,,4.3341,35.160869,-123.015621,1007.9,34.275, 3.926, 0.47, 88.0,0.513,1482.4,27.209,27.217
001190596815,2007,267,01:20:15,1010.7, 4.026,3.24127,0.6157, 0.00,,4.3348,35.160876,-123.015653,1001.0,34.275, 3.949, 0.46, 88.0,0.513,1482.4,27.207,27.215
001190596830,2007,267,01:20:30,1004.0, 4.035,3.24184,0.6142, 0.00,,4.3343,35.160878,-123.015661, 994.3,34.275, 3.960, 0.45, 88.0,0.513,1482.3,27.206,27.214
001190596845,2007,267,01:20:45, 997.3, 4.047,3.24252,0.6131, 0.00,,4.3347,35.160838,-123.015665, 987.8,34.275, 3.971, 0.45, 88.0,0.513,1482.3,27.205,27.213
001190596860,2007,267,01:21:00, 990.6, 4.052,3.24269,0.6120, 0.00,,4.3346,35.160820,-123.015668, 981.1,34.275, 3.977, 0.44, 88.0,0.513,1482.2,27.204,27.212
001190596875,2007,267,01:21:15, 983.6, 4.056,3.24274,0.6117, 0.00,,4.3346,35.160853,-123.015665, 974.2,34.275, 3.981, 0.44, 88.0,0.513,1482.1,27.204,27.212
001190596890,2007,267,01:21:30, 976.4, 4.079,3.24431,0.6108, 0.00,,4.3341,35.160899,-123.015675, 967.1,34.273, 4.005, 0.44, 88.0,0.513,1482.1,27.200,27.208
001190596905,2007,267,01:21:45, 969.2, 4.099,3.24556,0.6090, 0.00,,4.3343,35.160920,-123.015720, 960.0,34.270, 4.026, 0.43, 88.0,0.513,1482.0,27.196,27.203
001190596920,2007,267,01:22:00, 961.9, 4.126,3.24693,0.6071, 0.00,,4.3344,35.160924,-123.015721, 952.7,34.263, 4.053, 0.42, 88.0,0.513,1482.0,27.187,27.194
001190596935,2007,267,01:22:15, 954.8, 4.143,3.24825,0.6053, 0.00,,4.3351,35.160950,-123.015729, 945.7,34.264, 4.070, 0.42, 88.0,0.512,1482.0,27.186,27.194
001190596950,2007,267,01:22:30, 947.7, 4.161,3.24898,0.6042, 0.00,,4.3307,35.160966,-123.015729, 938.7,34.258, 4.088, 0.41, 87.9,0.517,1481.9,27.179,27.187
001190596965,2007,267,01:22:45, 940.3, 4.194,3.25174,0.6029, 0.00,,4.3343,35.160969,-123.015723, 931.4,34.259, 4.123, 0.41, 88.0,0.513,1481.9,27.177,27.184
001190596980,2007,267,01:23:00, 933.0, 4.222,3.25405,0.6012, 0.00,,4.3349,35.160980,-123.015732, 924.2,34.261, 4.151, 0.40, 88.0,0.513,1481.9,27.176,27.183
001190596995,2007,267,01:23:15, 926.8, 4.249,3.25522,0.5994, 0.00,,4.3351,35.160974,-123.015732, 918.0,34.251, 4.178, 0.39, 88.0,0.512,1481.9,27.164,27.172
001190597010,2007,267,01:23:30, 920.0, 4.272,3.25761,0.5975, 0.00,,4.3349,35.160980,-123.015726, 911.3,34.258, 4.202, 0.38, 88.0,0.513,1481.9,27.167,27.175
001190597025,2007,267,01:23:45, 913.7, 4.310,3.26051,0.5951, 0.00,,4.3352,35.160980,-123.015732, 905.1,34.256, 4.240, 0.37, 88.0,0.512,1482.0,27.162,27.169
001190597040,2007,267,01:24:00, 907.8, 4.335,3.26227,0.5928, 0.00,,4.3358,35.161011,-123.015732, 899.2,34.254, 4.265, 0.37, 88.0,0.512,1482.0,27.158,27.165
001190597055,2007,267,01:24:15, 902.0, 4.344,3.26261,0.5917, 0.00,,4.3344,35.161030,-123.015715, 893.6,34.251, 4.275, 0.36, 88.0,0.513,1481.9,27.154,27.162
001190597070,2007,267,01:24:30, 896.2, 4.378,3.26502,0.5903, 0.00,,4.3353,35.161051,-123.015670, 887.8,34.248, 4.308, 0.36, 88.0,0.512,1482.0,27.148,27.155
001190597085,2007,267,01:24:45, 890.5, 4.400,3.26666,0.5890, 0.00,,4.3350,35.161072,-123.015586, 882.2,34.247, 4.331, 0.35, 88.0,0.513,1481.9,27.145,27.152
001190597100,2007,267,01:25:00, 884.2, 4.425,3.26848,0.5880, 0.00,,4.3350,35.161072,-123.015587, 876.0,34.246, 4.356, 0.35, 88.0,0.513,1481.9,27.141,27.149
001190597115,2007,267,01:25:15, 877.7, 4.442,3.26955,0.5869, 0.00,,4.3336,35.161076,-123.015565, 869.5,34.243, 4.374, 0.34, 87.9,0.514,1481.9,27.137,27.145
001190597130,2007,267,01:25:30, 871.7, 4.457,3.27050,0.5858, 0.00,,4.3347,35.161081,-123.015528, 863.6,34.242, 4.389, 0.34, 88.0,0.513,1481.9,27.135,27.143
001190597145,2007,267,01:25:45, 865.8, 4.472,3.27108,0.5852, 0.00,,4.3345,35.161082,-123.015499, 857.8,34.236, 4.405, 0.34, 88.0,0.513,1481.8,27.129,27.136
001190597160,2007,267,01:26:00, 859.5, 4.487,3.27227,0.5844, 0.00,,4.3344,35.161094,-123.015464, 851.5,34.238, 4.420, 0.33, 88.0,0.513,1481.8,27.128,27.136
001190597175,2007,267,01:26:15, 853.2, 4.499,3.27282,0.5837, 0.00,,4.3346,35.161098,-123.015450, 845.3,34.235, 4.432, 0.33, 88.0,0.513,1481.7,27.125,27.132
001190597190,2007,267,01:26:30, 847.2, 4.521,3.27401,0.5815, 0.00,,4.3356,35.161103,-123.015410, 839.3,34.230, 4.455, 0.32, 88.0,0.512,1481.7,27.118,27.126
001190597205,2007,267,01:26:45, 841.1, 4.523,3.27437,0.5795, 0.00,,4.3361,35.161108,-123.015390, 833.4,34.234, 4.458, 0.31, 88.0,0.511,1481.6,27.122,27.129
001190597220,2007,267,01:27:00, 835.1, 4.531,3.27448,0.5781, 0.00,,4.3349,35.161119,-123.015360, 827.4,34.230, 4.466, 0.31, 88.0,0.513,1481.6,27.118,27.125
001190597235,2007,267,01:27:15, 829.9, 4.537,3.27478,0.5775, 0.00,,4.3334,35.161126,-123.015351, 822.3,34.230, 4.473, 0.31, 87.9,0.514,1481.5,27.117,27.124
001190597250,2007,267,01:27:30, 824.2, 4.543,3.27476,0.5767, 0.00,,4.3335,35.161147,-123.015290, 816.6,34.227, 4.479, 0.30, 87.9,0.514,1481.4,27.114,27.121
001190597265,2007,267,01:27:45, 818.2, 4.553,3.27499,0.5760, 0.00,,4.3337,35.161165,-123.015249, 810.7,34.222, 4.489, 0.30, 87.9,0.514,1481.4,27.109,27.116
001190597280,2007,267,01:28:00, 811.9, 4.557,3.27526,0.5754, 0.00,,4.3346,35.161212,-123.015228, 804.5,34.224, 4.494, 0.30, 88.0,0.513,1481.3,27.110,27.117
001190597295,2007,267,01:28:15, 805.6, 4.570,3.27528,0.5738, 0.00,,4.3363,35.161206,-123.015221, 798.2,34.215, 4.507, 0.29, 88.0,0.511,1481.2,27.101,27.108
001190597310,2007,267,01:28:30, 799.6, 4.599,3.27612,0.5718, 0.00,,4.3337,35.161206,-123.015165, 792.3,34.198, 4.536, 0.29, 87.9,0.514,1481.2,27.084,27.091
001190597325,2007,267,01:28:45, 793.9, 4.635,3.27808,0.5729, 0.00,,4.3296,35.161194,-123.015133, 786.6,34.186, 4.573, 0.29, 87.9,0.518,1481.2,27.071,27.078
001190597340,2007,267,01:29:00, 788.1, 4.660,3.28128,0.5723, 0.00,,4.3264,35.161216,-123.015113, 780.9,34.201, 4.598, 0.29, 87.8,0.521,1481.3,27.080,27.087
001190597355,2007,267,01:29:15, 782.3, 4.675,3.28274,0.5708, 0.00,,4.3255,35.161251,-123.015075, 775.2,34.205, 4.614, 0.28, 87.8,0.521,1481.2,27.082,27.088
001190597370,2007,267,01:29:30, 776.2, 4.702,3.28447,0.5701, 0.00,,4.3245,35.161256,-123.015034, 769.1,34.201, 4.641, 0.28, 87.8,0.522,1481.2,27.075,27.082
001190597385,2007,267,01:29:45, 769.8, 4.712,3.28544,0.5702, 0.00,,4.3284,35.161285,-123.014997, 762.8,34.205, 4.651, 0.28, 87.8,0.519,1481.2,27.078,27.085
001190597400,2007,267,01:30:00, 763.1, 4.734,3.28705,0.5693, 0.00,,4.3312,35.161285,-123.014955, 756.2,34.205, 4.673, 0.27, 87.9,0.516,1481.2,27.075,27.082
001190597415,2007,267,01:30:15, 756.3, 4.760,3.28921,0.5683, 0.00,,4.3298,35.161286,-123.014930, 749.5,34.206, 4.700, 0.27, 87.9,0.517,1481.2,27.073,27.080
001190597430,2007,267,01:30:30, 749.8, 4.784,3.29062,0.5674, 0.00,,4.3269,35.161285,-123.014940, 743.1,34.201, 4.724, 0.27, 87.8,0.520,1481.1,27.067,27.073
001190597445,2007,267,01:30:45, 743.3, 4.822,3.29243,0.5670, 0.00,,4.3295,35.161285,-123.014995, 736.6,34.187, 4.762, 0.26, 87.9,0.518,1481.2,27.051,27.058
001190597460,2007,267,01:31:00, 736.6, 4.856,3.29565,0.5662, 0.00,,4.3320,35.161286,-123.014991, 730.0,34.192, 4.797, 0.26, 87.9,0.515,1481.2,27.051,27.058
001190597475,2007,267,01:31:15, 730.2, 4.905,3.29948,0.5655, 0.00,,4.3303,35.161285,-123.014993, 723.6,34.190, 4.846, 0.26, 87.9,0.517,1481.3,27.044,27.051
001190597490,2007,267,01:31:30, 723.5, 4.958,3.30347,0.5654, 0.00,,4.3303,35.161288,-123.014985, 717.1,34.185, 4.899, 0.26, 87.9,0.517,1481.4,27.034,27.041
001190597505,2007,267,01:31:45, 717.0, 5.000,3.30664,0.5660, 0.00,,4.3314,35.161295,-123.014988, 710.6,34.182, 4.942, 0.26, 87.9,0.516,1481.5,27.027,27.034
001190597520,2007,267,01:32:00, 710.8, 5.035,3.30990,0.5659, 0.00,,4.3312,35.161318,-123.014991, 704.4,34.186, 4.978, 0.26, 87.9,0.516,1481.5,27.026,27.033
001190597535,2007,267,01:32:15, 705.7, 5.096,3.31462,0.5659, 0.00,,4.3315,35.161317,-123.015058, 699.4,34.181, 5.039, 0.26, 87.9,0.516,1481.7,27.015,27.021
001190597550,2007,267,01:32:30, 699.9, 5.129,3.31704,0.5659, 0.00,,4.3309,35.161317,-123.015028, 693.7,34.178, 5.072, 0.26, 87.9,0.516,1481.7,27.009,27.015
001190597565,2007,267,01:32:45, 693.9, 5.152,3.31849,0.5659, 0.00,,4.3305,35.161316,-123.015023, 687.7,34.175, 5.095, 0.26, 87.9,0.517,1481.7,27.004,27.010
001190597580,2007,267,01:33:00, 688.1, 5.185,3.32067,0.5660, 0.00,,4.3311,35.161317,-123.015000, 682.0,34.169, 5.129, 0.26, 87.9,0.516,1481.7,26.995,27.001
001190597595,2007,267,01:33:15, 682.5, 5.211,3.32280,0.5658, 0.00,,4.3323,35.161317,-123.014991, 676.4,34.170, 5.155, 0.26, 87.9,0.515,1481.7,26.993,26.999
001190597610,2007,267,01:33:30, 676.7, 5.217,3.32308,0.5659, 0.00,,4.3320,35.161316,-123.014994, 670.7,34.169, 5.162, 0.26, 87.9,0.515,1481.7,26.991,26.998
001190597625,2007,267,01:33:45, 671.0, 5.245,3.32455,0.5660, 0.00,,4.3316,35.161316,-123.014997, 665.1,34.161, 5.189, 0.26, 87.9,0.516,1481.7,26.982,26.988
001190597640,2007,267,01:34:00, 665.4, 5.261,3.32588,0.5660, 0.00,,4.3317,35.161340,-123.014936, 659.5,34.163, 5.206, 0.26, 87.9,0.516,1481.6,26.981,26.988
001190597655,2007,267,01:34:15, 660.0, 5.280,3.32750,0.5664, 0.00,,4.3315,35.161346,-123.014899, 654.2,34.165, 5.225, 0.26, 87.9,0.516,1481.6,26.981,26.987
001190597670,2007,267,01:34:30, 654.1, 5.314,3.32929,0.5667, 0.00,,4.3317,35.161324,-123.014875, 648.3,34.153, 5.260, 0.26, 87.9,0.516,1481.7,26.967,26.974
001190597685,2007,267,01:34:45, 647.9, 5.339,3.33094,0.5671, 0.00,,4.3325,35.161303,-123.014884, 642.2,34.149, 5.286, 0.26, 87.9,0.515,1481.7,26.961,26.968
001190597700,2007,267,01:35:00, 641.8, 5.333,3.33121,0.5673, 0.00,,4.3316,35.161313,-123.014857, 636.1,34.162, 5.280, 0.26, 87.9,0.516,1481.6,26.972,26.978
001190597715,2007,267,01:35:15, 635.6, 5.353,3.33119,0.5681, 0.00,,4.3332,35.161317,-123.014866, 630.0,34.144, 5.301, 0.26, 87.9,0.514,1481.5,26.956,26.962
001190597730,2007,267,01:35:30, 630.1, 5.386,3.33357,0.5688, 0.00,,4.3329,35.161297,-123.014905, 624.6,34.141, 5.334, 0.26, 87.9,0.514,1481.5,26.949,26.955
001190597745,2007,267,01:35:45, 624.1, 5.402,3.33446,0.5698, 0.00,,4.3329,35.161316,-123.014924, 618.7,34.138, 5.350, 0.27, 87.9,0.514,1481.5,26.945,26.951
001190597760,2007,267,01:36:00, 617.9, 5.431,3.33672,0.5703, 0.00,,4.3330,35.161316,-123.014933, 612.5,34.137, 5.380, 0.27, 87.9,0.514,1481.5,26.941,26.947
001190597775,2007,267,01:36:15, 611.8, 5.473,3.33938,0.5712, 0.00,,4.3318,35.161317,-123.014927, 606.4,34.128, 5.422, 0.27, 87.9,0.515,1481.6,26.928,26.934
001190597790,2007,267,01:36:30, 605.4, 5.492,3.34088,0.5723, 0.00,,4.3326,35.161317,-123.014936, 600.1,34.129, 5.441, 0.27, 87.9,0.515,1481.5,26.927,26.934
001190597805,2007,267,01:36:45, 598.8, 5.530,3.34337,0.5737, 0.00,,4.3322,35.161317,-123.014936, 593.7,34.122, 5.480, 0.28, 87.9,0.515,1481.6,26.917,26.923
001190597820,2007,267,01:37:00, 592.3, 5.547,3.34513,0.5756, 0.00,,4.3328,35.161316,-123.014914, 587.1,34.128, 5.498, 0.28, 87.9,0.515,1481.6,26.920,26.926
001190597835,2007,267,01:37:15, 585.8, 5.578,3.34730,0.5781, 0.00,,4.3326,35.161370,-123.014862, 580.7,34.124, 5.529, 0.29, 87.9,0.515,1481.6,26.913,26.919
001190597850,2007,267,01:37:30, 579.3, 5.626,3.35043,0.5799, 0.00,,4.3332,35.161377,-123.014866, 574.3,34.115, 5.577, 0.30, 87.9,0.514,1481.6,26.900,26.906
001190597865,2007,267,01:37:45, 572.5, 5.644,3.35193,0.5822, 0.00,,4.3343,35.161379,-123.014857, 567.6,34.117, 5.595, 0.30, 88.0,0.513,1481.6,26.899,26.905
001190597880,2007,267,01:38:00, 566.1, 5.659,3.35235,0.5849, 0.00,,4.3320,35.161408,-123.014866, 561.2,34.110, 5.611, 0.31, 87.9,0.515,1481.6,26.892,26.897
001190597895,2007,267,01:38:15, 560.0, 5.663,3.35171,0.5898, 0.00,,4.3329,35.161408,-123.014872, 555.2,34.102, 5.615, 0.33, 87.9,0.514,1481.5,26.885,26.891
001190597910,2007,267,01:38:30, 554.4, 5.680,3.35245,0.5922, 0.00,,4.3334,35.161409,-123.014857, 549.7,34.095, 5.633, 0.34, 87.9,0.514,1481.4,26.878,26.883
001190597925,2007,267,01:38:45, 549.0, 5.730,3.35636,0.5937, 0.00,,4.3330,35.161383,-123.014883, 544.3,34.092, 5.684, 0.34, 87.9,0.514,1481.5,26.869,26.874
001190597940,2007,267,01:39:00, 543.5, 5.750,3.35770,0.5968, 0.00,,4.3311,35.161387,-123.014831, 538.9,34.090, 5.703, 0.35, 87.9,0.516,1481.5,26.865,26.871
001190597955,2007,267,01:39:15, 538.1, 5.761,3.35839,0.5987, 0.00,,4.3312,35.161407,-123.014777, 533.5,34.089, 5.715, 0.36, 87.9,0.516,1481.5,26.863,26.869
001190597970,2007,267,01:39:30, 532.2, 5.810,3.36188,0.6005, 0.00,,4.3345,35.161419,-123.014750, 527.7,34.083, 5.764, 0.36, 88.0,0.513,1481.6,26.852,26.857
001190597985,2007,267,01:39:45, 526.2, 5.825,3.36290,0.6037, 0.00,,4.3353,35.161438,-123.014750, 521.7,34.081, 5.780, 0.37, 88.0,0.512,1481.5,26.849,26.854
001190598000,2007,267,01:40:00, 520.3, 5.842,3.36405,0.6071, 0.00,,4.3358,35.161444,-123.014725, 515.9,34.081, 5.797, 0.38, 88.0,0.512,1481.5,26.846,26.852
001190598015,2007,267,01:40:15, 515.7, 5.857,3.36439,0.6121, 0.00,,4.3363,35.161407,-123.014730, 511.4,34.071, 5.813, 0.40, 88.0,0.511,1481.5,26.837,26.842
001190598030,2007,267,01:40:30, 511.6, 5.867,3.36486,0.6159, 0.00,,4.3357,35.161383,-123.014736, 507.3,34.069, 5.823, 0.41, 88.0,0.512,1481.4,26.834,26.839
001190598045,2007,267,01:40:45, 507.3, 5.889,3.36667,0.6164, 0.00,,4.3360,35.161354,-123.014756, 503.0,34.069, 5.845, 0.41, 88.0,0.512,1481.5,26.831,26.837
001190598060,2007,267,01:41:00, 501.7, 5.905,3.36745,0.6166, 0.00,,4.3353,35.161310,-123.014756, 497.4,34.064, 5.862, 0.41, 88.0,0.512,1481.4,26.825,26.831
001190598075,2007,267,01:41:15, 495.1, 5.919,3.36844,0.6183, 0.00,,4.3353,35.161285,-123.014753, 490.9,34.065, 5.877, 0.42, 88.0,0.512,1481.4,26.824,26.829
001190598090,2007,267,01:41:30, 488.1, 5.949,3.37034,0.6212, 0.00,,4.3353,35.161261,-123.014762, 484.0,34.060, 5.906, 0.43, 88.0,0.512,1481.4,26.817,26.822
001190598105,2007,267,01:41:45, 480.9, 5.976,3.37238,0.6254, 0.00,,4.3333,35.161255,-123.014742, 476.9,34.060, 5.934, 0.44, 87.9,0.514,1481.3,26.813,26.818
001190598120,2007,267,01:42:00, 473.6, 6.047,3.37852,0.6299, 0.00,,4.3321,35.161255,-123.014773, 469.6,34.060, 6.006, 0.45, 87.9,0.515,1481.5,26.804,26.810
001190598135,2007,267,01:42:15, 466.5, 6.120,3.38365,0.6339, 0.00,,4.3316,35.161276,-123.014814, 462.6,34.049, 6.079, 0.46, 87.9,0.516,1481.7,26.786,26.791
001190598150,2007,267,01:42:30, 459.5, 6.236,3.39271,0.6354, 0.00,,4.3293,35.161307,-123.014808, 455.6,34.038, 6.195, 0.47, 87.9,0.518,1482.0,26.763,26.768
001190598165,2007,267,01:42:45, 452.3, 6.322,3.40237,0.6360, 0.00,,4.3276,35.161317,-123.014808, 448.5,34.063, 6.282, 0.47, 87.8,0.519,1482.3,26.771,26.776
001190598180,2007,267,01:43:00, 445.3, 6.460,3.41385,0.6392, 0.00,,4.3277,35.161298,-123.014826, 441.6,34.056, 6.420, 0.48, 87.8,0.519,1482.7,26.748,26.753
001190598195,2007,267,01:43:15, 439.3, 6.576,3.42191,0.6428, 0.00,,4.3276,35.161292,-123.014896, 435.7,34.034, 6.536, 0.49, 87.8,0.519,1483.0,26.715,26.720
001190598210,2007,267,01:43:30, 432.6, 6.585,3.42606,0.6484, 0.00,,4.3287,35.161285,-123.014890, 429.0,34.073, 6.546, 0.50, 87.8,0.518,1483.0,26.745,26.750
001190598225,2007,267,01:43:45, 425.8, 6.591,3.42444,0.6617, 0.00,,4.3290,35.161298,-123.014921, 422.2,34.053, 6.553, 0.55, 87.9,0.518,1482.9,26.728,26.733
001190598240,2007,267,01:44:00, 419.2, 6.630,3.42542,0.6744, 0.00,,4.3303,35.161297,-123.014936, 415.8,34.029, 6.592, 0.59, 87.9,0.517,1482.9,26.704,26.709
001190598255,2007,267,01:44:15, 412.9, 6.841,3.44333,0.6875, 0.00,,4.3315,35.161317,-123.014927, 409.5,34.020, 6.803, 0.62, 87.9,0.516,1483.6,26.669,26.674
001190598270,2007,267,01:44:30, 406.9, 6.914,3.45270,0.6816, 0.00,,4.3316,35.161338,-123.014911, 403.6,34.053, 6.877, 0.60, 87.9,0.516,1483.8,26.685,26.690
001190598285,2007,267,01:44:45, 401.3, 6.946,3.45261,0.6926, 0.00,,4.3323,35.161324,-123.014918, 398.0,34.023, 6.909, 0.64, 87.9,0.515,1483.8,26.657,26.662
001190598300,2007,267,01:45:00, 396.1, 6.986,3.45732,0.6979, 0.00,,4.3331,35.161287,-123.014927, 392.8,34.039, 6.949, 0.65, 87.9,0.514,1483.9,26.664,26.669
001190598315,2007,267,01:45:15, 390.9, 7.004,3.45850,0.7068, 0.00,,4.3341,35.161262,-123.014936, 387.7,34.036, 6.967, 0.68, 88.0,0.513,1483.9,26.659,26.664
001190598330,2007,267,01:45:30, 386.3, 7.047,3.46343,0.7063, 0.00,,4.3337,35.161243,-123.014908, 383.2,34.050, 7.011, 0.68, 87.9,0.514,1484.0,26.664,26.669
001190598345,2007,267,01:45:45, 382.0, 7.056,3.46316,0.7131, 0.00,,4.3327,35.161211,-123.014865, 378.9,34.041, 7.020, 0.70, 87.9,0.515,1483.9,26.656,26.661
001190598360,2007,267,01:46:00, 376.8, 7.075,3.46465,0.7135, 0.00,,4.3341,35.161195,-123.014882, 373.7,34.041, 7.039, 0.70, 88.0,0.513,1483.9,26.653,26.658
001190598375,2007,267,01:46:15, 370.4, 7.098,3.46605,0.7164, 0.00,,4.3330,35.161224,-123.014872, 367.4,34.036, 7.063, 0.71, 87.9,0.514,1483.9,26.646,26.651
001190598390,2007,267,01:46:30, 363.5, 7.219,3.47431,0.7222, 0.00,,4.3304,35.161225,-123.014869, 360.6,34.010, 7.185, 0.72, 87.9,0.517,1484.2,26.609,26.614
001190598405,2007,267,01:46:45, 357.3, 7.307,3.48301,0.7286, 0.00,,4.3306,35.161220,-123.014878, 354.4,34.022, 7.273, 0.74, 87.9,0.517,1484.5,26.606,26.611
001190598420,2007,267,01:47:00, 352.5, 7.300,3.48323,0.7478, 0.00,,4.3333,35.161224,-123.014869, 349.6,34.034, 7.266, 0.80, 87.9,0.514,1484.4,26.616,26.621
001190598435,2007,267,01:47:15, 348.6, 7.305,3.48266,0.7651, 0.00,,4.3356,35.161197,-123.014871, 345.8,34.025, 7.271, 0.85, 88.0,0.512,1484.3,26.608,26.613
001190598450,2007,267,01:47:30, 344.4, 7.404,3.49138,0.7754, 0.00,,4.3354,35.161166,-123.014853, 341.6,34.024, 7.370, 0.88, 88.0,0.512,1484.6,26.594,26.599
001190598465,2007,267,01:47:45, 340.0, 7.449,3.49549,0.7758, 0.00,,4.3355,35.161134,-123.014863, 337.3,34.027, 7.416, 0.88, 88.0,0.512,1484.7,26.590,26.594
001190598480,2007,267,01:48:00, 335.5, 7.463,3.49619,0.7820, 0.00,,4.3362,35.161117,-123.014796, 332.8,34.023, 7.431, 0.90, 88.0,0.511,1484.7,26.584,26.589
001190598495,2007,267,01:48:15, 331.5, 7.547,3.50378,0.7904, 0.00,,4.3332,35.161089,-123.014812, 328.9,34.024, 7.515, 0.92, 87.9,0.514,1485.0,26.573,26.578
001190598510,2007,267,01:48:30, 327.9, 7.584,3.50687,0.7879, 0.00,,4.3317,35.161078,-123.014828, 325.2,34.023, 7.552, 0.91, 87.9,0.516,1485.1,26.568,26.572
001190598525,2007,267,01:48:45, 322.4, 7.626,3.50933,0.7843, 0.00,,4.3313,35.161097,-123.014824, 319.8,34.011, 7.594, 0.90, 87.9,0.516,1485.1,26.552,26.557
001190598540,2007,267,01:49:00, 316.2, 7.655,3.51397,0.7837, 0.00,,4.3291,35.161078,-123.014839, 313.7,34.036, 7.625, 0.90, 87.9,0.518,1485.2,26.567,26.572
001190598555,2007,267,01:49:15, 309.6, 7.708,3.51884,0.7880, 0.00,,4.3285,35.161079,-123.014835, 307.2,34.040, 7.677, 0.91, 87.8,0.519,1485.3,26.563,26.567
001190598570,2007,267,01:49:30, 302.7, 7.779,3.52498,0.7983, 0.00,,4.3280,35.161078,-123.014863, 300.3,34.040, 7.749, 0.94, 87.8,0.519,1485.4,26.553,26.557
001190598585,2007,267,01:49:45, 295.7, 7.839,3.52833,0.8075, 0.00,,4.3275,35.161087,-123.014854, 293.4,34.021, 7.810, 0.97, 87.8,0.519,1485.5,26.529,26.533
001190598600,2007,267,01:50:00, 288.9, 7.907,3.53288,0.8186, 0.00,,4.3280,35.161107,-123.014903, 286.7,34.007, 7.879, 1.00, 87.8,0.519,1485.6,26.508,26.512
001190598615,2007,267,01:50:15, 282.9, 8.001,3.53827,0.8278, 0.00,,4.3286,35.161115,-123.014902, 280.7,33.976, 7.973, 1.02, 87.8,0.519,1485.9,26.470,26.474
001190598630,2007,267,01:50:30, 276.5, 8.048,3.54426,0.8415, 0.00,,4.3286,35.161134,-123.014903, 274.3,33.998, 8.020, 1.06, 87.8,0.518,1485.9,26.480,26.484
001190598645,2007,267,01:50:45, 270.7, 8.161,3.55072,0.8564, 0.00,,4.3261,35.161137,-123.014914, 268.6,33.960, 8.133, 1.10, 87.8,0.521,1486.2,26.434,26.438
001190598660,2007,267,01:51:00, 265.2, 8.201,3.55520,0.8587, 0.00,,4.3237,35.161134,-123.014969, 263.1,33.971, 8.174, 1.11, 87.7,0.523,1486.3,26.436,26.440
001190598675,2007,267,01:51:15, 260.8, 8.235,3.56117,0.8708, 0.00,,4.3262,35.161142,-123.014953, 258.8,34.004, 8.208, 1.14, 87.8,0.521,1486.4,26.457,26.461
001190598690,2007,267,01:51:30, 257.0, 8.259,3.56302,0.8859, 0.00,,4.3289,35.161119,-123.014930, 255.0,34.002, 8.233, 1.19, 87.9,0.518,1486.4,26.452,26.456
001190598705,2007,267,01:51:45, 253.2, 8.297,3.56596,0.8958, 0.00,,4.3293,35.161089,-123.014898, 251.2,33.999, 8.271, 1.22, 87.9,0.518,1486.5,26.443,26.447
001190598720,2007,267,01:52:00, 249.1, 8.326,3.56797,0.9020, 0.00,,4.3283,35.161046,-123.014813, 247.2,33.994, 8.300, 1.23, 87.8,0.519,1486.5,26.436,26.439
001190598735,2007,267,01:52:15, 245.1, 8.334,3.56808,0.9083, 0.00,,4.3259,35.161041,-123.014814, 243.2,33.989, 8.309, 1.25, 87.8,0.521,1486.5,26.430,26.434
001190598750,2007,267,01:52:30, 239.6, 8.333,3.56759,0.9120, 0.00,,4.3221,35.161019,-123.014793, 237.7,33.988, 8.309, 1.26, 87.7,0.525,1486.4,26.429,26.433
001190598765,2007,267,01:52:45, 233.5, 8.380,3.57143,0.9171, 0.00,,4.3189,35.161025,-123.014771, 231.7,33.986, 8.356, 1.27, 87.6,0.528,1486.5,26.420,26.424
001190598780,2007,267,01:53:00, 227.3, 8.436,3.57472,0.9177, 0.00,,4.3169,35.161041,-123.014817, 225.5,33.970, 8.413, 1.27, 87.6,0.529,1486.6,26.399,26.403
001190598795,2007,267,01:53:15, 220.9, 8.478,3.57850,0.9188, 0.00,,4.3147,35.161062,-123.014817, 219.2,33.972, 8.456, 1.27, 87.6,0.532,1486.6,26.395,26.398
001190598810,2007,267,01:53:30, 214.7, 8.522,3.58246,0.9187, 0.00,,4.3126,35.161072,-123.014870, 213.0,33.974, 8.500, 1.27, 87.5,0.533,1486.7,26.390,26.393
001190598825,2007,267,01:53:45, 208.3, 8.559,3.58555,0.9220, 0.00,,4.3129,35.161078,-123.014887, 206.7,33.974, 8.538, 1.28, 87.5,0.533,1486.7,26.384,26.388
001190598840,2007,267,01:54:00, 202.1, 8.614,3.58834,0.9313, 0.00,,4.3130,35.161096,-123.014923, 200.6,33.954, 8.593, 1.30, 87.5,0.533,1486.8,26.360,26.363
001190598855,2007,267,01:54:15, 195.9, 8.654,3.59149,0.9450, 0.00,,4.3146,35.161108,-123.014936, 194.4,33.951, 8.634, 1.34, 87.6,0.532,1486.8,26.351,26.355
001190598870,2007,267,01:54:30, 189.8, 8.718,3.59379,0.9933, 0.00,,4.3150,35.161127,-123.014933, 188.3,33.917, 8.698, 1.48, 87.6,0.531,1486.9,26.315,26.318
001190598885,2007,267,01:54:45, 183.9, 8.760,3.59561,1.0336, 0.00,,4.3155,35.161133,-123.014969, 182.5,33.899, 8.741, 1.60, 87.6,0.531,1487.0,26.294,26.297
001190598900,2007,267,01:55:00, 178.2, 8.759,3.59477,1.0853, 0.00,,4.3174,35.161133,-123.014992, 176.8,33.894, 8.741, 1.75, 87.6,0.529,1486.9,26.290,26.293
001190598915,2007,267,01:55:15, 173.0, 8.864,3.60114,1.1088, 0.00,,4.3175,35.161147,-123.014994, 171.7,33.863, 8.846, 1.81, 87.6,0.529,1487.1,26.249,26.252
001190598930,2007,267,01:55:30, 167.2, 8.909,3.60426,1.1193, 0.00,,4.3161,35.161163,-123.014993, 165.9,33.855, 8.891, 1.84, 87.6,0.530,1487.2,26.236,26.239
001190598945,2007,267,01:55:45, 163.0, 8.927,3.60607,1.1334, 0.00,,4.2849,35.161163,-123.014994, 161.7,33.859, 8.910, 1.88, 86.9,0.560,1487.2,26.236,26.239
001190598960,2007,267,01:56:00, 167.6, 8.937,3.60758,1.1379, 0.00,,4.1381,35.161182,-123.014997, 166.3,33.863, 8.919, 1.89, 83.9,0.701,1487.3,26.238,26.241
001190598975,2007,267,01:56:15, 166.8, 8.937,3.60769,1.1399, 0.00,,4.2868,35.161186,-123.014982, 165.6,33.865, 8.919, 1.90, 87.0,0.558,1487.3,26.240,26.242
001190598990,2007,267,01:56:30, 161.0, 8.963,3.60908,1.1419, 0.00,,4.3054,35.160949,-123.015400, 159.8,33.857, 8.946, 1.90, 87.4,0.540,1487.3,26.230,26.232
001190599005,2007,267,01:56:45, 154.0, 9.034,3.61307,1.1477, 0.00,,4.3133,35.161138,-123.015159, 152.8,33.834, 9.018, 1.92, 87.5,0.533,1487.4,26.200,26.203
001190599020,2007,267,01:57:00, 147.3, 9.108,3.61786,1.1726, 0.00,,4.3156,35.161226,-123.015049, 146.2,33.817, 9.092, 1.98, 87.6,0.531,1487.6,26.175,26.178
001190599035,2007,267,01:57:15, 141.8, 9.145,3.61817,1.2086, 0.00,,4.3169,35.161227,-123.015031, 140.8,33.788, 9.129, 2.09, 87.6,0.529,1487.6,26.146,26.149
001190599050,2007,267,01:57:30, 136.9, 9.144,3.61707,1.2399, 0.00,,4.3184,35.161209,-123.015030, 135.9,33.780, 9.129, 2.17, 87.6,0.528,1487.5,26.140,26.142
001190599065,2007,267,01:57:45, 132.6, 9.172,3.61687,1.2853, 0.00,,4.3196,35.161191,-123.015033, 131.6,33.753, 9.157, 2.30, 87.7,0.527,1487.5,26.115,26.117
001190599080,2007,267,01:58:00, 128.5, 9.257,3.62486,1.2803, 0.00,,4.3168,35.161169,-123.014988, 127.5,33.757, 9.244, 2.28, 87.6,0.530,1487.7,26.104,26.106
001190599095,2007,267,01:58:15, 124.6, 9.277,3.62427,1.3030, 0.00,,4.3175,35.161151,-123.014959, 123.7,33.734, 9.263, 2.35, 87.6,0.529,1487.7,26.083,26.085
001190599110,2007,267,01:58:30, 119.8, 9.311,3.62412,1.3416, 0.00,,4.3177,35.161134,-123.014897, 118.9,33.703, 9.298, 2.46, 87.6,0.529,1487.7,26.053,26.055
001190599125,2007,267,01:58:45, 114.3, 9.400,3.62695,1.4083, 0.00,,4.3205,35.161116,-123.014856, 113.5,33.650, 9.388, 2.64, 87.7,0.526,1487.9,25.998,26.000
001190599140,2007,267,01:59:00, 109.2, 9.505,3.63414,1.4437, 0.00,,4.3184,35.161109,-123.014835, 108.4,33.629, 9.493, 2.74, 87.6,0.528,1488.2,25.964,25.966
001190599155,2007,267,01:59:15, 104.3, 9.621,3.64219,1.4800, 0.00,,4.3174,35.161110,-123.014832, 103.5,33.605, 9.610, 2.83, 87.6,0.529,1488.5,25.926,25.928
001190599170,2007,267,01:59:30,  98.5, 9.672,3.64423,1.4899, 0.00,,4.3163,35.161105,-123.014838,  97.8,33.581, 9.661, 2.86, 87.6,0.530,1488.5,25.899,25.901
001190599185,2007,267,01:59:45,  92.0, 9.799,3.65510,1.5062, 0.00,,4.3116,35.161117,-123.014842,  91.3,33.577, 9.789, 2.89, 87.5,0.534,1488.9,25.874,25.876
001190599200,2007,267,02:00:00,  85.2,10.143,3.68401,1.5611, 0.00,,4.3072,35.161138,-123.014839,  84.6,33.554,10.134, 3.02, 87.4,0.539,1490.0,25.799,25.801
001190599215,2007,267,02:00:15,  78.4,10.326,3.70243,1.5905, 0.00,,4.3036,35.161141,-123.014850,  77.8,33.575,10.317, 3.09, 87.3,0.542,1490.5,25.784,25.786
001190599230,2007,267,02:00:30,  71.4,10.488,3.71053,1.6600, 0.00,,4.2945,35.161136,-123.014846,  70.9,33.510,10.479, 3.27, 87.1,0.551,1490.9,25.706,25.707
001190599245,2007,267,02:00:45,  64.5,10.897,3.73104,1.8562, 0.00,,4.2797,35.161140,-123.014857,  64.0,33.344,10.889, 3.79, 86.8,0.565,1492.1,25.505,25.506
001190599260,2007,267,02:01:00,  58.1,10.870,3.72123,1.9961, 0.00,,4.2631,35.161135,-123.014872,  57.7,33.274,10.863, 4.18, 86.5,0.580,1491.8,25.455,25.456
001190599275,2007,267,02:01:15,  52.1,10.886,3.70598,2.1394, 0.00,,4.2354,35.161135,-123.014873,  51.7,33.110,10.880, 4.58, 85.9,0.607,1491.5,25.325,25.326
001190599290,2007,267,02:01:30,  47.1,11.142,3.72519,2.2670, 0.00,,4.2024,35.161135,-123.014858,  46.8,33.072,11.136, 4.90, 85.2,0.638,1492.3,25.250,25.251
001190599305,2007,267,02:01:45,  43.9,11.316,3.74261,2.3159, 0.00,,4.1799,35.161062,-123.014891,  43.5,33.089,11.311, 5.02, 84.8,0.660,1492.9,25.231,25.232
001190599320,2007,267,02:02:00,  40.4,12.131,3.82464,2.4493, 0.00,,4.1432,35.160982,-123.014810,  40.1,33.164,12.125, 5.29, 84.0,0.696,1495.7,25.139,25.140
001190599335,2007,267,02:02:15,  40.1,12.398,3.84709,2.5414, 0.00,,4.1291,35.160983,-123.014807,  39.8,33.143,12.393, 5.51, 83.7,0.710,1496.6,25.072,25.073
001190599350,2007,267,02:02:30,  41.2,12.140,3.82249,2.4947, 0.00,,4.1407,35.160980,-123.014809,  40.9,33.134,12.135, 5.41, 84.0,0.699,1495.7,25.114,25.115
001190599365,2007,267,02:02:45,  40.2,12.151,3.82348,2.4994, 0.00,,4.1399,35.160982,-123.014808,  40.0,33.134,12.146, 5.42, 84.0,0.699,1495.8,25.112,25.113
001190599380,2007,267,02:03:00,  40.4,11.594,3.76742,2.4141, 0.00,,4.1635,35.160983,-123.014802,  40.1,33.085,11.589, 5.26, 84.4,0.676,1493.8,25.178,25.178
001190599395,2007,267,02:03:15,  39.8,11.423,3.75292,2.3589, 0.00,,4.1674,35.160980,-123.014805,  39.5,33.096,11.418, 5.12, 84.5,0.672,1493.2,25.218,25.219
001190599410,2007,267,02:03:30,  39.7,11.456,3.75584,2.3606, 0.00,,4.1629,35.160980,-123.014809,  39.4,33.095,11.451, 5.12, 84.4,0.677,1493.3,25.211,25.212
001190599425,2007,267,02:03:45,  39.4,11.685,3.77104,2.3866, 0.00,,4.1635,35.160980,-123.014808,  39.1,33.039,11.681, 5.17, 84.4,0.676,1494.0,25.126,25.126
001190599440,2007,267,02:04:00,  36.4,12.178,3.81585,2.4724, 0.00,,4.1424,35.160980,-123.014814,  36.1,33.038,12.173, 5.35, 84.0,0.697,1495.7,25.033,25.034
001190599455,2007,267,02:04:15,  35.5,12.346,3.84134,2.5332, 0.00,,4.1379,35.160980,-123.014805,  35.3,33.135,12.342, 5.49, 83.9,0.701,1496.4,25.076,25.077
001190599470,2007,267,02:04:30,  33.3,12.520,3.85591,2.5560, 0.00,,4.1303,35.160981,-123.014808,  33.0,33.123,12.515, 5.53, 83.8,0.709,1496.9,25.033,25.034
001190599485,2007,267,02:04:45,  28.6,13.038,3.90244,2.6238, 0.00,,4.1184,35.160980,-123.014805,  28.4,33.113,13.035, 5.65, 83.5,0.720,1498.5,24.924,24.925
001190599500,2007,267,02:05:00,  23.6,13.881,3.97348,2.7025, 0.00,,4.1360,35.160985,-123.014783,  23.4,33.050,13.877, 5.76, 83.9,0.703,1501.2,24.706,24.706
001190599515,2007,267,02:05:15,  18.8,15.426,4.12963,2.7638, 0.00,,4.1303,35.160981,-123.014788,  18.7,33.158,15.424, 5.74, 83.8,0.709,1506.2,24.460,24.461
001190599530,2007,267,02:05:30,  15.2,16.144,4.21612,2.7844, 0.00,,4.1227,35.160980,-123.014802,  15.1,33.326,16.142, 5.70, 83.6,0.716,1508.5,24.428,24.429
001190599545,2007,267,02:05:45,  13.0,16.429,4.24451,2.8075, 0.00,,4.0955,35.160980,-123.014806,  12.9,33.338,16.427, 5.72, 83.0,0.743,1509.4,24.373,24.373
001190599560,2007,267,02:06:00,  12.9,16.428,4.24616,2.8120, 0.00,,4.1030,35.160980,-123.014790,  12.8,33.354,16.426, 5.73, 83.2,0.736,1509.4,24.385,24.385
001190599575,2007,267,02:06:15,  12.0,16.658,4.26825,2.7943, 0.00,,4.0890,35.160980,-123.014800,  11.9,33.356,16.656, 5.67, 82.9,0.750,1510.1,24.333,24.334
001190599590,2007,267,02:06:30,  11.4,16.665,4.26737,2.7876, 0.00,,4.0881,35.160980,-123.014804,  11.3,33.342,16.663, 5.65, 82.9,0.750,1510.1,24.321,24.321
001190599605,2007,267,02:06:45,   6.1,16.998,4.29711,2.7763, 0.00,,4.0835,35.160980,-123.014808,   6.1,33.326,16.997, 5.58, 82.8,0.755,1511.0,24.231,24.231
