usec,year,day,time,pres,temp,cond,o2curr,o2temp,o2delta,transvolt,lat,lon,depth,salin,theta,oxyg,light,beac,sound,sigmat,sigmatheta
001181520000,2007,162,00:00:00,3450.8, 1.574,3.13885,1.3765, 0.00,,4.4920,35.165466,-123.015354,3398.0,34.459, 1.312, 2.56, 91.2,0.368,1513.3,27.571,27.590
001181520015,2007,162,00:00:15,3445.7, 1.574,3.13870,1.3764, 0.00,,4.4921,35.165466,-123.015357,3393.1,34.459, 1.313, 2.56, 91.2,0.368,1513.2,27.571,27.590
001181520030,2007,162,00:00:30,3439.2, 1.575,3.13856,1.3763, 0.00,,4.4920,35.165466,-123.015360,3386.8,34.459, 1.315, 2.55, 91.2,0.368,1513.1,27.571,27.589
001181520045,2007,162,00:00:45,3432.7, 1.576,3.13847,1.3760, 0.00,,4.4918,35.165466,-123.015357,3380.4,34.460, 1.316, 2.55, 91.2,0.368,1513.0,27.571,27.590
001181520060,2007,162,00:01:00,3426.2, 1.578,3.13828,1.3760, 0.00,,4.4913,35.165466,-123.015363,3374.1,34.459, 1.318, 2.55, 91.2,0.369,1512.9,27.571,27.589
001181520075,2007,162,00:01:15,3419.8, 1.579,3.13809,1.3760, 0.00,,4.4914,35.165466,-123.015366,3367.8,34.458, 1.320, 2.54, 91.2,0.369,1512.8,27.570,27.588
001181520090,2007,162,00:01:30,3413.5, 1.579,3.13795,1.3762, 0.00,,4.4917,35.165466,-123.015366,3361.6,34.459, 1.321, 2.54, 91.2,0.368,1512.7,27.570,27.589
001181520105,2007,162,00:01:45,3407.0, 1.581,3.13782,1.3760, 0.00,,4.4915,35.165466,-123.015360,3355.3,34.459, 1.323, 2.54, 91.2,0.369,1512.6,27.570,27.588
001181520120,2007,162,00:02:00,3400.5, 1.583,3.13767,1.3758, 0.00,,4.4905,35.165466,-123.015361,3348.9,34.458, 1.326, 2.54, 91.2,0.370,1512.5,27.569,27.587
001181520135,2007,162,00:02:15,3393.9, 1.584,3.13753,1.3756, 0.00,,4.4900,35.165466,-123.015352,3342.5,34.457, 1.328, 2.53, 91.2,0.370,1512.4,27.569,27.587
001181520150,2007,162,00:02:30,3387.4, 1.585,3.13742,1.3756, 0.00,,4.4920,35.165467,-123.015347,3336.1,34.458, 1.329, 2.53, 91.2,0.368,1512.3,27.569,27.588
001181520165,2007,162,00:02:45,3380.7, 1.585,3.13723,1.3757, 0.00,,4.4921,35.165466,-123.015349,3329.6,34.459, 1.330, 2.53, 91.2,0.368,1512.1,27.569,27.588
001181520180,2007,162,00:03:00,3374.5, 1.585,3.13711,1.3756, 0.00,,4.4912,35.165466,-123.015341,3323.5,34.459, 1.331, 2.53, 91.2,0.369,1512.0,27.570,27.588
001181520195,2007,162,00:03:15,3368.4, 1.586,3.13692,1.3755, 0.00,,4.4915,35.165466,-123.015345,3317.5,34.459, 1.333, 2.53, 91.2,0.369,1511.9,27.570,27.588
001181520210,2007,162,00:03:30,3361.9, 1.588,3.13676,1.3757, 0.00,,4.4913,35.165466,-123.015345,3311.2,34.458, 1.334, 2.52, 91.2,0.369,1511.8,27.569,27.587
001181520225,2007,162,00:03:45,3355.3, 1.589,3.13662,1.3759, 0.00,,4.4919,35.165466,-123.015341,3304.8,34.458, 1.337, 2.52, 91.2,0.368,1511.7,27.569,27.587
001181520240,2007,162,00:04:00,3348.7, 1.591,3.13646,1.3757, 0.00,,4.4924,35.165466,-123.015343,3298.3,34.457, 1.339, 2.52, 91.2,0.368,1511.6,27.568,27.586
001181520255,2007,162,00:04:15,3342.0, 1.592,3.13636,1.3757, 0.00,,4.4921,35.165466,-123.015346,3291.8,34.458, 1.341, 2.52, 91.2,0.368,1511.5,27.568,27.587
001181520270,2007,162,00:04:30,3335.8, 1.594,3.13628,1.3752, 0.00,,4.4925,35.165466,-123.015348,3285.7,34.457, 1.343, 2.51, 91.2,0.368,1511.4,27.568,27.586
001181520285,2007,162,00:04:45,3329.4, 1.596,3.13607,1.3748, 0.00,,4.4914,35.165466,-123.015349,3279.5,34.456, 1.346, 2.51, 91.2,0.369,1511.3,27.567,27.585
001181520300,2007,162,00:05:00,3322.8, 1.598,3.13605,1.3746, 0.00,,4.4920,35.165466,-123.015344,3273.0,34.457, 1.348, 2.51, 91.2,0.368,1511.2,27.567,27.585
001181520315,2007,162,00:05:15,3316.1, 1.599,3.13595,1.3741, 0.00,,4.4921,35.165466,-123.015343,3266.5,34.457, 1.350, 2.50, 91.2,0.368,1511.1,27.567,27.585
001181520330,2007,162,00:05:30,3309.5, 1.600,3.13575,1.3740, 0.00,,4.4919,35.165466,-123.015349,3260.0,34.456, 1.352, 2.50, 91.2,0.368,1511.0,27.566,27.584
001181520345,2007,162,00:05:45,3302.9, 1.602,3.13560,1.3737, 0.00,,4.4928,35.165466,-123.015349,3253.5,34.455, 1.354, 2.50, 91.2,0.368,1510.9,27.566,27.583
001181520360,2007,162,00:06:00,3296.0, 1.604,3.13557,1.3735, 0.00,,4.4911,35.165466,-123.015347,3246.8,34.456, 1.357, 2.49, 91.2,0.369,1510.8,27.566,27.584
001181520375,2007,162,00:06:15,3289.5, 1.604,3.13539,1.3734, 0.00,,4.4925,35.165466,-123.015342,3240.5,34.456, 1.358, 2.49, 91.2,0.368,1510.7,27.566,27.584
001181520390,2007,162,00:06:30,3283.1, 1.607,3.13531,1.3732, 0.00,,4.4931,35.165466,-123.015338,3234.2,34.456, 1.361, 2.49, 91.2,0.367,1510.6,27.566,27.583
001181520405,2007,162,00:06:45,3276.3, 1.609,3.13524,1.3724, 0.00,,4.4928,35.165466,-123.015341,3227.6,34.455, 1.364, 2.48, 91.2,0.367,1510.5,27.565,27.582
001181520420,2007,162,00:07:00,3269.7, 1.610,3.13514,1.3725, 0.00,,4.4934,35.165466,-123.015348,3221.1,34.456, 1.366, 2.48, 91.2,0.367,1510.4,27.565,27.583
001181520435,2007,162,00:07:15,3263.0, 1.612,3.13500,1.3724, 0.00,,4.4932,35.165466,-123.015342,3214.5,34.455, 1.368, 2.48, 91.2,0.367,1510.2,27.565,27.582
001181520450,2007,162,00:07:30,3256.4, 1.614,3.13489,1.3716, 0.00,,4.4935,35.165467,-123.015345,3208.1,34.454, 1.371, 2.47, 91.2,0.367,1510.1,27.564,27.582
001181520465,2007,162,00:07:45,3249.8, 1.616,3.13478,1.3713, 0.00,,4.4932,35.165466,-123.015346,3201.6,34.454, 1.373, 2.47, 91.2,0.367,1510.0,27.564,27.581
001181520480,2007,162,00:08:00,3243.4, 1.618,3.13473,1.3706, 0.00,,4.4934,35.165466,-123.015341,3195.3,34.454, 1.376, 2.46, 91.2,0.367,1509.9,27.564,27.581
001181520495,2007,162,00:08:15,3237.0, 1.620,3.13460,1.3702, 0.00,,4.4932,35.165466,-123.015348,3189.1,34.453, 1.378, 2.46, 91.2,0.367,1509.8,27.563,27.580
001181520510,2007,162,00:08:30,3230.4, 1.623,3.13446,1.3699, 0.00,,4.4935,35.165466,-123.015342,3182.7,34.451, 1.382, 2.46, 91.2,0.367,1509.7,27.561,27.578
001181520525,2007,162,00:08:45,3223.9, 1.625,3.13449,1.3693, 0.00,,4.4933,35.171351,-123.015830,3176.3,34.453, 1.385, 2.45, 91.2,0.367,1509.6,27.562,27.579
001181520540,2007,162,00:09:00,3217.5, 1.627,3.13442,1.3688, 0.00,,4.4937,35.180176,-123.016456,3170.0,34.453, 1.387, 2.45, 91.2,0.367,1509.5,27.562,27.579
001181520555,2007,162,00:09:15,3210.9, 1.627,3.13428,1.3687, 0.00,,4.4938,35.180226,-123.016490,3163.6,34.453, 1.388, 2.45, 91.2,0.367,1509.4,27.562,27.579
001181520570,2007,162,00:09:30,3204.6, 1.628,3.13420,1.3679, 0.00,,4.4933,35.180239,-123.016580,3157.4,34.455, 1.389, 2.44, 91.2,0.367,1509.3,27.563,27.581
001181520585,2007,162,00:09:45,3198.4, 1.629,3.13408,1.3678, 0.00,,4.4936,35.180207,-123.016575,3151.4,34.455, 1.391, 2.44, 91.2,0.367,1509.2,27.563,27.581
001181520600,2007,162,00:10:00,3191.9, 1.631,3.13382,1.3678, 0.00,,4.4932,35.180207,-123.016578,3145.0,34.453, 1.393, 2.44, 91.2,0.367,1509.1,27.562,27.579
001181520615,2007,162,00:10:15,3185.2, 1.633,3.13377,1.3672, 0.00,,4.4943,35.180206,-123.016578,3138.5,34.453, 1.396, 2.43, 91.3,0.366,1509.0,27.562,27.579
001181520630,2007,162,00:10:30,3178.8, 1.634,3.13378,1.3662, 0.00,,4.4949,35.180208,-123.016569,3132.2,34.454, 1.398, 2.43, 91.3,0.366,1508.9,27.562,27.580
001181520645,2007,162,00:10:45,3172.3, 1.635,3.13359,1.3659, 0.00,,4.4949,35.180206,-123.016569,3125.8,34.454, 1.400, 2.42, 91.3,0.366,1508.8,27.562,27.579
001181520660,2007,162,00:11:00,3165.8, 1.637,3.13348,1.3658, 0.00,,4.4952,35.180257,-123.016721,3119.4,34.454, 1.402, 2.42, 91.3,0.365,1508.7,27.562,27.579
001181520675,2007,162,00:11:15,3159.5, 1.638,3.13335,1.3650, 0.00,,4.4952,35.180268,-123.016760,3113.3,34.454, 1.404, 2.42, 91.3,0.365,1508.6,27.562,27.579
001181520690,2007,162,00:11:30,3153.2, 1.638,3.13322,1.3643, 0.00,,4.4952,35.180269,-123.016755,3107.1,34.455, 1.404, 2.41, 91.3,0.365,1508.5,27.563,27.580
001181520705,2007,162,00:11:45,3146.7, 1.637,3.13292,1.3640, 0.00,,4.4963,35.180269,-123.016752,3100.8,34.455, 1.404, 2.41, 91.3,0.364,1508.4,27.563,27.580
001181520720,2007,162,00:12:00,3140.1, 1.638,3.13264,1.3624, 0.00,,4.4965,35.180268,-123.016759,3094.3,34.454, 1.406, 2.40, 91.3,0.364,1508.3,27.562,27.578
001181520735,2007,162,00:12:15,3133.6, 1.641,3.13256,1.3619, 0.00,,4.4963,35.180269,-123.016752,3088.0,34.453, 1.409, 2.40, 91.3,0.364,1508.2,27.561,27.578
001181520750,2007,162,00:12:30,3127.0, 1.642,3.13242,1.3617, 0.00,,4.4963,35.180269,-123.016745,3081.6,34.452, 1.411, 2.39, 91.3,0.364,1508.0,27.560,27.577
001181520765,2007,162,00:12:45,3120.6, 1.643,3.13228,1.3616, 0.00,,4.4963,35.180267,-123.016760,3075.2,34.453, 1.413, 2.39, 91.3,0.364,1507.9,27.560,27.577
001181520780,2007,162,00:13:00,3114.4, 1.643,3.13213,1.3610, 0.00,,4.4964,35.180267,-123.016761,3069.2,34.453, 1.413, 2.39, 91.3,0.364,1507.8,27.561,27.578
001181520795,2007,162,00:13:15,3108.3, 1.644,3.13196,1.3613, 0.00,,4.4962,35.180267,-123.016767,3063.3,34.453, 1.415, 2.39, 91.3,0.364,1507.7,27.561,27.577
001181520810,2007,162,00:13:30,3102.3, 1.646,3.13184,1.3609, 0.00,,4.4964,35.180268,-123.016752,3057.4,34.453, 1.417, 2.38, 91.3,0.364,1507.6,27.560,27.577
001181520825,2007,162,00:13:45,3096.2, 1.646,3.13164,1.3603, 0.00,,4.4966,35.180268,-123.016761,3051.4,34.453, 1.418, 2.38, 91.3,0.364,1507.5,27.560,27.577
001181520840,2007,162,00:14:00,3090.0, 1.647,3.13149,1.3602, 0.00,,4.4967,35.180267,-123.016764,3045.3,34.453, 1.419, 2.38, 91.3,0.364,1507.4,27.561,27.577
001181520855,2007,162,00:14:15,3083.7, 1.647,3.13126,1.3593, 0.00,,4.4975,35.180268,-123.016767,3039.2,34.453, 1.420, 2.37, 91.3,0.363,1507.3,27.561,27.577
001181520870,2007,162,00:14:30,3077.7, 1.649,3.13106,1.3586, 0.00,,4.4973,35.180272,-123.016737,3033.3,34.451, 1.423, 2.37, 91.3,0.363,1507.2,27.559,27.575
001181520885,2007,162,00:14:45,3071.8, 1.651,3.13098,1.3578, 0.00,,4.4968,35.180272,-123.016737,3027.5,34.451, 1.425, 2.36, 91.3,0.364,1507.1,27.558,27.575
001181520900,2007,162,00:15:00,3065.8, 1.655,3.13108,1.3571, 0.00,,4.4966,35.180273,-123.016730,3021.6,34.450, 1.430, 2.36, 91.3,0.364,1507.1,27.557,27.574
001181520915,2007,162,00:15:15,3059.8, 1.659,3.13105,1.3572, 0.00,,4.4960,35.180275,-123.016707,3015.7,34.448, 1.434, 2.36, 91.3,0.365,1507.0,27.556,27.572
001181520930,2007,162,00:15:30,3053.5, 1.661,3.13101,1.3582, 0.00,,4.4958,35.180304,-123.016370,3009.6,34.449, 1.437, 2.36, 91.3,0.365,1506.9,27.556,27.572
001181520945,2007,162,00:15:45,3047.4, 1.663,3.13103,1.3577, 0.00,,4.4961,35.180303,-123.016371,3003.7,34.450, 1.439, 2.35, 91.3,0.365,1506.8,27.557,27.573
001181520960,2007,162,00:16:00,3041.4, 1.663,3.13095,1.3571, 0.00,,4.4960,35.180300,-123.016373,2997.7,34.451, 1.440, 2.35, 91.3,0.365,1506.7,27.558,27.574
001181520975,2007,162,00:16:15,3035.7, 1.664,3.13087,1.3564, 0.00,,4.4958,35.180264,-123.016404,2992.1,34.452, 1.442, 2.35, 91.3,0.365,1506.6,27.558,27.574
001181520990,2007,162,00:16:30,3030.5, 1.666,3.13080,1.3562, 0.00,,4.4960,35.180243,-123.016427,2987.1,34.452, 1.443, 2.34, 91.3,0.365,1506.5,27.558,27.574
001181521005,2007,162,00:16:45,3025.0, 1.665,3.13063,1.3567, 0.00,,4.4958,35.180238,-123.016453,2981.7,34.453, 1.443, 2.34, 91.3,0.365,1506.4,27.559,27.575
001181521020,2007,162,00:17:00,3019.0, 1.665,3.13039,1.3573, 0.00,,4.4959,35.180309,-123.016484,2975.9,34.453, 1.443, 2.34, 91.3,0.365,1506.3,27.559,27.575
001181521035,2007,162,00:17:15,3012.7, 1.664,3.13014,1.3574, 0.00,,4.4956,35.180455,-123.016554,2969.7,34.453, 1.444, 2.34, 91.3,0.365,1506.2,27.559,27.575
001181521050,2007,162,00:17:30,3006.1, 1.663,3.12986,1.3578, 0.00,,4.4958,35.180442,-123.016586,2963.2,34.454, 1.443, 2.34, 91.3,0.365,1506.1,27.560,27.576
001181521065,2007,162,00:17:45,2999.7, 1.664,3.12961,1.3578, 0.00,,4.4948,35.180232,-123.016418,2957.0,34.453, 1.445, 2.34, 91.3,0.366,1506.0,27.559,27.575
001181521080,2007,162,00:18:00,2993.3, 1.664,3.12936,1.3582, 0.00,,4.4957,35.180206,-123.016340,2950.7,34.453, 1.445, 2.34, 91.3,0.365,1505.9,27.559,27.575
001181521095,2007,162,00:18:15,2986.8, 1.665,3.12910,1.3582, 0.00,,4.4963,35.180231,-123.016372,2944.3,34.451, 1.447, 2.34, 91.3,0.364,1505.7,27.558,27.574
001181521110,2007,162,00:18:30,2980.3, 1.664,3.12886,1.3578, 0.00,,4.4966,35.180298,-123.016452,2937.9,34.452, 1.447, 2.33, 91.3,0.364,1505.6,27.559,27.574
001181521125,2007,162,00:18:45,2973.8, 1.667,3.12875,1.3569, 0.00,,4.4967,35.180300,-123.016440,2931.6,34.451, 1.450, 2.33, 91.3,0.364,1505.5,27.557,27.573
001181521140,2007,162,00:19:00,2967.4, 1.668,3.12847,1.3551, 0.00,,4.4976,35.180305,-123.016421,2925.3,34.450, 1.451, 2.32, 91.3,0.363,1505.4,27.556,27.572
001181521155,2007,162,00:19:15,2961.0, 1.670,3.12833,1.3533, 0.00,,4.4978,35.180304,-123.016424,2919.0,34.449, 1.454, 2.31, 91.3,0.363,1505.3,27.555,27.571
001181521170,2007,162,00:19:30,2954.9, 1.672,3.12830,1.3521, 0.00,,4.4977,35.180299,-123.016452,2913.0,34.449, 1.456, 2.31, 91.3,0.363,1505.2,27.556,27.571
001181521185,2007,162,00:19:45,2948.9, 1.674,3.12818,1.3518, 0.00,,4.4979,35.180298,-123.016456,2907.2,34.448, 1.459, 2.30, 91.3,0.363,1505.1,27.554,27.570
001181521200,2007,162,00:20:00,2942.5, 1.675,3.12814,1.3518, 0.00,,4.4978,35.180385,-123.016463,2900.9,34.449, 1.461, 2.30, 91.3,0.363,1505.0,27.555,27.571
001181521215,2007,162,00:20:15,2936.2, 1.676,3.12795,1.3515, 0.00,,4.4982,35.180381,-123.016473,2894.8,34.449, 1.462, 2.30, 91.3,0.363,1504.9,27.555,27.571
001181521230,2007,162,00:20:30,2929.6, 1.677,3.12781,1.3517, 0.00,,4.4981,35.180299,-123.016391,2888.3,34.449, 1.464, 2.30, 91.3,0.363,1504.8,27.555,27.570
001181521245,2007,162,00:20:45,2923.2, 1.680,3.12771,1.3513, 0.00,,4.4980,35.180359,-123.016471,2882.1,34.448, 1.467, 2.29, 91.3,0.363,1504.7,27.554,27.569
001181521260,2007,162,00:21:00,2916.8, 1.680,3.12753,1.3515, 0.00,,4.4971,35.180450,-123.016584,2875.7,34.448, 1.468, 2.29, 91.3,0.364,1504.6,27.554,27.570
001181521275,2007,162,00:21:15,2910.6, 1.681,3.12740,1.3517, 0.00,,4.4977,35.180451,-123.016580,2869.7,34.449, 1.470, 2.29, 91.3,0.363,1504.5,27.554,27.570
001181521290,2007,162,00:21:30,2904.4, 1.683,3.12728,1.3519, 0.00,,4.4976,35.180451,-123.016578,2863.6,34.448, 1.472, 2.29, 91.3,0.363,1504.4,27.554,27.569
001181521305,2007,162,00:21:45,2897.8, 1.687,3.12734,1.3524, 0.00,,4.4964,35.180451,-123.016493,2857.2,34.447, 1.477, 2.29, 91.3,0.364,1504.3,27.553,27.568
001181521320,2007,162,00:22:00,2891.4, 1.689,3.12733,1.3536, 0.00,,4.4955,35.180450,-123.016451,2850.9,34.448, 1.480, 2.29, 91.3,0.365,1504.2,27.553,27.568
001181521335,2007,162,00:22:15,2885.0, 1.690,3.12715,1.3543, 0.00,,4.4959,35.180450,-123.016442,2844.6,34.448, 1.481, 2.29, 91.3,0.365,1504.1,27.553,27.568
001181521350,2007,162,00:22:30,2878.5, 1.690,3.12703,1.3544, 0.00,,4.4961,35.180451,-123.016441,2838.3,34.449, 1.482, 2.29, 91.3,0.365,1504.0,27.554,27.570
001181521365,2007,162,00:22:45,2872.3, 1.689,3.12681,1.3545, 0.00,,4.4964,35.180451,-123.016455,2832.2,34.450, 1.482, 2.29, 91.3,0.364,1503.9,27.555,27.570
001181521380,2007,162,00:23:00,2866.2, 1.691,3.12666,1.3542, 0.00,,4.4967,35.180418,-123.016453,2826.2,34.450, 1.483, 2.29, 91.3,0.364,1503.8,27.554,27.570
001181521395,2007,162,00:23:15,2859.7, 1.693,3.12655,1.3534, 0.00,,4.4965,35.180426,-123.016519,2819.9,34.449, 1.487, 2.28, 91.3,0.364,1503.7,27.553,27.569
001181521410,2007,162,00:23:30,2853.4, 1.695,3.12639,1.3535, 0.00,,4.4964,35.180450,-123.016510,2813.7,34.447, 1.489, 2.28, 91.3,0.364,1503.6,27.552,27.567
001181521425,2007,162,00:23:45,2847.1, 1.697,3.12630,1.3533, 0.00,,4.4964,35.180511,-123.016508,2807.5,34.447, 1.492, 2.28, 91.3,0.364,1503.5,27.552,27.567
001181521440,2007,162,00:24:00,2840.8, 1.700,3.12622,1.3531, 0.00,,4.4968,35.180464,-123.016562,2801.3,34.446, 1.495, 2.27, 91.3,0.364,1503.4,27.551,27.566
001181521455,2007,162,00:24:15,2834.4, 1.700,3.12608,1.3519, 0.00,,4.4976,35.180451,-123.016575,2795.1,34.447, 1.496, 2.27, 91.3,0.363,1503.3,27.552,27.567
001181521470,2007,162,00:24:30,2828.3, 1.700,3.12595,1.3485, 0.00,,4.4977,35.180451,-123.016574,2789.0,34.448, 1.496, 2.25, 91.3,0.363,1503.2,27.553,27.568
001181521485,2007,162,00:24:45,2822.1, 1.701,3.12572,1.3458, 0.00,,4.4969,35.180451,-123.016578,2783.1,34.447, 1.498, 2.24, 91.3,0.364,1503.1,27.552,27.567
001181521500,2007,162,00:25:00,2815.9, 1.702,3.12553,1.3445, 0.00,,4.4979,35.180451,-123.016584,2776.9,34.447, 1.499, 2.24, 91.3,0.363,1503.0,27.552,27.566
001181521515,2007,162,00:25:15,2809.6, 1.703,3.12534,1.3432, 0.00,,4.4976,35.180418,-123.016542,2770.8,34.446, 1.501, 2.23, 91.3,0.363,1502.9,27.551,27.566
001181521530,2007,162,00:25:30,2803.4, 1.706,3.12528,1.3421, 0.00,,4.4978,35.180341,-123.016431,2764.7,34.446, 1.504, 2.23, 91.3,0.363,1502.8,27.550,27.565
001181521545,2007,162,00:25:45,2797.2, 1.709,3.12523,1.3413, 0.00,,4.4979,35.180390,-123.016393,2758.6,34.445, 1.507, 2.22, 91.3,0.363,1502.7,27.549,27.564
001181521560,2007,162,00:26:00,2791.0, 1.711,3.12517,1.3403, 0.00,,4.4972,35.180256,-123.016336,2752.6,34.445, 1.510, 2.22, 91.3,0.364,1502.6,27.549,27.564
001181521575,2007,162,00:26:15,2785.0, 1.712,3.12497,1.3394, 0.00,,4.4980,35.180360,-123.016336,2746.7,34.444, 1.512, 2.21, 91.3,0.363,1502.5,27.548,27.563
001181521590,2007,162,00:26:30,2779.0, 1.713,3.12491,1.3391, 0.00,,4.4978,35.180359,-123.016313,2740.8,34.444, 1.514, 2.21, 91.3,0.363,1502.4,27.549,27.563
001181521605,2007,162,00:26:45,2772.9, 1.717,3.12484,1.3394, 0.00,,4.4975,35.180375,-123.016349,2734.8,34.443, 1.518, 2.21, 91.3,0.363,1502.3,27.547,27.562
001181521620,2007,162,00:27:00,2766.6, 1.719,3.12476,1.3393, 0.00,,4.4971,35.180365,-123.016343,2728.6,34.442, 1.521, 2.21, 91.3,0.364,1502.2,27.546,27.561
001181521635,2007,162,00:27:15,2760.1, 1.721,3.12467,1.3387, 0.00,,4.4970,35.180331,-123.016328,2722.2,34.443, 1.523, 2.20, 91.3,0.364,1502.1,27.547,27.561
001181521650,2007,162,00:27:30,2753.9, 1.723,3.12468,1.3375, 0.00,,4.4974,35.180272,-123.016160,2716.2,34.443, 1.526, 2.20, 91.3,0.363,1502.0,27.547,27.561
001181521665,2007,162,00:27:45,2748.9, 1.727,3.12480,1.3356, 0.00,,4.4969,35.180267,-123.016130,2711.3,34.443, 1.530, 2.19, 91.3,0.364,1502.0,27.546,27.561
001181521680,2007,162,00:28:00,2744.0, 1.727,3.12481,1.3344, 0.00,,4.4974,35.180280,-123.016229,2706.5,34.445, 1.531, 2.18, 91.3,0.363,1501.9,27.548,27.562
001181521695,2007,162,00:28:15,2738.1, 1.731,3.12481,1.3344, 0.00,,4.4968,35.180237,-123.016149,2700.7,34.444, 1.535, 2.18, 91.3,0.364,1501.8,27.547,27.561
001181521710,2007,162,00:28:30,2731.4, 1.732,3.12471,1.3336, 0.00,,4.4966,35.180278,-123.016197,2694.2,34.444, 1.537, 2.18, 91.3,0.364,1501.7,27.547,27.561
001181521725,2007,162,00:28:45,2724.7, 1.737,3.12457,1.3333, 0.00,,4.4965,35.180294,-123.016159,2687.6,34.441, 1.542, 2.17, 91.3,0.364,1501.6,27.544,27.558
001181521740,2007,162,00:29:00,2717.6, 1.740,3.12450,1.3330, 0.00,,4.4962,35.180322,-123.016208,2680.6,34.440, 1.545, 2.17, 91.3,0.364,1501.5,27.543,27.557
001181521755,2007,162,00:29:15,2710.5, 1.742,3.12454,1.3322, 0.00,,4.4963,35.180328,-123.016202,2673.7,34.441, 1.548, 2.17, 91.3,0.364,1501.4,27.544,27.558
001181521770,2007,162,00:29:30,2703.7, 1.744,3.12442,1.3318, 0.00,,4.4961,35.180328,-123.016192,2667.0,34.441, 1.551, 2.16, 91.3,0.364,1501.3,27.543,27.558
001181521785,2007,162,00:29:45,2696.6, 1.746,3.12428,1.3309, 0.00,,4.4961,35.180328,-123.016206,2660.0,34.440, 1.554, 2.16, 91.3,0.364,1501.1,27.543,27.557
001181521800,2007,162,00:30:00,2689.7, 1.747,3.12424,1.3306, 0.00,,4.4961,35.180328,-123.016199,2653.2,34.442, 1.556, 2.15, 91.3,0.365,1501.0,27.544,27.558
001181521815,2007,162,00:30:15,2682.8, 1.750,3.12408,1.3297, 0.00,,4.4962,35.180312,-123.016258,2646.4,34.440, 1.558, 2.15, 91.3,0.364,1500.9,27.543,27.557
001181521830,2007,162,00:30:30,2675.8, 1.751,3.12400,1.3286, 0.00,,4.4963,35.180377,-123.016260,2639.6,34.442, 1.560, 2.14, 91.3,0.364,1500.8,27.543,27.558
001181521845,2007,162,00:30:45,2669.1, 1.754,3.12383,1.3276, 0.00,,4.4961,35.180450,-123.016262,2633.0,34.440, 1.563, 2.14, 91.3,0.364,1500.7,27.542,27.556
001181521860,2007,162,00:31:00,2662.6, 1.755,3.12368,1.3267, 0.00,,4.4960,35.180450,-123.016262,2626.6,34.440, 1.565, 2.13, 91.3,0.365,1500.6,27.542,27.556
001181521875,2007,162,00:31:15,2656.0, 1.757,3.12359,1.3262, 0.00,,4.4962,35.180430,-123.016191,2620.2,34.439, 1.568, 2.13, 91.3,0.364,1500.5,27.541,27.555
001181521890,2007,162,00:31:30,2649.3, 1.759,3.12350,1.3246, 0.00,,4.4963,35.180438,-123.016360,2613.6,34.439, 1.570, 2.12, 91.3,0.364,1500.4,27.541,27.555
001181521905,2007,162,00:31:45,2642.5, 1.761,3.12344,1.3235, 0.00,,4.4964,35.180450,-123.016382,2607.0,34.439, 1.574, 2.12, 91.3,0.364,1500.3,27.541,27.555
001181521920,2007,162,00:32:00,2635.5, 1.762,3.12334,1.3221, 0.00,,4.4962,35.180451,-123.016381,2600.1,34.440, 1.575, 2.11, 91.3,0.364,1500.2,27.541,27.555
001181521935,2007,162,00:32:15,2628.6, 1.765,3.12311,1.3221, 0.00,,4.4961,35.180455,-123.016239,2593.4,34.438, 1.578, 2.11, 91.3,0.364,1500.1,27.540,27.553
001181521950,2007,162,00:32:30,2621.6, 1.768,3.12310,1.3218, 0.00,,4.4963,35.180575,-123.016241,2586.5,34.438, 1.582, 2.11, 91.3,0.364,1500.0,27.539,27.553
001181521965,2007,162,00:32:45,2614.8, 1.771,3.12305,1.3197, 0.00,,4.4964,35.180520,-123.016174,2579.9,34.437, 1.585, 2.10, 91.3,0.364,1499.9,27.538,27.552
001181521980,2007,162,00:33:00,2608.1, 1.773,3.12293,1.3190, 0.00,,4.4963,35.180383,-123.016156,2573.2,34.437, 1.588, 2.09, 91.3,0.364,1499.8,27.538,27.552
001181521995,2007,162,00:33:15,2601.1, 1.776,3.12304,1.3185, 0.00,,4.4960,35.180474,-123.016246,2566.4,34.439, 1.591, 2.09, 91.3,0.365,1499.7,27.539,27.553
001181522010,2007,162,00:33:30,2594.3, 1.778,3.12291,1.3173, 0.00,,4.4897,35.180482,-123.016147,2559.7,34.438, 1.594, 2.08, 91.2,0.370,1499.5,27.538,27.552
001181522025,2007,162,00:33:45,2587.5, 1.780,3.12284,1.3166, 0.00,,4.4958,35.180457,-123.016141,2553.1,34.438, 1.597, 2.08, 91.3,0.365,1499.4,27.538,27.552
001181522040,2007,162,00:34:00,2580.9, 1.782,3.12277,1.3146, 0.00,,4.4957,35.180422,-123.016128,2546.5,34.438, 1.600, 2.07, 91.3,0.365,1499.3,27.538,27.552
001181522055,2007,162,00:34:15,2574.3, 1.783,3.12261,1.3144, 0.00,,4.4957,35.180499,-123.016202,2540.1,34.438, 1.601, 2.07, 91.3,0.365,1499.2,27.538,27.551
001181522070,2007,162,00:34:30,2567.8, 1.786,3.12255,1.3132, 0.00,,4.4959,35.180543,-123.016269,2533.7,34.437, 1.605, 2.06, 91.3,0.365,1499.1,27.537,27.551
001181522085,2007,162,00:34:45,2561.1, 1.791,3.12256,1.3116, 0.00,,4.4961,35.180543,-123.016269,2527.1,34.435, 1.610, 2.06, 91.3,0.364,1499.0,27.535,27.549
001181522100,2007,162,00:35:00,2554.5, 1.794,3.12250,1.3102, 0.00,,4.4957,35.180542,-123.016280,2520.7,34.434, 1.614, 2.05, 91.3,0.365,1498.9,27.534,27.548
001181522115,2007,162,00:35:15,2547.8, 1.796,3.12255,1.3094, 0.00,,4.4963,35.180481,-123.016226,2514.1,34.436, 1.616, 2.05, 91.3,0.364,1498.8,27.536,27.549
001181522130,2007,162,00:35:30,2541.1, 1.798,3.12241,1.3094, 0.00,,4.4961,35.180488,-123.016135,2507.5,34.435, 1.619, 2.04, 91.3,0.364,1498.7,27.535,27.548
001181522145,2007,162,00:35:45,2534.9, 1.800,3.12228,1.3088, 0.00,,4.4962,35.180390,-123.016016,2501.5,34.434, 1.621, 2.04, 91.3,0.364,1498.6,27.534,27.547
001181522160,2007,162,00:36:00,2530.0, 1.804,3.12235,1.3063, 0.00,,4.4967,35.180389,-123.016011,2496.6,34.434, 1.625, 2.03, 91.3,0.364,1498.6,27.533,27.547
001181522175,2007,162,00:36:15,2525.1, 1.806,3.12247,1.3042, 0.00,,4.4971,35.180381,-123.016170,2491.8,34.435, 1.628, 2.02, 91.3,0.364,1498.5,27.534,27.548
001181522190,2007,162,00:36:30,2519.6, 1.807,3.12239,1.3035, 0.00,,4.4969,35.180516,-123.016284,2486.5,34.436, 1.629, 2.02, 91.3,0.364,1498.4,27.535,27.548
001181522205,2007,162,00:36:45,2513.1, 1.809,3.12233,1.3030, 0.00,,4.4967,35.180440,-123.016234,2480.1,34.436, 1.632, 2.02, 91.3,0.364,1498.3,27.535,27.548
001181522220,2007,162,00:37:00,2505.9, 1.814,3.12223,1.3017, 0.00,,4.4966,35.180483,-123.016260,2473.0,34.433, 1.638, 2.01, 91.3,0.364,1498.2,27.531,27.545
001181522235,2007,162,00:37:15,2498.5, 1.818,3.12233,1.2994, 0.00,,4.4967,35.180481,-123.016273,2465.8,34.433, 1.642, 2.00, 91.3,0.364,1498.1,27.532,27.545
001181522250,2007,162,00:37:30,2491.0, 1.819,3.12214,1.2985, 0.00,,4.4965,35.180487,-123.016275,2458.4,34.433, 1.644, 2.00, 91.3,0.364,1498.0,27.532,27.545
001181522265,2007,162,00:37:45,2483.8, 1.821,3.12203,1.2977, 0.00,,4.4959,35.180452,-123.016204,2451.3,34.433, 1.647, 1.99, 91.3,0.365,1497.9,27.531,27.545
001181522280,2007,162,00:38:00,2476.7, 1.825,3.12195,1.2962, 0.00,,4.4968,35.180451,-123.016205,2444.3,34.432, 1.650, 1.98, 91.3,0.364,1497.7,27.530,27.543
001181522295,2007,162,00:38:15,2469.4, 1.826,3.12181,1.2946, 0.00,,4.4967,35.180505,-123.016273,2437.2,34.432, 1.652, 1.98, 91.3,0.364,1497.6,27.530,27.543
001181522310,2007,162,00:38:30,2462.2, 1.828,3.12171,1.2932, 0.00,,4.4963,35.180401,-123.016215,2430.1,34.433, 1.655, 1.97, 91.3,0.364,1497.5,27.531,27.544
001181522325,2007,162,00:38:45,2455.1, 1.830,3.12157,1.2920, 0.00,,4.4964,35.180314,-123.016206,2423.1,34.432, 1.658, 1.97, 91.3,0.364,1497.4,27.530,27.543
001181522340,2007,162,00:39:00,2448.1, 1.832,3.12150,1.2908, 0.00,,4.4969,35.180267,-123.016151,2416.3,34.432, 1.661, 1.96, 91.3,0.364,1497.3,27.529,27.542
001181522355,2007,162,00:39:15,2441.3, 1.834,3.12136,1.2893, 0.00,,4.4972,35.180269,-123.016147,2409.6,34.431, 1.663, 1.95, 91.3,0.364,1497.2,27.529,27.542
001181522370,2007,162,00:39:30,2434.5, 1.835,3.12111,1.2884, 0.00,,4.4977,35.180267,-123.016151,2403.0,34.430, 1.665, 1.95, 91.3,0.363,1497.1,27.528,27.541
001181522385,2007,162,00:39:45,2427.6, 1.837,3.12095,1.2859, 0.00,,4.4976,35.180384,-123.016206,2396.2,34.430, 1.667, 1.94, 91.3,0.363,1497.0,27.527,27.540
001181522400,2007,162,00:40:00,2421.0, 1.838,3.12068,1.2833, 0.00,,4.4977,35.180393,-123.016224,2389.7,34.429, 1.668, 1.93, 91.3,0.363,1496.9,27.527,27.540
001181522415,2007,162,00:40:15,2414.3, 1.839,3.12047,1.2819, 0.00,,4.4980,35.180359,-123.016193,2383.1,34.428, 1.670, 1.92, 91.3,0.363,1496.8,27.526,27.539
001181522430,2007,162,00:40:30,2407.6, 1.842,3.12031,1.2795, 0.00,,4.4980,35.180330,-123.016212,2376.6,34.427, 1.673, 1.92, 91.3,0.363,1496.6,27.525,27.537
001181522445,2007,162,00:40:45,2400.7, 1.844,3.12025,1.2765, 0.00,,4.4979,35.180345,-123.016235,2369.8,34.427, 1.676, 1.90, 91.3,0.363,1496.5,27.525,27.537
001181522460,2007,162,00:41:00,2394.0, 1.847,3.12021,1.2746, 0.00,,4.4975,35.180394,-123.016295,2363.2,34.426, 1.680, 1.90, 91.3,0.363,1496.4,27.524,27.537
001181522475,2007,162,00:41:15,2387.5, 1.848,3.12011,1.2741, 0.00,,4.4975,35.180424,-123.016308,2356.8,34.427, 1.682, 1.89, 91.3,0.363,1496.3,27.524,27.537
001181522490,2007,162,00:41:30,2380.5, 1.852,3.12001,1.2737, 0.00,,4.4973,35.180464,-123.016290,2350.0,34.425, 1.686, 1.89, 91.3,0.363,1496.2,27.523,27.535
001181522505,2007,162,00:41:45,2373.7, 1.854,3.11996,1.2734, 0.00,,4.4970,35.180295,-123.016177,2343.2,34.425, 1.689, 1.89, 91.3,0.364,1496.1,27.522,27.535
001181522520,2007,162,00:42:00,2366.6, 1.858,3.12000,1.2731, 0.00,,4.4970,35.180438,-123.016167,2336.3,34.425, 1.693, 1.88, 91.3,0.364,1496.0,27.522,27.535
001181522535,2007,162,00:42:15,2359.6, 1.860,3.12000,1.2719, 0.00,,4.4969,35.180446,-123.016239,2329.4,34.426, 1.696, 1.88, 91.3,0.364,1495.9,27.523,27.535
001181522550,2007,162,00:42:30,2352.5, 1.863,3.11985,1.2716, 0.00,,4.4965,35.180376,-123.016394,2322.5,34.425, 1.699, 1.88, 91.3,0.364,1495.8,27.522,27.534
001181522565,2007,162,00:42:45,2345.7, 1.865,3.11975,1.2709, 0.00,,4.4965,35.180389,-123.016384,2315.7,34.424, 1.702, 1.87, 91.3,0.364,1495.7,27.521,27.533
001181522580,2007,162,00:43:00,2338.9, 1.869,3.11971,1.2705, 0.00,,4.4962,35.180398,-123.016394,2309.1,34.423, 1.707, 1.87, 91.3,0.364,1495.6,27.520,27.532
001181522595,2007,162,00:43:15,2331.7, 1.872,3.11972,1.2702, 0.00,,4.4963,35.180478,-123.016354,2302.0,34.424, 1.710, 1.87, 91.3,0.364,1495.5,27.520,27.532
001181522610,2007,162,00:43:30,2324.6, 1.874,3.11974,1.2692, 0.00,,4.4962,35.180501,-123.016338,2295.1,34.425, 1.712, 1.86, 91.3,0.364,1495.4,27.521,27.533
001181522625,2007,162,00:43:45,2317.3, 1.877,3.11957,1.2688, 0.00,,4.4958,35.180444,-123.016288,2287.9,34.423, 1.716, 1.86, 91.3,0.365,1495.3,27.519,27.532
001181522640,2007,162,00:44:00,2310.3, 1.879,3.11953,1.2670, 0.00,,4.4959,35.180388,-123.016181,2281.0,34.424, 1.719, 1.85, 91.3,0.365,1495.2,27.519,27.531
001181522655,2007,162,00:44:15,2303.5, 1.883,3.11953,1.2656, 0.00,,4.4961,35.180422,-123.016208,2274.3,34.422, 1.724, 1.85, 91.3,0.364,1495.1,27.518,27.530
001181522670,2007,162,00:44:30,2296.8, 1.885,3.11950,1.2642, 0.00,,4.4966,35.180421,-123.016205,2267.7,34.423, 1.726, 1.84, 91.3,0.364,1495.0,27.519,27.531
001181522685,2007,162,00:44:45,2289.7, 1.891,3.11952,1.2624, 0.00,,4.4970,35.180399,-123.016368,2260.8,34.421, 1.732, 1.83, 91.3,0.364,1494.9,27.516,27.528
001181522700,2007,162,00:45:00,2282.7, 1.895,3.11955,1.2592, 0.00,,4.4969,35.180471,-123.016276,2254.0,34.420, 1.737, 1.82, 91.3,0.364,1494.8,27.516,27.528
001181522715,2007,162,00:45:15,2275.6, 1.899,3.11966,1.2581, 0.00,,4.4965,35.180623,-123.016400,2247.0,34.421, 1.741, 1.82, 91.3,0.364,1494.7,27.516,27.528
001181522730,2007,162,00:45:30,2268.4, 1.901,3.11955,1.2575, 0.00,,4.4965,35.180527,-123.016309,2239.9,34.421, 1.744, 1.81, 91.3,0.364,1494.5,27.515,27.527
001181522745,2007,162,00:45:45,2261.4, 1.905,3.11963,1.2564, 0.00,,4.4962,35.180485,-123.016305,2232.9,34.421, 1.749, 1.81, 91.3,0.364,1494.4,27.515,27.527
001181522760,2007,162,00:46:00,2254.4, 1.909,3.11966,1.2547, 0.00,,4.4960,35.180518,-123.016291,2226.1,34.421, 1.753, 1.80, 91.3,0.365,1494.3,27.515,27.527
001181522775,2007,162,00:46:15,2247.5, 1.915,3.11975,1.2547, 0.00,,4.4959,35.180499,-123.016329,2219.3,34.419, 1.759, 1.80, 91.3,0.365,1494.2,27.513,27.525
001181522790,2007,162,00:46:30,2240.4, 1.919,3.11980,1.2541, 0.00,,4.4961,35.180548,-123.016336,2212.3,34.418, 1.764, 1.79, 91.3,0.365,1494.1,27.512,27.524
001181522805,2007,162,00:46:45,2233.3, 1.924,3.11999,1.2524, 0.00,,4.4963,35.180438,-123.016246,2205.4,34.419, 1.770, 1.79, 91.3,0.364,1494.1,27.512,27.524
001181522820,2007,162,00:47:00,2226.2, 1.928,3.12009,1.2502, 0.00,,4.4962,35.180527,-123.016367,2198.4,34.419, 1.774, 1.78, 91.3,0.364,1493.9,27.512,27.524
001181522835,2007,162,00:47:15,2219.2, 1.934,3.12016,1.2481, 0.00,,4.4960,35.180434,-123.016286,2191.5,34.418, 1.780, 1.77, 91.3,0.365,1493.9,27.510,27.522
001181522850,2007,162,00:47:30,2212.0, 1.937,3.12019,1.2469, 0.00,,4.4958,35.180550,-123.016189,2184.5,34.417, 1.785, 1.77, 91.3,0.365,1493.7,27.510,27.522
001181522865,2007,162,00:47:45,2205.1, 1.942,3.12021,1.2447, 0.00,,4.4960,35.180439,-123.016280,2177.7,34.416, 1.790, 1.76, 91.3,0.365,1493.6,27.508,27.520
001181522880,2007,162,00:48:00,2198.4, 1.946,3.12018,1.2427, 0.00,,4.4963,35.180306,-123.016222,2171.1,34.415, 1.795, 1.75, 91.3,0.364,1493.6,27.507,27.519
001181522895,2007,162,00:48:15,2191.4, 1.951,3.12020,1.2411, 0.00,,4.4966,35.180420,-123.016282,2164.3,34.414, 1.799, 1.74, 91.3,0.364,1493.5,27.506,27.517
001181522910,2007,162,00:48:30,2184.4, 1.955,3.12026,1.2383, 0.00,,4.4971,35.180401,-123.016290,2157.3,34.413, 1.805, 1.73, 91.3,0.364,1493.4,27.505,27.516
001181522925,2007,162,00:48:45,2177.3, 1.960,3.12038,1.2360, 0.00,,4.4971,35.180424,-123.016268,2150.4,34.413, 1.810, 1.72, 91.3,0.364,1493.3,27.504,27.516
001181522940,2007,162,00:49:00,2170.4, 1.969,3.12056,1.2330, 0.00,,4.4977,35.180448,-123.016364,2143.6,34.409, 1.819, 1.71, 91.3,0.363,1493.2,27.500,27.512
001181522955,2007,162,00:49:15,2163.5, 1.977,3.12111,1.2299, 0.00,,4.4982,35.180511,-123.016465,2136.8,34.410, 1.828, 1.70, 91.3,0.363,1493.1,27.501,27.513
001181522970,2007,162,00:49:30,2156.8, 1.979,3.12091,1.2281, 0.00,,4.4985,35.180385,-123.016308,2130.2,34.409, 1.831, 1.70, 91.3,0.362,1493.0,27.499,27.511
001181522985,2007,162,00:49:45,2150.1, 1.982,3.12108,1.2270, 0.00,,4.4986,35.180383,-123.016306,2123.6,34.411, 1.834, 1.69, 91.3,0.362,1492.9,27.501,27.512
001181523000,2007,162,00:50:00,2143.2, 1.988,3.12127,1.2245, 0.00,,4.4987,35.180371,-123.016284,2116.8,34.411, 1.840, 1.68, 91.3,0.362,1492.8,27.501,27.512
001181523015,2007,162,00:50:15,2136.4, 1.992,3.12119,1.2231, 0.00,,4.4989,35.180393,-123.016292,2110.2,34.409, 1.845, 1.68, 91.3,0.362,1492.7,27.499,27.510
001181523030,2007,162,00:50:30,2129.7, 1.997,3.12150,1.2217, 0.00,,4.4988,35.180460,-123.016506,2103.5,34.410, 1.850, 1.67, 91.3,0.362,1492.6,27.499,27.511
001181523045,2007,162,00:50:45,2122.9, 2.002,3.12151,1.2188, 0.00,,4.4992,35.180353,-123.016386,2096.9,34.408, 1.856, 1.66, 91.4,0.362,1492.5,27.498,27.509
001181523060,2007,162,00:51:00,2116.4, 2.009,3.12170,1.2167, 0.00,,4.4988,35.180357,-123.016239,2090.6,34.406, 1.864, 1.65, 91.3,0.362,1492.4,27.495,27.506
001181523075,2007,162,00:51:15,2109.9, 2.020,3.12210,1.2154, 0.00,,4.4981,35.180522,-123.015998,2084.1,34.402, 1.875, 1.65, 91.3,0.363,1492.4,27.491,27.503
001181523090,2007,162,00:51:30,2103.2, 2.025,3.12236,1.2159, 0.00,,4.4985,35.180270,-123.016320,2077.5,34.404, 1.880, 1.65, 91.3,0.362,1492.3,27.492,27.503
001181523105,2007,162,00:51:45,2097.2, 2.026,3.12249,1.2109, 0.00,,4.4984,35.180223,-123.016311,2071.6,34.407, 1.882, 1.63, 91.3,0.362,1492.2,27.495,27.506
001181523120,2007,162,00:52:00,2091.8, 2.030,3.12269,1.2089, 0.00,,4.4982,35.180237,-123.016237,2066.3,34.408, 1.886, 1.62, 91.3,0.363,1492.1,27.495,27.507
001181523135,2007,162,00:52:15,2085.9, 2.034,3.12285,1.2069, 0.00,,4.4983,35.180412,-123.016189,2060.5,34.409, 1.890, 1.62, 91.3,0.362,1492.0,27.496,27.507
001181523150,2007,162,00:52:30,2080.0, 2.037,3.12275,1.2050, 0.00,,4.4981,35.180497,-123.016177,2054.8,34.408, 1.894, 1.61, 91.3,0.363,1491.9,27.494,27.505
001181523165,2007,162,00:52:45,2073.9, 2.040,3.12276,1.2022, 0.00,,4.4978,35.180293,-123.016334,2048.7,34.408, 1.897, 1.60, 91.3,0.363,1491.9,27.494,27.505
001181523180,2007,162,00:53:00,2067.4, 2.045,3.12270,1.2008, 0.00,,4.4977,35.180319,-123.016252,2042.4,34.405, 1.902, 1.59, 91.3,0.363,1491.8,27.491,27.502
001181523195,2007,162,00:53:15,2060.5, 2.048,3.12251,1.2001, 0.00,,4.4975,35.180335,-123.016142,2035.6,34.402, 1.907, 1.59, 91.3,0.363,1491.7,27.489,27.500
001181523210,2007,162,00:53:30,2053.8, 2.052,3.12253,1.1991, 0.00,,4.4979,35.180177,-123.016096,2028.9,34.402, 1.911, 1.59, 91.3,0.363,1491.6,27.488,27.499
001181523225,2007,162,00:53:45,2047.0, 2.055,3.12265,1.1979, 0.00,,4.4977,35.180408,-123.016226,2022.3,34.404, 1.914, 1.58, 91.3,0.363,1491.5,27.489,27.500
001181523240,2007,162,00:54:00,2040.2, 2.068,3.12328,1.1966, 0.00,,4.4978,35.180304,-123.016210,2015.6,34.400, 1.928, 1.58, 91.3,0.363,1491.4,27.486,27.497
001181523255,2007,162,00:54:15,2033.9, 2.084,3.12352,1.1964, 0.00,,4.4979,35.180311,-123.016109,2009.4,34.390, 1.944, 1.57, 91.3,0.363,1491.3,27.476,27.487
001181523270,2007,162,00:54:30,2027.7, 2.091,3.12434,1.1967, 0.00,,4.4977,35.180298,-123.016096,2003.3,34.395, 1.951, 1.57, 91.3,0.363,1491.3,27.480,27.491
001181523285,2007,162,00:54:45,2021.0, 2.094,3.12464,1.1960, 0.00,,4.4978,35.180299,-123.016086,1996.8,34.398, 1.955, 1.57, 91.3,0.363,1491.2,27.482,27.493
001181523300,2007,162,00:55:00,2014.4, 2.098,3.12471,1.1956, 0.00,,4.4981,35.180299,-123.016090,1990.3,34.398, 1.960, 1.57, 91.3,0.363,1491.1,27.482,27.493
001181523315,2007,162,00:55:15,2007.8, 2.105,3.12513,1.1928, 0.00,,4.4979,35.180298,-123.016096,1983.7,34.400, 1.967, 1.56, 91.3,0.363,1491.0,27.483,27.493
001181523330,2007,162,00:55:30,2001.5, 2.112,3.12525,1.1903, 0.00,,4.4980,35.180298,-123.016092,1977.5,34.397, 1.974, 1.55, 91.3,0.363,1490.9,27.480,27.491
001181523345,2007,162,00:55:45,1995.2, 2.120,3.12558,1.1870, 0.00,,4.4981,35.180348,-123.016135,1971.4,34.395, 1.983, 1.54, 91.3,0.363,1490.9,27.477,27.488
001181523360,2007,162,00:56:00,1988.8, 2.130,3.12594,1.1823, 0.00,,4.4979,35.180377,-123.016255,1965.1,34.392, 1.993, 1.52, 91.3,0.363,1490.8,27.475,27.485
001181523375,2007,162,00:56:15,1983.0, 2.133,3.12620,1.1803, 0.00,,4.4978,35.180299,-123.016158,1959.3,34.395, 1.996, 1.52, 91.3,0.363,1490.7,27.477,27.488
001181523390,2007,162,00:56:30,1976.4, 2.135,3.12639,1.1775, 0.00,,4.4979,35.180281,-123.016163,1952.9,34.398, 2.000, 1.51, 91.3,0.363,1490.6,27.479,27.490
001181523405,2007,162,00:56:45,1970.2, 2.142,3.12647,1.1763, 0.00,,4.4977,35.180359,-123.016209,1946.7,34.395, 2.007, 1.50, 91.3,0.363,1490.5,27.476,27.487
001181523420,2007,162,00:57:00,1963.9, 2.151,3.12678,1.1732, 0.00,,4.4980,35.180322,-123.016196,1940.6,34.392, 2.017, 1.49, 91.3,0.363,1490.5,27.473,27.483
001181523435,2007,162,00:57:15,1957.4, 2.155,3.12677,1.1729, 0.00,,4.4980,35.180346,-123.016234,1934.2,34.391, 2.021, 1.49, 91.3,0.363,1490.4,27.472,27.482
001181523450,2007,162,00:57:30,1951.0, 2.161,3.12719,1.1709, 0.00,,4.4981,35.180380,-123.016196,1927.9,34.393, 2.027, 1.48, 91.3,0.363,1490.3,27.473,27.483
001181523465,2007,162,00:57:45,1944.8, 2.164,3.12713,1.1686, 0.00,,4.4981,35.180343,-123.016213,1921.8,34.392, 2.031, 1.47, 91.3,0.363,1490.2,27.472,27.482
001181523480,2007,162,00:58:00,1938.6, 2.170,3.12739,1.1662, 0.00,,4.4980,35.180323,-123.016212,1915.7,34.392, 2.037, 1.47, 91.3,0.363,1490.1,27.471,27.482
001181523495,2007,162,00:58:15,1932.2, 2.176,3.12759,1.1630, 0.00,,4.4979,35.180322,-123.016135,1909.4,34.392, 2.043, 1.45, 91.3,0.363,1490.0,27.470,27.481
001181523510,2007,162,00:58:30,1925.9, 2.187,3.12822,1.1618, 0.00,,4.4979,35.180332,-123.016159,1903.1,34.391, 2.055, 1.45, 91.3,0.363,1490.0,27.469,27.479
001181523525,2007,162,00:58:45,1919.4, 2.194,3.12836,1.1599, 0.00,,4.4982,35.180312,-123.016193,1896.8,34.388, 2.062, 1.44, 91.3,0.363,1489.9,27.466,27.476
001181523540,2007,162,00:59:00,1913.0, 2.206,3.12864,1.1589, 0.00,,4.4980,35.180351,-123.016209,1890.5,34.382, 2.075, 1.44, 91.3,0.363,1489.8,27.460,27.470
001181523555,2007,162,00:59:15,1906.7, 2.217,3.12952,1.1573, 0.00,,4.4980,35.180359,-123.016218,1884.3,34.384, 2.086, 1.43, 91.3,0.363,1489.8,27.461,27.471
001181523570,2007,162,00:59:30,1900.6, 2.221,3.12965,1.1547, 0.00,,4.4980,35.180334,-123.016190,1878.3,34.384, 2.091, 1.42, 91.3,0.363,1489.7,27.461,27.471
001181523585,2007,162,00:59:45,1894.6, 2.223,3.12987,1.1549, 0.00,,4.4980,35.180263,-123.016162,1872.4,34.388, 2.093, 1.42, 91.3,0.363,1489.6,27.463,27.474
001181523600,2007,162,01:00:00,1889.1, 2.230,3.13002,1.1538, 0.00,,4.4980,35.180276,-123.016170,1867.0,34.385, 2.100, 1.42, 91.3,0.363,1489.5,27.461,27.471
001181523615,2007,162,01:00:15,1883.7, 2.240,3.13039,1.1524, 0.00,,4.4979,35.180311,-123.016128,1861.7,34.382, 2.110, 1.41, 91.3,0.363,1489.5,27.457,27.468
001181523630,2007,162,01:00:30,1878.5, 2.250,3.13060,1.1480, 0.00,,4.4978,35.180287,-123.016166,1856.5,34.377, 2.121, 1.40, 91.3,0.363,1489.4,27.452,27.463
001181523645,2007,162,01:00:45,1873.2, 2.251,3.13094,1.1440, 0.00,,4.4977,35.180280,-123.016189,1851.4,34.382, 2.122, 1.39, 91.3,0.363,1489.4,27.456,27.467
001181523660,2007,162,01:01:00,1868.2, 2.259,3.13121,1.1389, 0.00,,4.4977,35.180381,-123.016294,1846.4,34.380, 2.130, 1.37, 91.3,0.363,1489.3,27.454,27.464
001181523675,2007,162,01:01:15,1863.0, 2.268,3.13165,1.1371, 0.00,,4.4975,35.180276,-123.016146,1841.3,34.377, 2.140, 1.37, 91.3,0.363,1489.3,27.451,27.462
001181523690,2007,162,01:01:30,1857.7, 2.271,3.13164,1.1344, 0.00,,4.4971,35.180288,-123.016126,1836.1,34.377, 2.144, 1.36, 91.3,0.364,1489.2,27.451,27.461
001181523705,2007,162,01:01:45,1852.2, 2.277,3.13206,1.1303, 0.00,,4.4970,35.180305,-123.016134,1830.7,34.378, 2.150, 1.35, 91.3,0.364,1489.1,27.451,27.462
001181523720,2007,162,01:02:00,1846.8, 2.281,3.13231,1.1271, 0.00,,4.4968,35.180320,-123.016122,1825.4,34.380, 2.154, 1.34, 91.3,0.364,1489.1,27.452,27.462
001181523735,2007,162,01:02:15,1841.4, 2.288,3.13240,1.1240, 0.00,,4.4969,35.180312,-123.016115,1820.0,34.377, 2.161, 1.33, 91.3,0.364,1489.0,27.449,27.460
001181523750,2007,162,01:02:30,1836.0, 2.296,3.13265,1.1212, 0.00,,4.4970,35.180298,-123.016071,1814.8,34.374, 2.170, 1.32, 91.3,0.364,1488.9,27.446,27.456
001181523765,2007,162,01:02:45,1831.0, 2.304,3.13317,1.1182, 0.00,,4.4961,35.180296,-123.016070,1809.8,34.374, 2.178, 1.31, 91.3,0.365,1488.9,27.445,27.456
001181523780,2007,162,01:03:00,1826.0, 2.312,3.13341,1.1144, 0.00,,4.4969,35.180275,-123.016075,1804.9,34.370, 2.187, 1.30, 91.3,0.364,1488.8,27.442,27.452
001181523795,2007,162,01:03:15,1821.1, 2.317,3.13405,1.1099, 0.00,,4.4970,35.180277,-123.016087,1800.1,34.376, 2.191, 1.28, 91.3,0.364,1488.8,27.447,27.457
001181523810,2007,162,01:03:30,1816.2, 2.324,3.13481,1.1069, 0.00,,4.4969,35.180308,-123.016109,1795.3,34.380, 2.199, 1.27, 91.3,0.364,1488.7,27.449,27.459
001181523825,2007,162,01:03:45,1811.1, 2.330,3.13492,1.1045, 0.00,,4.4971,35.180320,-123.016099,1790.3,34.378, 2.205, 1.27, 91.3,0.364,1488.7,27.447,27.457
001181523840,2007,162,01:04:00,1805.9, 2.337,3.13481,1.1035, 0.00,,4.4968,35.180287,-123.016048,1785.1,34.372, 2.213, 1.26, 91.3,0.364,1488.6,27.441,27.451
001181523855,2007,162,01:04:15,1800.7, 2.342,3.13487,1.1033, 0.00,,4.4973,35.180229,-123.016001,1780.0,34.369, 2.218, 1.26, 91.3,0.363,1488.5,27.439,27.449
001181523870,2007,162,01:04:30,1795.7, 2.348,3.13499,1.1021, 0.00,,4.4973,35.180311,-123.016069,1775.1,34.368, 2.224, 1.26, 91.3,0.363,1488.5,27.437,27.447
001181523885,2007,162,01:04:45,1790.6, 2.354,3.13536,1.1013, 0.00,,4.4974,35.180371,-123.016076,1770.1,34.367, 2.231, 1.25, 91.3,0.363,1488.4,27.436,27.446
001181523900,2007,162,01:05:00,1785.3, 2.360,3.13551,1.1008, 0.00,,4.4971,35.180336,-123.016042,1764.9,34.366, 2.237, 1.25, 91.3,0.364,1488.3,27.435,27.445
001181523915,2007,162,01:05:15,1780.0, 2.369,3.13596,1.0997, 0.00,,4.4975,35.180318,-123.016063,1759.6,34.364, 2.247, 1.25, 91.3,0.363,1488.3,27.432,27.442
001181523930,2007,162,01:05:30,1774.8, 2.377,3.13626,1.0985, 0.00,,4.4972,35.180442,-123.016057,1754.5,34.362, 2.255, 1.24, 91.3,0.363,1488.2,27.430,27.440
001181523945,2007,162,01:05:45,1769.5, 2.383,3.13678,1.0973, 0.00,,4.4971,35.180331,-123.015958,1749.3,34.365, 2.261, 1.24, 91.3,0.364,1488.2,27.432,27.442
001181523960,2007,162,01:06:00,1764.5, 2.389,3.13712,1.0944, 0.00,,4.4971,35.180328,-123.015986,1744.4,34.365, 2.268, 1.23, 91.3,0.364,1488.1,27.431,27.441
001181523975,2007,162,01:06:15,1759.5, 2.397,3.13725,1.0932, 0.00,,4.4971,35.180375,-123.016031,1739.4,34.361, 2.275, 1.22, 91.3,0.364,1488.1,27.428,27.438
001181523990,2007,162,01:06:30,1754.2, 2.405,3.13777,1.0927, 0.00,,4.4968,35.180395,-123.016102,1734.2,34.362, 2.284, 1.22, 91.3,0.364,1488.0,27.427,27.437
001181524005,2007,162,01:06:45,1749.0, 2.416,3.13811,1.0916, 0.00,,4.4972,35.180373,-123.016063,1729.1,34.356, 2.296, 1.22, 91.3,0.364,1488.0,27.422,27.432
001181524020,2007,162,01:07:00,1743.8, 2.426,3.13882,1.0898, 0.00,,4.4970,35.180375,-123.016071,1724.0,34.357, 2.306, 1.21, 91.3,0.364,1487.9,27.422,27.432
001181524035,2007,162,01:07:15,1738.5, 2.437,3.13943,1.0883, 0.00,,4.4967,35.180355,-123.016045,1718.8,34.355, 2.317, 1.21, 91.3,0.364,1487.9,27.420,27.430
001181524050,2007,162,01:07:30,1733.3, 2.444,3.14009,1.0860, 0.00,,4.4967,35.180444,-123.016109,1713.6,34.358, 2.325, 1.20, 91.3,0.364,1487.8,27.422,27.432
001181524065,2007,162,01:07:45,1728.3, 2.449,3.14065,1.0845, 0.00,,4.4969,35.180459,-123.016113,1708.7,34.363, 2.329, 1.19, 91.3,0.364,1487.8,27.425,27.435
001181524080,2007,162,01:08:00,1723.2, 2.463,3.14111,1.0824, 0.00,,4.4968,35.180450,-123.016112,1703.7,34.356, 2.344, 1.19, 91.3,0.364,1487.7,27.418,27.428
001181524095,2007,162,01:08:15,1717.9, 2.467,3.14150,1.0806, 0.00,,4.4966,35.180390,-123.016025,1698.5,34.359, 2.348, 1.18, 91.3,0.364,1487.7,27.420,27.430
001181524110,2007,162,01:08:30,1712.6, 2.472,3.14201,1.0795, 0.00,,4.4968,35.180444,-123.016061,1693.2,34.362, 2.354, 1.18, 91.3,0.364,1487.6,27.423,27.432
001181524125,2007,162,01:08:45,1707.2, 2.478,3.14227,1.0767, 0.00,,4.4970,35.180456,-123.016094,1688.0,34.362, 2.360, 1.17, 91.3,0.364,1487.5,27.422,27.432
001181524140,2007,162,01:09:00,1702.0, 2.485,3.14242,1.0739, 0.00,,4.4969,35.180434,-123.016044,1682.8,34.359, 2.368, 1.16, 91.3,0.364,1487.5,27.419,27.428
001181524155,2007,162,01:09:15,1696.7, 2.494,3.14270,1.0726, 0.00,,4.4968,35.180444,-123.016058,1677.6,34.356, 2.377, 1.15, 91.3,0.364,1487.4,27.415,27.425
001181524170,2007,162,01:09:30,1691.5, 2.502,3.14287,1.0699, 0.00,,4.4968,35.180402,-123.016022,1672.4,34.352, 2.385, 1.15, 91.3,0.364,1487.4,27.411,27.421
001181524185,2007,162,01:09:45,1686.3, 2.510,3.14357,1.0678, 0.00,,4.4969,35.180475,-123.016038,1667.3,34.354, 2.394, 1.14, 91.3,0.364,1487.3,27.413,27.423
001181524200,2007,162,01:10:00,1681.0, 2.517,3.14402,1.0654, 0.00,,4.4970,35.180463,-123.016057,1662.1,34.356, 2.400, 1.13, 91.3,0.364,1487.3,27.413,27.423
001181524215,2007,162,01:10:15,1675.7, 2.523,3.14438,1.0641, 0.00,,4.4968,35.180469,-123.016076,1656.9,34.356, 2.407, 1.13, 91.3,0.364,1487.2,27.413,27.422
001181524230,2007,162,01:10:30,1670.3, 2.533,3.14463,1.0626, 0.00,,4.4972,35.180454,-123.016105,1651.6,34.352, 2.417, 1.12, 91.3,0.363,1487.1,27.409,27.418
001181524245,2007,162,01:10:45,1664.9, 2.538,3.14497,1.0599, 0.00,,4.4973,35.180414,-123.016108,1646.3,34.353, 2.422, 1.11, 91.3,0.363,1487.1,27.409,27.419
001181524260,2007,162,01:11:00,1659.8, 2.545,3.14529,1.0582, 0.00,,4.4971,35.180451,-123.016063,1641.3,34.352, 2.430, 1.11, 91.3,0.364,1487.0,27.408,27.418
001181524275,2007,162,01:11:15,1654.7, 2.549,3.14550,1.0566, 0.00,,4.4971,35.180484,-123.016110,1636.2,34.352, 2.435, 1.10, 91.3,0.364,1487.0,27.408,27.417
001181524290,2007,162,01:11:30,1649.4, 2.558,3.14572,1.0550, 0.00,,4.4972,35.180497,-123.016139,1631.0,34.349, 2.444, 1.10, 91.3,0.364,1486.9,27.404,27.414
001181524305,2007,162,01:11:45,1644.1, 2.572,3.14646,1.0541, 0.00,,4.4968,35.180464,-123.016053,1625.8,34.346, 2.458, 1.10, 91.3,0.364,1486.9,27.400,27.410
001181524320,2007,162,01:12:00,1638.7, 2.578,3.14675,1.0526, 0.00,,4.4974,35.180505,-123.016067,1620.5,34.345, 2.465, 1.09, 91.3,0.363,1486.8,27.399,27.409
001181524335,2007,162,01:12:15,1633.3, 2.585,3.14757,1.0518, 0.00,,4.4970,35.180509,-123.016080,1615.2,34.350, 2.472, 1.09, 91.3,0.364,1486.8,27.403,27.412
001181524350,2007,162,01:12:30,1628.0, 2.590,3.14776,1.0503, 0.00,,4.4971,35.180493,-123.016094,1609.9,34.350, 2.477, 1.08, 91.3,0.364,1486.7,27.403,27.412
001181524365,2007,162,01:12:45,1622.8, 2.595,3.14810,1.0494, 0.00,,4.4972,35.180490,-123.016051,1604.9,34.351, 2.483, 1.08, 91.3,0.363,1486.6,27.403,27.412
001181524380,2007,162,01:13:00,1617.7, 2.603,3.14832,1.0482, 0.00,,4.4971,35.180526,-123.016090,1599.8,34.348, 2.491, 1.07, 91.3,0.364,1486.6,27.400,27.409
001181524395,2007,162,01:13:15,1612.3, 2.610,3.14891,1.0470, 0.00,,4.4970,35.180609,-123.015816,1594.5,34.350, 2.499, 1.07, 91.3,0.364,1486.5,27.401,27.411
001181524410,2007,162,01:13:30,1607.0, 2.616,3.14930,1.0460, 0.00,,4.4969,35.180498,-123.015917,1589.2,34.352, 2.504, 1.07, 91.3,0.364,1486.5,27.402,27.411
001181524425,2007,162,01:13:45,1601.6, 2.625,3.14932,1.0461, 0.00,,4.4970,35.180481,-123.016047,1583.9,34.345, 2.514, 1.07, 91.3,0.364,1486.4,27.396,27.405
001181524440,2007,162,01:14:00,1596.2, 2.635,3.15002,1.0458, 0.00,,4.4971,35.180333,-123.015980,1578.6,34.346, 2.524, 1.06, 91.3,0.364,1486.3,27.396,27.405
001181524455,2007,162,01:14:15,1590.8, 2.642,3.15068,1.0440, 0.00,,4.4970,35.180489,-123.016080,1573.3,34.349, 2.532, 1.06, 91.3,0.364,1486.3,27.397,27.406
001181524470,2007,162,01:14:30,1585.5, 2.652,3.15144,1.0413, 0.00,,4.4972,35.180514,-123.016103,1568.1,34.351, 2.542, 1.05, 91.3,0.364,1486.2,27.398,27.407
001181524485,2007,162,01:14:45,1580.5, 2.661,3.15157,1.0412, 0.00,,4.4965,35.180458,-123.016099,1563.1,34.345, 2.551, 1.05, 91.3,0.364,1486.2,27.392,27.402
001181524500,2007,162,01:15:00,1575.2, 2.668,3.15199,1.0405, 0.00,,4.4974,35.180430,-123.016019,1557.9,34.345, 2.559, 1.05, 91.3,0.363,1486.1,27.392,27.401
001181524515,2007,162,01:15:15,1569.8, 2.674,3.15216,1.0403, 0.00,,4.4972,35.180481,-123.016072,1552.6,34.344, 2.565, 1.05, 91.3,0.364,1486.1,27.390,27.400
001181524530,2007,162,01:15:30,1564.4, 2.676,3.15237,1.0394, 0.00,,4.4971,35.180508,-123.016090,1547.2,34.347, 2.567, 1.04, 91.3,0.364,1486.0,27.393,27.402
001181524545,2007,162,01:15:45,1558.9, 2.679,3.15265,1.0382, 0.00,,4.4969,35.180477,-123.016060,1541.9,34.350, 2.571, 1.04, 91.3,0.364,1485.9,27.394,27.404
001181524560,2007,162,01:16:00,1553.5, 2.683,3.15281,1.0370, 0.00,,4.4972,35.180501,-123.016115,1536.5,34.350, 2.575, 1.03, 91.3,0.364,1485.8,27.395,27.404
001181524575,2007,162,01:16:15,1548.2, 2.692,3.15293,1.0361, 0.00,,4.4969,35.180844,-123.016237,1531.3,34.345, 2.585, 1.03, 91.3,0.364,1485.8,27.389,27.399
001181524590,2007,162,01:16:30,1542.9, 2.712,3.15360,1.0345, 0.00,,4.4971,35.180489,-123.016132,1526.1,34.335, 2.604, 1.03, 91.3,0.364,1485.8,27.380,27.389
001181524605,2007,162,01:16:45,1537.3, 2.723,3.15430,1.0326, 0.00,,4.4971,35.180460,-123.016106,1520.6,34.335, 2.616, 1.02, 91.3,0.364,1485.7,27.379,27.388
001181524620,2007,162,01:17:00,1531.6, 2.733,3.15510,1.0314, 0.00,,4.4972,35.180467,-123.016132,1515.0,34.336, 2.626, 1.02, 91.3,0.364,1485.7,27.379,27.389
001181524635,2007,162,01:17:15,1526.3, 2.742,3.15676,1.0305, 0.00,,4.4971,35.180507,-123.016101,1509.7,34.350, 2.635, 1.01, 91.3,0.364,1485.6,27.389,27.399
001181524650,2007,162,01:17:30,1521.0, 2.758,3.15742,1.0308, 0.00,,4.4972,35.180544,-123.016125,1504.5,34.344, 2.652, 1.01, 91.3,0.364,1485.6,27.383,27.392
001181524665,2007,162,01:17:45,1515.3, 2.767,3.15791,1.0308, 0.00,,4.4970,35.180561,-123.016129,1498.9,34.343, 2.661, 1.01, 91.3,0.364,1485.6,27.381,27.390
001181524680,2007,162,01:18:00,1509.8, 2.773,3.15827,1.0302, 0.00,,4.4975,35.180559,-123.016157,1493.5,34.344, 2.667, 1.01, 91.3,0.363,1485.5,27.381,27.391
001181524695,2007,162,01:18:15,1504.0, 2.782,3.15847,1.0283, 0.00,,4.4973,35.180473,-123.016113,1487.8,34.340, 2.677, 1.00, 91.3,0.363,1485.4,27.378,27.387
001181524710,2007,162,01:18:30,1498.4, 2.801,3.15914,1.0273, 0.00,,4.4971,35.180519,-123.016130,1482.2,34.330, 2.696, 1.00, 91.3,0.364,1485.4,27.369,27.378
001181524725,2007,162,01:18:45,1493.0, 2.819,3.16116,1.0260, 0.00,,4.4971,35.180567,-123.016120,1476.9,34.338, 2.715, 0.99, 91.3,0.364,1485.4,27.373,27.382
001181524740,2007,162,01:19:00,1487.6, 2.832,3.16208,1.0242, 0.00,,4.4970,35.180550,-123.016064,1471.6,34.338, 2.728, 0.99, 91.3,0.364,1485.4,27.372,27.381
001181524755,2007,162,01:19:15,1482.1, 2.840,3.16222,1.0234, 0.00,,4.4973,35.180477,-123.016112,1466.2,34.334, 2.736, 0.98, 91.3,0.363,1485.3,27.368,27.377
001181524770,2007,162,01:19:30,1476.4, 2.856,3.16314,1.0221, 0.00,,4.4973,35.180525,-123.016138,1460.5,34.332, 2.752, 0.98, 91.3,0.363,1485.3,27.365,27.374
001181524785,2007,162,01:19:45,1470.2, 2.870,3.16359,1.0198, 0.00,,4.4969,35.180585,-123.016136,1454.5,34.325, 2.767, 0.97, 91.3,0.364,1485.2,27.358,27.367
001181524800,2007,162,01:20:00,1463.8, 2.879,3.16430,1.0179, 0.00,,4.4974,35.180506,-123.016116,1448.2,34.328, 2.776, 0.97, 91.3,0.363,1485.2,27.360,27.369
001181524815,2007,162,01:20:15,1457.5, 2.886,3.16496,1.0156, 0.00,,4.4968,35.180502,-123.016106,1441.9,34.331, 2.784, 0.96, 91.3,0.364,1485.1,27.361,27.371
001181524830,2007,162,01:20:30,1451.2, 2.898,3.16549,1.0130, 0.00,,4.4970,35.180547,-123.016103,1435.7,34.329, 2.796, 0.95, 91.3,0.364,1485.0,27.359,27.368
001181524845,2007,162,01:20:45,1445.1, 2.912,3.16614,1.0109, 0.00,,4.4972,35.180644,-123.016152,1429.7,34.325, 2.810, 0.95, 91.3,0.364,1485.0,27.354,27.363
001181524860,2007,162,01:21:00,1438.9, 2.912,3.16681,1.0074, 0.00,,4.4969,35.180546,-123.016173,1423.6,34.336, 2.811, 0.94, 91.3,0.364,1484.9,27.363,27.372
001181524875,2007,162,01:21:15,1432.9, 2.913,3.16677,1.0026, 0.00,,4.4966,35.180590,-123.016149,1417.7,34.337, 2.812, 0.92, 91.3,0.364,1484.8,27.364,27.373
001181524890,2007,162,01:21:30,1427.0, 2.925,3.16693,0.9979, 0.00,,4.4965,35.180624,-123.016175,1411.9,34.330, 2.824, 0.91, 91.3,0.364,1484.7,27.357,27.366
001181524905,2007,162,01:21:45,1421.1, 2.957,3.16816,0.9958, 0.00,,4.4969,35.180577,-123.016153,1406.1,34.314, 2.856, 0.90, 91.3,0.364,1484.8,27.342,27.351
001181524920,2007,162,01:22:00,1415.4, 2.972,3.17039,0.9968, 0.00,,4.4971,35.180599,-123.016097,1400.4,34.327, 2.872, 0.90, 91.3,0.364,1484.8,27.351,27.360
001181524935,2007,162,01:22:15,1409.7, 2.980,3.17135,0.9966, 0.00,,4.4971,35.180626,-123.016129,1394.7,34.334, 2.880, 0.90, 91.3,0.364,1484.7,27.356,27.365
001181524950,2007,162,01:22:30,1403.5, 2.991,3.17173,0.9955, 0.00,,4.4970,35.180585,-123.016145,1388.7,34.330, 2.892, 0.90, 91.3,0.364,1484.6,27.351,27.360
001181524965,2007,162,01:22:45,1397.4, 3.006,3.17221,0.9944, 0.00,,4.4969,35.180631,-123.016131,1382.7,34.323, 2.907, 0.90, 91.3,0.364,1484.6,27.344,27.353
001181524980,2007,162,01:23:00,1391.3, 3.022,3.17315,0.9930, 0.00,,4.4966,35.180644,-123.016180,1376.7,34.321, 2.923, 0.89, 91.3,0.364,1484.6,27.341,27.350
001181524995,2007,162,01:23:15,1385.0, 3.033,3.17394,0.9905, 0.00,,4.4963,35.180553,-123.016124,1370.4,34.321, 2.935, 0.88, 91.3,0.364,1484.5,27.340,27.349
001181525010,2007,162,01:23:30,1378.7, 3.048,3.17474,0.9889, 0.00,,4.4967,35.180622,-123.016180,1364.2,34.319, 2.950, 0.88, 91.3,0.364,1484.5,27.337,27.346
001181525025,2007,162,01:23:45,1372.3, 3.063,3.17551,0.9859, 0.00,,4.4967,35.180587,-123.016132,1357.8,34.316, 2.965, 0.87, 91.3,0.364,1484.4,27.333,27.342
001181525040,2007,162,01:24:00,1365.9, 3.078,3.17636,0.9843, 0.00,,4.4962,35.180581,-123.016153,1351.6,34.313, 2.981, 0.86, 91.3,0.364,1484.4,27.330,27.339
001181525055,2007,162,01:24:15,1359.5, 3.095,3.17693,0.9803, 0.00,,4.4964,35.180601,-123.016180,1345.3,34.306, 2.998, 0.85, 91.3,0.364,1484.3,27.322,27.331
001181525070,2007,162,01:24:30,1353.3, 3.108,3.17859,0.9783, 0.00,,4.4967,35.180551,-123.016151,1339.1,34.314, 3.012, 0.85, 91.3,0.364,1484.3,27.328,27.337
001181525085,2007,162,01:24:45,1347.1, 3.122,3.17998,0.9744, 0.00,,4.4964,35.180624,-123.016141,1333.1,34.320, 3.026, 0.84, 91.3,0.364,1484.2,27.331,27.340
001181525100,2007,162,01:25:00,1341.0, 3.134,3.18076,0.9709, 0.00,,4.4965,35.180558,-123.016151,1327.0,34.320, 3.038, 0.83, 91.3,0.364,1484.2,27.330,27.339
001181525115,2007,162,01:25:15,1335.5, 3.140,3.18113,0.9672, 0.00,,4.4966,35.180571,-123.016160,1321.6,34.320, 3.045, 0.82, 91.3,0.364,1484.1,27.330,27.338
001181525130,2007,162,01:25:30,1330.1, 3.148,3.18147,0.9643, 0.00,,4.4964,35.180540,-123.016200,1316.3,34.319, 3.053, 0.81, 91.3,0.364,1484.1,27.328,27.337
001181525145,2007,162,01:25:45,1324.7, 3.158,3.18184,0.9626, 0.00,,4.4965,35.180613,-123.016075,1310.9,34.316, 3.063, 0.80, 91.3,0.364,1484.0,27.325,27.334
001181525160,2007,162,01:26:00,1319.2, 3.169,3.18251,0.9600, 0.00,,4.4963,35.180552,-123.016168,1305.5,34.315, 3.075, 0.80, 91.3,0.364,1484.0,27.322,27.331
001181525175,2007,162,01:26:15,1313.8, 3.176,3.18273,0.9571, 0.00,,4.4965,35.180543,-123.016136,1300.2,34.314, 3.082, 0.79, 91.3,0.364,1483.9,27.321,27.330
001181525190,2007,162,01:26:30,1308.5, 3.170,3.18215,0.9561, 0.00,,4.4957,35.180534,-123.016163,1294.9,34.315, 3.077, 0.79, 91.3,0.365,1483.8,27.322,27.331
001181525205,2007,162,01:26:45,1302.9, 3.178,3.18279,0.9508, 0.00,,4.4879,35.180555,-123.016168,1289.5,34.318, 3.085, 0.77, 91.1,0.372,1483.7,27.324,27.333
001181525220,2007,162,01:27:00,1297.4, 3.196,3.18350,0.9481, 0.00,,4.4961,35.180511,-123.016125,1284.0,34.310, 3.103, 0.76, 91.3,0.364,1483.7,27.316,27.325
001181525235,2007,162,01:27:15,1291.8, 3.190,3.18309,0.9439, 0.00,,4.4964,35.180499,-123.016181,1278.5,34.313, 3.098, 0.75, 91.3,0.364,1483.6,27.320,27.328
001181525250,2007,162,01:27:30,1286.2, 3.202,3.18360,0.9401, 0.00,,4.4962,35.180570,-123.016218,1272.9,34.310, 3.110, 0.74, 91.3,0.364,1483.6,27.316,27.324
001181525265,2007,162,01:27:45,1280.8, 3.213,3.18411,0.9385, 0.00,,4.4965,35.180542,-123.016184,1267.6,34.308, 3.121, 0.74, 91.3,0.364,1483.5,27.313,27.321
001181525280,2007,162,01:28:00,1275.3, 3.228,3.18448,0.9363, 0.00,,4.4960,35.180549,-123.016213,1262.2,34.298, 3.137, 0.73, 91.3,0.365,1483.5,27.304,27.313
001181525295,2007,162,01:28:15,1269.7, 3.236,3.18475,0.9326, 0.00,,4.4959,35.180487,-123.016174,1256.7,34.297, 3.145, 0.72, 91.3,0.365,1483.4,27.302,27.310
001181525310,2007,162,01:28:30,1264.1, 3.247,3.18571,0.9241, 0.00,,4.4961,35.180483,-123.016178,1251.2,34.299, 3.157, 0.70, 91.3,0.365,1483.4,27.303,27.311
001181525325,2007,162,01:28:45,1258.5, 3.255,3.18565,0.9219, 0.00,,4.4962,35.180517,-123.016190,1245.6,34.293, 3.165, 0.69, 91.3,0.364,1483.3,27.297,27.306
001181525340,2007,162,01:29:00,1252.9, 3.260,3.18614,0.9211, 0.00,,4.4904,35.180475,-123.016157,1240.1,34.297, 3.170, 0.69, 91.2,0.370,1483.2,27.300,27.308
001181525355,2007,162,01:29:15,1247.3, 3.279,3.18732,0.9189, 0.00,,4.4960,35.180479,-123.016168,1234.6,34.293, 3.190, 0.68, 91.3,0.365,1483.2,27.295,27.304
001181525370,2007,162,01:29:30,1241.9, 3.292,3.18800,0.9163, 0.00,,4.4961,35.180498,-123.016192,1229.2,34.291, 3.203, 0.68, 91.3,0.365,1483.2,27.292,27.300
001181525385,2007,162,01:29:45,1236.5, 3.303,3.18845,0.9147, 0.00,,4.4960,35.180475,-123.016160,1223.9,34.288, 3.214, 0.67, 91.3,0.365,1483.1,27.288,27.297
001181525400,2007,162,01:30:00,1230.8, 3.314,3.18917,0.9127, 0.00,,4.4959,35.180446,-123.016110,1218.3,34.287, 3.226, 0.67, 91.3,0.365,1483.1,27.287,27.295
001181525415,2007,162,01:30:15,1225.2, 3.330,3.19045,0.9109, 0.00,,4.4960,35.180466,-123.016153,1212.8,34.289, 3.242, 0.66, 91.3,0.365,1483.1,27.287,27.295
001181525430,2007,162,01:30:30,1219.6, 3.338,3.19031,0.9096, 0.00,,4.4961,35.180467,-123.016146,1207.2,34.282, 3.250, 0.66, 91.3,0.365,1483.0,27.281,27.289
001181525445,2007,162,01:30:45,1214.0, 3.344,3.19076,0.9083, 0.00,,4.4961,35.180460,-123.016207,1201.7,34.284, 3.256, 0.65, 91.3,0.365,1482.9,27.282,27.290
001181525460,2007,162,01:31:00,1208.5, 3.350,3.19123,0.9074, 0.00,,4.4962,35.180454,-123.016160,1196.3,34.286, 3.263, 0.65, 91.3,0.364,1482.9,27.283,27.291
001181525475,2007,162,01:31:15,1203.2, 3.367,3.19227,0.9066, 0.00,,4.4962,35.180442,-123.016146,1191.0,34.283, 3.281, 0.65, 91.3,0.364,1482.8,27.278,27.287
001181525490,2007,162,01:31:30,1197.8, 3.380,3.19265,0.9060, 0.00,,4.4961,35.180452,-123.016158,1185.7,34.276, 3.294, 0.65, 91.3,0.365,1482.8,27.272,27.280
001181525505,2007,162,01:31:45,1192.3, 3.391,3.19357,0.9055, 0.00,,4.4962,35.180432,-123.016180,1180.3,34.279, 3.305, 0.64, 91.3,0.364,1482.8,27.273,27.281
001181525520,2007,162,01:32:00,1186.9, 3.406,3.19449,0.9052, 0.00,,4.4959,35.180442,-123.016183,1174.9,34.277, 3.320, 0.64, 91.3,0.365,1482.7,27.270,27.279
001181525535,2007,162,01:32:15,1181.4, 3.417,3.19545,0.9047, 0.00,,4.4961,35.180380,-123.016236,1169.5,34.279, 3.332, 0.64, 91.3,0.365,1482.7,27.271,27.279
001181525550,2007,162,01:32:30,1176.0, 3.430,3.19601,0.9038, 0.00,,4.4962,35.180416,-123.016155,1164.2,34.276, 3.345, 0.64, 91.3,0.364,1482.7,27.267,27.275
001181525565,2007,162,01:32:45,1170.5, 3.446,3.19680,0.9040, 0.00,,4.4961,35.180422,-123.016196,1158.7,34.272, 3.361, 0.64, 91.3,0.365,1482.6,27.262,27.270
001181525580,2007,162,01:33:00,1165.3, 3.458,3.19784,0.9025, 0.00,,4.4960,35.180369,-123.016189,1153.7,34.274, 3.374, 0.63, 91.3,0.365,1482.6,27.262,27.270
001181525595,2007,162,01:33:15,1160.6, 3.480,3.19973,0.8988, 0.00,,4.4959,35.180361,-123.016189,1149.0,34.276, 3.396, 0.62, 91.3,0.365,1482.6,27.262,27.270
001181525610,2007,162,01:33:30,1155.9, 3.496,3.20123,0.8966, 0.00,,4.4956,35.180363,-123.016222,1144.4,34.279, 3.412, 0.62, 91.3,0.365,1482.6,27.263,27.271
001181525625,2007,162,01:33:45,1151.4, 3.508,3.20260,0.8947, 0.00,,4.4957,35.180420,-123.016062,1139.9,34.285, 3.425, 0.61, 91.3,0.365,1482.6,27.266,27.274
001181525640,2007,162,01:34:00,1146.7, 3.528,3.20409,0.8934, 0.00,,4.4957,35.180382,-123.016199,1135.3,34.285, 3.444, 0.61, 91.3,0.365,1482.6,27.264,27.273
001181525655,2007,162,01:34:15,1141.4, 3.539,3.20482,0.8907, 0.00,,4.4953,35.180360,-123.015989,1130.1,34.284, 3.456, 0.60, 91.3,0.365,1482.6,27.263,27.271
001181525670,2007,162,01:34:30,1136.1, 3.544,3.20483,0.8897, 0.00,,4.4957,35.180384,-123.016093,1124.8,34.281, 3.462, 0.60, 91.3,0.365,1482.5,27.260,27.268
001181525685,2007,162,01:34:45,1130.8, 3.558,3.20506,0.8894, 0.00,,4.4958,35.180382,-123.016170,1119.6,34.272, 3.476, 0.60, 91.3,0.365,1482.4,27.252,27.260
001181525700,2007,162,01:35:00,1125.3, 3.562,3.20562,0.8890, 0.00,,4.4956,35.180399,-123.016205,1114.1,34.278, 3.480, 0.60, 91.3,0.365,1482.4,27.256,27.264
001181525715,2007,162,01:35:15,1119.8, 3.575,3.20653,0.8879, 0.00,,4.4957,35.180349,-123.016157,1108.7,34.278, 3.494, 0.59, 91.3,0.365,1482.3,27.254,27.262
001181525730,2007,162,01:35:30,1114.2, 3.583,3.20709,0.8865, 0.00,,4.4954,35.180396,-123.016189,1103.2,34.280, 3.501, 0.59, 91.3,0.365,1482.3,27.255,27.263
001181525745,2007,162,01:35:45,1108.6, 3.590,3.20757,0.8850, 0.00,,4.4955,35.180437,-123.016207,1097.7,34.280, 3.509, 0.58, 91.3,0.365,1482.2,27.255,27.262
001181525760,2007,162,01:36:00,1103.2, 3.594,3.20743,0.8837, 0.00,,4.4952,35.180416,-123.016220,1092.3,34.278, 3.513, 0.58, 91.3,0.365,1482.1,27.253,27.260
001181525775,2007,162,01:36:15,1097.9, 3.598,3.20760,0.8813, 0.00,,4.4955,35.180390,-123.016214,1087.0,34.278, 3.517, 0.57, 91.3,0.365,1482.1,27.253,27.260
001181525790,2007,162,01:36:30,1092.6, 3.615,3.20874,0.8815, 0.00,,4.4954,35.180335,-123.016128,1081.8,34.276, 3.535, 0.57, 91.3,0.365,1482.1,27.249,27.257
001181525805,2007,162,01:36:45,1087.0, 3.628,3.20928,0.8796, 0.00,,4.4955,35.180470,-123.016037,1076.4,34.272, 3.548, 0.57, 91.3,0.365,1482.0,27.245,27.253
001181525820,2007,162,01:37:00,1081.5, 3.630,3.20948,0.8767, 0.00,,4.4949,35.180326,-123.016141,1070.9,34.275, 3.551, 0.56, 91.3,0.366,1481.9,27.246,27.254
001181525835,2007,162,01:37:15,1076.1, 3.639,3.20974,0.8739, 0.00,,4.4948,35.180384,-123.016176,1065.5,34.272, 3.560, 0.55, 91.3,0.366,1481.9,27.243,27.251
001181525850,2007,162,01:37:30,1070.6, 3.652,3.21012,0.8725, 0.00,,4.4948,35.180319,-123.016192,1060.1,34.265, 3.574, 0.55, 91.3,0.366,1481.8,27.236,27.244
001181525865,2007,162,01:37:45,1065.1, 3.668,3.21102,0.8680, 0.00,,4.4948,35.180334,-123.016131,1054.7,34.262, 3.590, 0.54, 91.3,0.366,1481.8,27.232,27.240
001181525880,2007,162,01:38:00,1059.8, 3.677,3.21169,0.8653, 0.00,,4.4947,35.180371,-123.016186,1049.4,34.264, 3.599, 0.53, 91.3,0.366,1481.8,27.233,27.241
001181525895,2007,162,01:38:15,1054.5, 3.687,3.21253,0.8627, 0.00,,4.4947,35.180295,-123.016115,1044.2,34.265, 3.610, 0.52, 91.3,0.366,1481.7,27.233,27.241
001181525910,2007,162,01:38:30,1049.0, 3.699,3.21319,0.8608, 0.00,,4.4949,35.180290,-123.016160,1038.7,34.264, 3.622, 0.52, 91.3,0.366,1481.7,27.231,27.239
001181525925,2007,162,01:38:45,1043.5, 3.700,3.21290,0.8578, 0.00,,4.4944,35.180268,-123.016116,1033.4,34.262, 3.624, 0.51, 91.3,0.366,1481.6,27.229,27.237
001181525940,2007,162,01:39:00,1038.1, 3.703,3.21284,0.8558, 0.00,,4.4941,35.180280,-123.016129,1028.0,34.261, 3.627, 0.51, 91.2,0.366,1481.5,27.228,27.236
001181525955,2007,162,01:39:15,1032.9, 3.705,3.21278,0.8508, 0.00,,4.4932,35.180335,-123.016134,1022.9,34.261, 3.629, 0.49, 91.2,0.367,1481.4,27.228,27.236
001181525970,2007,162,01:39:30,1027.8, 3.720,3.21324,0.8460, 0.00,,4.4939,35.180266,-123.016160,1017.8,34.254, 3.644, 0.48, 91.2,0.367,1481.4,27.221,27.228
001181525985,2007,162,01:39:45,1022.7, 3.736,3.21424,0.8429, 0.00,,4.4936,35.180337,-123.016164,1012.8,34.251, 3.661, 0.47, 91.2,0.367,1481.4,27.217,27.224
001181526000,2007,162,01:40:00,1017.4, 3.759,3.21491,0.8383, 0.00,,4.4935,35.180300,-123.016098,1007.5,34.237, 3.685, 0.46, 91.2,0.367,1481.4,27.204,27.211
001181526015,2007,162,01:40:15,1012.0, 3.778,3.21662,0.8353, 0.00,,4.4933,35.180314,-123.016113,1002.3,34.240, 3.704, 0.45, 91.2,0.367,1481.4,27.204,27.212
001181526030,2007,162,01:40:30,1006.7, 3.792,3.21771,0.8318, 0.00,,4.4933,35.180393,-123.016092, 997.0,34.242, 3.717, 0.45, 91.2,0.367,1481.3,27.205,27.212
001181526045,2007,162,01:40:45,1001.2, 3.803,3.21794,0.8298, 0.00,,4.4929,35.180336,-123.016141, 991.6,34.236, 3.729, 0.44, 91.2,0.367,1481.3,27.199,27.206
001181526060,2007,162,01:41:00, 996.0, 3.820,3.21855,0.8286, 0.00,,4.4925,35.180375,-123.016188, 986.4,34.228, 3.747, 0.44, 91.2,0.368,1481.3,27.190,27.198
001181526075,2007,162,01:41:15, 990.8, 3.837,3.21994,0.8257, 0.00,,4.4927,35.180353,-123.016141, 981.2,34.230, 3.764, 0.43, 91.2,0.368,1481.2,27.190,27.198
001181526090,2007,162,01:41:30, 985.3, 3.848,3.22035,0.8231, 0.00,,4.4927,35.180371,-123.016135, 975.8,34.225, 3.776, 0.42, 91.2,0.368,1481.2,27.186,27.193
001181526105,2007,162,01:41:45, 979.8, 3.860,3.22105,0.8212, 0.00,,4.4930,35.180357,-123.016127, 970.5,34.224, 3.788, 0.42, 91.2,0.367,1481.1,27.183,27.190
001181526120,2007,162,01:42:00, 974.4, 3.881,3.22247,0.8190, 0.00,,4.4935,35.180302,-123.016107, 965.0,34.222, 3.809, 0.41, 91.2,0.367,1481.1,27.180,27.187
001181526135,2007,162,01:42:15, 969.0, 3.904,3.22336,0.8157, 0.00,,4.4931,35.180343,-123.016100, 959.7,34.211, 3.833, 0.40, 91.2,0.367,1481.1,27.168,27.176
001181526150,2007,162,01:42:30, 963.6, 3.931,3.22568,0.8144, 0.00,,4.4934,35.180363,-123.016132, 954.4,34.214, 3.859, 0.40, 91.2,0.367,1481.2,27.168,27.175
001181526165,2007,162,01:42:45, 958.5, 3.953,3.22671,0.8130, 0.00,,4.4936,35.180363,-123.016143, 949.4,34.206, 3.882, 0.40, 91.2,0.367,1481.2,27.159,27.166
001181526180,2007,162,01:43:00, 953.5, 3.962,3.22734,0.8101, 0.00,,4.4935,35.180342,-123.016124, 944.4,34.206, 3.891, 0.39, 91.2,0.367,1481.1,27.158,27.166
001181526195,2007,162,01:43:15, 948.3, 3.969,3.22857,0.8090, 0.00,,4.4934,35.180379,-123.016157, 939.3,34.216, 3.898, 0.39, 91.2,0.367,1481.1,27.166,27.173
001181526210,2007,162,01:43:30, 943.0, 3.979,3.22933,0.8069, 0.00,,4.4930,35.180363,-123.016144, 934.0,34.218, 3.909, 0.38, 91.2,0.367,1481.0,27.166,27.173
001181526225,2007,162,01:43:45, 937.6, 3.994,3.23052,0.8041, 0.00,,4.4934,35.180356,-123.016118, 928.8,34.219, 3.924, 0.37, 91.2,0.367,1481.0,27.165,27.173
001181526240,2007,162,01:44:00, 932.4, 4.004,3.23067,0.8035, 0.00,,4.4933,35.180385,-123.016063, 923.5,34.213, 3.934, 0.37, 91.2,0.367,1480.9,27.159,27.167
001181526255,2007,162,01:44:15, 927.5, 4.012,3.23164,0.7999, 0.00,,4.4930,35.180385,-123.016103, 918.8,34.218, 3.943, 0.36, 91.2,0.367,1480.9,27.163,27.170
001181526270,2007,162,01:44:30, 923.0, 4.030,3.23271,0.7970, 0.00,,4.4931,35.180397,-123.016112, 914.3,34.215, 3.961, 0.36, 91.2,0.367,1480.9,27.159,27.166
001181526285,2007,162,01:44:45, 918.5, 4.045,3.23425,0.7938, 0.00,,4.4929,35.180352,-123.016121, 909.8,34.219, 3.976, 0.35, 91.2,0.367,1480.9,27.161,27.168
001181526300,2007,162,01:45:00, 914.0, 4.055,3.23522,0.7923, 0.00,,4.4925,35.180367,-123.016117, 905.4,34.223, 3.986, 0.35, 91.2,0.368,1480.9,27.162,27.170
001181526315,2007,162,01:45:15, 909.0, 4.059,3.23535,0.7910, 0.00,,4.4928,35.180338,-123.016118, 900.5,34.222, 3.991, 0.34, 91.2,0.367,1480.8,27.161,27.168
001181526330,2007,162,01:45:30, 903.6, 4.068,3.23551,0.7901, 0.00,,4.4929,35.180376,-123.016115, 895.2,34.218, 4.000, 0.34, 91.2,0.367,1480.7,27.157,27.164
001181526345,2007,162,01:45:45, 898.1, 4.084,3.23598,0.7883, 0.00,,4.4927,35.180369,-123.016133, 889.7,34.209, 4.017, 0.33, 91.2,0.368,1480.7,27.149,27.156
001181526360,2007,162,01:46:00, 892.8, 4.101,3.23654,0.7863, 0.00,,4.4925,35.180354,-123.016115, 884.4,34.201, 4.034, 0.33, 91.2,0.368,1480.7,27.140,27.147
001181526375,2007,162,01:46:15, 887.4, 4.115,3.23693,0.7856, 0.00,,4.4927,35.180359,-123.016131, 879.1,34.195, 4.048, 0.33, 91.2,0.368,1480.6,27.134,27.141
001181526390,2007,162,01:46:30, 881.9, 4.127,3.23768,0.7847, 0.00,,4.4930,35.180376,-123.016152, 873.6,34.193, 4.061, 0.33, 91.2,0.367,1480.6,27.132,27.138
001181526405,2007,162,01:46:45, 876.4, 4.137,3.23861,0.7832, 0.00,,4.4932,35.180383,-123.016146, 868.2,34.197, 4.071, 0.32, 91.2,0.367,1480.6,27.134,27.140
001181526420,2007,162,01:47:00, 870.8, 4.148,3.23952,0.7811, 0.00,,4.4930,35.180350,-123.016115, 862.7,34.199, 4.082, 0.32, 91.2,0.367,1480.5,27.134,27.140
001181526435,2007,162,01:47:15, 865.2, 4.164,3.23993,0.7793, 0.00,,4.4929,35.180357,-123.016141, 857.2,34.190, 4.098, 0.31, 91.2,0.367,1480.5,27.125,27.132
001181526450,2007,162,01:47:30, 859.7, 4.178,3.24041,0.7776, 0.00,,4.4932,35.180363,-123.016100, 851.7,34.184, 4.113, 0.31, 91.2,0.367,1480.4,27.119,27.126
001181526465,2007,162,01:47:45, 854.3, 4.185,3.24081,0.7757, 0.00,,4.4937,35.180388,-123.016175, 846.4,34.184, 4.120, 0.30, 91.2,0.367,1480.4,27.118,27.125
001181526480,2007,162,01:48:00, 849.0, 4.195,3.24178,0.7734, 0.00,,4.4936,35.180379,-123.016138, 841.1,34.188, 4.131, 0.30, 91.2,0.367,1480.3,27.120,27.127
001181526495,2007,162,01:48:15, 843.3, 4.204,3.24195,0.7709, 0.00,,4.4936,35.180361,-123.016125, 835.5,34.183, 4.141, 0.29, 91.2,0.367,1480.3,27.115,27.122
001181526510,2007,162,01:48:30, 837.0, 4.225,3.24240,0.7684, 0.00,,4.4940,35.180380,-123.016172, 829.3,34.171, 4.161, 0.29, 91.2,0.366,1480.2,27.103,27.110
001181526525,2007,162,01:48:45, 830.5, 4.236,3.24350,0.7654, 0.00,,4.4942,35.180371,-123.016178, 822.8,34.175, 4.173, 0.28, 91.3,0.366,1480.2,27.105,27.112
001181526540,2007,162,01:49:00, 824.2, 4.246,3.24382,0.7630, 0.00,,4.4940,35.180372,-123.016155, 816.6,34.171, 4.184, 0.27, 91.2,0.366,1480.1,27.101,27.108
001181526555,2007,162,01:49:15, 817.9, 4.260,3.24444,0.7615, 0.00,,4.4937,35.180456,-123.016177, 810.4,34.168, 4.198, 0.27, 91.2,0.367,1480.1,27.097,27.104
001181526570,2007,162,01:49:30, 811.9, 4.283,3.24590,0.7595, 0.00,,4.4941,35.180363,-123.016189, 804.4,34.164, 4.222, 0.26, 91.2,0.366,1480.1,27.091,27.098
001181526585,2007,162,01:49:45, 805.9, 4.306,3.24724,0.7559, 0.00,,4.4937,35.180349,-123.016155, 798.5,34.160, 4.244, 0.25, 91.2,0.367,1480.0,27.086,27.092
001181526600,2007,162,01:50:00, 799.6, 4.363,3.24895,0.7544, 0.00,,4.4930,35.180373,-123.016198, 792.3,34.124, 4.302, 0.25, 91.2,0.367,1480.1,27.051,27.058
001181526615,2007,162,01:50:15, 793.3, 4.385,3.25265,0.7535, 0.00,,4.4925,35.180344,-123.016151, 786.1,34.147, 4.324, 0.25, 91.2,0.368,1480.2,27.068,27.074
001181526630,2007,162,01:50:30, 787.2, 4.397,3.25321,0.7520, 0.00,,4.4923,35.180360,-123.016218, 780.0,34.145, 4.337, 0.24, 91.2,0.368,1480.1,27.064,27.071
001181526645,2007,162,01:50:45, 781.1, 4.406,3.25429,0.7516, 0.00,,4.4919,35.180408,-123.016272, 774.0,34.151, 4.347, 0.24, 91.2,0.368,1480.0,27.068,27.074
001181526660,2007,162,01:51:00, 775.1, 4.416,3.25532,0.7511, 0.00,,4.4921,35.180359,-123.016209, 768.1,34.156, 4.357, 0.24, 91.2,0.368,1480.0,27.071,27.077
001181526675,2007,162,01:51:15, 769.1, 4.436,3.25618,0.7498, 0.00,,4.4921,35.180315,-123.016165, 762.2,34.149, 4.377, 0.24, 91.2,0.368,1480.0,27.063,27.070
001181526690,2007,162,01:51:30, 762.9, 4.444,3.25659,0.7491, 0.00,,4.4917,35.180376,-123.016221, 756.0,34.148, 4.386, 0.24, 91.2,0.368,1479.9,27.062,27.068
001181526705,2007,162,01:51:45, 756.6, 4.481,3.25838,0.7486, 0.00,,4.4919,35.180373,-123.016254, 749.8,34.134, 4.423, 0.24, 91.2,0.368,1479.9,27.046,27.053
001181526720,2007,162,01:52:00, 750.3, 4.513,3.26166,0.7477, 0.00,,4.4918,35.180354,-123.016245, 743.5,34.143, 4.455, 0.23, 91.2,0.368,1480.0,27.050,27.057
001181526735,2007,162,01:52:15, 744.0, 4.540,3.26305,0.7469, 0.00,,4.4911,35.180343,-123.016199, 737.3,34.134, 4.483, 0.23, 91.2,0.369,1480.0,27.040,27.046
001181526750,2007,162,01:52:30, 737.6, 4.545,3.26356,0.7464, 0.00,,4.4926,35.180357,-123.016263, 731.0,34.138, 4.488, 0.23, 91.2,0.368,1479.9,27.043,27.049
001181526765,2007,162,01:52:45, 731.5, 4.550,3.26422,0.7458, 0.00,,4.4927,35.180328,-123.016244, 725.0,34.143, 4.494, 0.23, 91.2,0.368,1479.8,27.047,27.053
001181526780,2007,162,01:53:00, 725.3, 4.582,3.26613,0.7456, 0.00,,4.4922,35.180350,-123.016199, 718.8,34.137, 4.525, 0.23, 91.2,0.368,1479.8,27.038,27.044
001181526795,2007,162,01:53:15, 718.8, 4.629,3.26876,0.7447, 0.00,,4.4918,35.180326,-123.016230, 712.4,34.122, 4.573, 0.22, 91.2,0.368,1479.9,27.021,27.027
001181526810,2007,162,01:53:30, 712.5, 4.634,3.26932,0.7442, 0.00,,4.4901,35.180346,-123.016267, 706.1,34.126, 4.579, 0.22, 91.2,0.370,1479.8,27.024,27.030
001181526825,2007,162,01:53:45, 706.1, 4.642,3.26964,0.7439, 0.00,,4.4924,35.180346,-123.016241, 699.8,34.126, 4.587, 0.22, 91.2,0.368,1479.7,27.023,27.029
001181526840,2007,162,01:54:00, 699.6, 4.641,3.26940,0.7441, 0.00,,4.4925,35.180355,-123.016259, 693.4,34.127, 4.586, 0.22, 91.2,0.368,1479.6,27.024,27.030
001181526855,2007,162,01:54:15, 693.1, 4.674,3.27148,0.7438, 0.00,,4.4919,35.180344,-123.016260, 686.9,34.121, 4.620, 0.22, 91.2,0.368,1479.7,27.015,27.021
001181526870,2007,162,01:54:30, 686.9, 4.740,3.27642,0.7440, 0.00,,4.4910,35.180341,-123.016270, 680.8,34.113, 4.686, 0.22, 91.2,0.369,1479.8,27.002,27.008
001181526885,2007,162,01:54:45, 680.6, 4.746,3.27645,0.7439, 0.00,,4.4913,35.180320,-123.016287, 674.6,34.111, 4.692, 0.22, 91.2,0.369,1479.7,27.000,27.005
001181526900,2007,162,01:55:00, 674.3, 4.812,3.28151,0.7437, 0.00,,4.4908,35.180290,-123.016264, 668.4,34.105, 4.758, 0.22, 91.2,0.369,1479.9,26.988,26.993
001181526915,2007,162,01:55:15, 668.2, 4.832,3.28217,0.7436, 0.00,,4.4908,35.180302,-123.016290, 662.3,34.095, 4.779, 0.22, 91.2,0.369,1479.9,26.977,26.983
001181526930,2007,162,01:55:30, 661.9, 4.840,3.28408,0.7436, 0.00,,4.4904,35.180316,-123.016293, 656.1,34.112, 4.788, 0.22, 91.2,0.370,1479.8,26.989,26.995
001181526945,2007,162,01:55:45, 655.7, 4.845,3.28401,0.7449, 0.00,,4.4913,35.180308,-123.016269, 649.9,34.109, 4.793, 0.22, 91.2,0.369,1479.7,26.987,26.993
001181526960,2007,162,01:56:00, 649.3, 4.874,3.28447,0.7455, 0.00,,4.4911,35.180292,-123.016269, 643.6,34.089, 4.822, 0.22, 91.2,0.369,1479.7,26.968,26.973
001181526975,2007,162,01:56:15, 643.1, 4.900,3.28555,0.7460, 0.00,,4.4910,35.180282,-123.016259, 637.4,34.078, 4.849, 0.22, 91.2,0.369,1479.7,26.956,26.962
001181526990,2007,162,01:56:30, 636.9, 4.922,3.28735,0.7468, 0.00,,4.4906,35.180318,-123.016312, 631.3,34.079, 4.872, 0.23, 91.2,0.369,1479.7,26.954,26.960
001181527005,2007,162,01:56:45, 630.6, 4.951,3.28881,0.7479, 0.00,,4.4895,35.180312,-123.016314, 625.1,34.069, 4.901, 0.23, 91.2,0.370,1479.7,26.943,26.949
001181527020,2007,162,01:57:00, 624.5, 4.999,3.29068,0.7491, 0.00,,4.4908,35.180313,-123.016311, 619.1,34.046, 4.949, 0.23, 91.2,0.369,1479.8,26.919,26.925
001181527035,2007,162,01:57:15, 618.5, 5.035,3.29308,0.7511, 0.00,,4.4906,35.180339,-123.016321, 613.1,34.039, 4.986, 0.23, 91.2,0.369,1479.8,26.910,26.915
001181527050,2007,162,01:57:30, 612.6, 5.066,3.29590,0.7529, 0.00,,4.4903,35.180322,-123.016318, 607.2,34.043, 5.017, 0.24, 91.2,0.370,1479.8,26.909,26.915
001181527065,2007,162,01:57:45, 607.0, 5.095,3.29780,0.7551, 0.00,,4.4903,35.180316,-123.016303, 601.7,34.038, 5.046, 0.24, 91.2,0.370,1479.9,26.902,26.908
001181527080,2007,162,01:58:00, 601.4, 5.117,3.30028,0.7571, 0.00,,4.4903,35.180342,-123.016282, 596.2,34.047, 5.069, 0.25, 91.2,0.370,1479.9,26.906,26.912
001181527095,2007,162,01:58:15, 595.6, 5.126,3.30151,0.7588, 0.00,,4.4905,35.180351,-123.016286, 590.4,34.055, 5.078, 0.25, 91.2,0.370,1479.8,26.912,26.918
001181527110,2007,162,01:58:30, 589.8, 5.138,3.30294,0.7600, 0.00,,4.4904,35.180361,-123.016260, 584.7,34.062, 5.091, 0.25, 91.2,0.370,1479.8,26.916,26.921
001181527125,2007,162,01:58:45, 583.6, 5.171,3.30495,0.7623, 0.00,,4.4896,35.180379,-123.016303, 578.5,34.055, 5.124, 0.26, 91.2,0.370,1479.8,26.906,26.912
001181527140,2007,162,01:59:00, 577.3, 5.222,3.30714,0.7635, 0.00,,4.4898,35.180351,-123.016273, 572.3,34.031, 5.175, 0.26, 91.2,0.370,1479.9,26.882,26.887
001181527155,2007,162,01:59:15, 570.8, 5.247,3.30889,0.7650, 0.00,,4.4895,35.180367,-123.016273, 565.9,34.029, 5.201, 0.26, 91.2,0.370,1479.9,26.877,26.883
001181527170,2007,162,01:59:30, 564.8, 5.263,3.31065,0.7677, 0.00,,4.4893,35.180379,-123.016244, 559.9,34.037, 5.217, 0.27, 91.2,0.371,1479.8,26.881,26.887
001181527185,2007,162,01:59:45, 558.6, 5.298,3.31364,0.7720, 0.00,,4.4889,35.180357,-123.016282, 553.8,34.038, 5.253, 0.28, 91.1,0.371,1479.9,26.878,26.883
001181527200,2007,162,02:00:00, 552.3, 5.355,3.31705,0.7781, 0.00,,4.4871,35.180359,-123.016282, 547.6,34.023, 5.309, 0.29, 91.1,0.373,1480.0,26.860,26.865
001181527215,2007,162,02:00:15, 546.1, 5.369,3.31737,0.7810, 0.00,,4.4876,35.180318,-123.016225, 541.5,34.015, 5.324, 0.29, 91.1,0.372,1479.9,26.852,26.857
001181527230,2007,162,02:00:30, 539.9, 5.403,3.31965,0.7897, 0.00,,4.4877,35.180322,-123.016254, 535.3,34.010, 5.358, 0.31, 91.1,0.372,1480.0,26.844,26.849
001181527245,2007,162,02:00:45, 533.6, 5.441,3.32113,0.7944, 0.00,,4.4874,35.180324,-123.016237, 529.1,33.991, 5.397, 0.32, 91.1,0.372,1480.0,26.824,26.829
001181527260,2007,162,02:01:00, 527.4, 5.463,3.32425,0.8010, 0.00,,4.4880,35.180320,-123.016228, 522.9,34.008, 5.419, 0.34, 91.1,0.372,1480.0,26.835,26.840
001181527275,2007,162,02:01:15, 521.3, 5.468,3.32501,0.8134, 0.00,,4.4878,35.180311,-123.016240, 516.9,34.015, 5.424, 0.36, 91.1,0.372,1479.9,26.840,26.845
001181527290,2007,162,02:01:30, 515.2, 5.504,3.32621,0.8172, 0.00,,4.4876,35.180320,-123.016263, 510.8,33.995, 5.461, 0.37, 91.1,0.372,1479.9,26.820,26.825
001181527305,2007,162,02:01:45, 509.0, 5.587,3.33033,0.8246, 0.00,,4.4866,35.180312,-123.016256, 504.7,33.962, 5.544, 0.39, 91.1,0.373,1480.1,26.783,26.788
001181527320,2007,162,02:02:00, 502.7, 5.615,3.33324,0.8308, 0.00,,4.4857,35.180284,-123.016244, 498.5,33.969, 5.573, 0.40, 91.1,0.374,1480.1,26.786,26.791
001181527335,2007,162,02:02:15, 496.5, 5.627,3.33478,0.8368, 0.00,,4.4878,35.180276,-123.016240, 492.3,33.978, 5.585, 0.41, 91.1,0.372,1480.1,26.791,26.796
001181527350,2007,162,02:02:30, 490.1, 5.667,3.33765,0.8474, 0.00,,4.4878,35.180272,-123.016240, 485.9,33.973, 5.626, 0.43, 91.1,0.372,1480.2,26.783,26.788
001181527365,2007,162,02:02:45, 483.8, 5.688,3.33914,0.8622, 0.00,,4.4885,35.180271,-123.016256, 479.7,33.972, 5.647, 0.46, 91.1,0.371,1480.1,26.780,26.784
001181527380,2007,162,02:03:00, 477.7, 5.707,3.33958,0.8657, 0.00,,4.4883,35.180251,-123.016248, 473.7,33.960, 5.667, 0.47, 91.1,0.372,1480.1,26.768,26.773
001181527395,2007,162,02:03:15, 471.7, 5.775,3.34396,0.8738, 0.00,,4.4872,35.180247,-123.016270, 467.8,33.946, 5.735, 0.49, 91.1,0.373,1480.3,26.748,26.752
001181527410,2007,162,02:03:30, 465.5, 5.816,3.34667,0.8807, 0.00,,4.4877,35.180236,-123.016273, 461.6,33.938, 5.777, 0.50, 91.1,0.372,1480.3,26.736,26.741
001181527425,2007,162,02:03:45, 459.3, 5.852,3.35094,0.8903, 0.00,,4.4878,35.180204,-123.016259, 455.4,33.952, 5.813, 0.52, 91.1,0.372,1480.4,26.743,26.748
001181527440,2007,162,02:04:00, 453.0, 5.904,3.35430,0.8984, 0.00,,4.4869,35.180206,-123.016273, 449.2,33.942, 5.865, 0.54, 91.1,0.373,1480.5,26.729,26.733
001181527455,2007,162,02:04:15, 446.7, 5.918,3.35635,0.9035, 0.00,,4.4873,35.180210,-123.016077, 443.0,33.954, 5.880, 0.55, 91.1,0.372,1480.4,26.736,26.741
001181527470,2007,162,02:04:30, 440.8, 5.940,3.35884,0.9094, 0.00,,4.4869,35.180166,-123.016272, 437.2,33.963, 5.902, 0.56, 91.1,0.373,1480.4,26.741,26.746
001181527485,2007,162,02:04:45, 435.3, 5.998,3.36003,0.9192, 0.00,,4.4871,35.180168,-123.016276, 431.7,33.921, 5.961, 0.58, 91.1,0.373,1480.5,26.700,26.705
001181527500,2007,162,02:05:00, 429.8, 6.070,3.36555,0.9311, 0.00,,4.4864,35.180169,-123.016266, 426.3,33.913, 6.033, 0.60, 91.1,0.373,1480.7,26.685,26.690
001181527515,2007,162,02:05:15, 425.2, 6.147,3.37499,0.9533, 0.00,,4.4863,35.180180,-123.016282, 421.7,33.945, 6.110, 0.65, 91.1,0.373,1481.0,26.701,26.706
001181527530,2007,162,02:05:30, 421.5, 6.182,3.37981,0.9702, 0.00,,4.4863,35.180218,-123.016222, 418.0,33.966, 6.145, 0.68, 91.1,0.373,1481.1,26.712,26.717
001181527545,2007,162,02:05:45, 417.3, 6.221,3.38259,0.9799, 0.00,,4.4858,35.180255,-123.016208, 413.8,33.960, 6.184, 0.70, 91.1,0.374,1481.1,26.703,26.708
001181527560,2007,162,02:06:00, 412.3, 6.286,3.38752,0.9958, 0.00,,4.4857,35.180269,-123.016147, 408.9,33.953, 6.250, 0.73, 91.1,0.374,1481.3,26.689,26.694
001181527575,2007,162,02:06:15, 407.5, 6.321,3.39035,1.0091, 0.00,,4.4855,35.180299,-123.016147, 404.2,33.952, 6.285, 0.76, 91.1,0.374,1481.4,26.684,26.689
001181527590,2007,162,02:06:30, 402.7, 6.357,3.39314,1.0187, 0.00,,4.4858,35.180316,-123.016104, 399.4,33.949, 6.322, 0.78, 91.1,0.374,1481.4,26.677,26.681
001181527605,2007,162,02:06:45, 397.6, 6.387,3.39538,1.0317, 0.00,,4.4854,35.180305,-123.016109, 394.4,33.947, 6.351, 0.81, 91.1,0.374,1481.5,26.672,26.676
001181527620,2007,162,02:07:00, 393.2, 6.417,3.39758,1.0445, 0.00,,4.4857,35.180359,-123.016029, 390.0,33.944, 6.382, 0.83, 91.1,0.374,1481.5,26.665,26.669
001181527635,2007,162,02:07:15, 388.5, 6.453,3.40039,1.0558, 0.00,,4.4855,35.180400,-123.015955, 385.3,33.942, 6.418, 0.85, 91.1,0.374,1481.6,26.659,26.663
001181527650,2007,162,02:07:30, 383.4, 6.465,3.40089,1.0615, 0.00,,4.4857,35.180388,-123.015964, 380.2,33.938, 6.431, 0.86, 91.1,0.374,1481.5,26.654,26.658
001181527665,2007,162,02:07:45, 378.4, 6.501,3.40293,1.0727, 0.00,,4.4857,35.180371,-123.015959, 375.3,33.927, 6.467, 0.89, 91.1,0.374,1481.6,26.641,26.645
001181527680,2007,162,02:08:00, 372.9, 6.522,3.40365,1.0838, 0.00,,4.4859,35.180346,-123.016003, 369.9,33.917, 6.489, 0.91, 91.1,0.374,1481.6,26.630,26.634
001181527695,2007,162,02:08:15, 367.3, 6.578,3.40861,1.0895, 0.00,,4.4861,35.180329,-123.016024, 364.4,33.920, 6.544, 0.92, 91.1,0.374,1481.7,26.625,26.629
001181527710,2007,162,02:08:30, 361.2, 6.630,3.41049,1.1003, 0.00,,4.4859,35.180321,-123.016025, 358.3,33.892, 6.597, 0.94, 91.1,0.374,1481.8,26.596,26.600
001181527725,2007,162,02:08:45, 354.9, 6.669,3.41178,1.1043, 0.00,,4.4858,35.180298,-123.016029, 352.0,33.870, 6.637, 0.95, 91.1,0.374,1481.8,26.574,26.578
001181527740,2007,162,02:09:00, 348.5, 6.736,3.41634,1.1108, 0.00,,4.4859,35.180293,-123.016054, 345.6,33.858, 6.704, 0.96, 91.1,0.374,1481.9,26.555,26.559
001181527755,2007,162,02:09:15, 342.0, 6.805,3.42050,1.1208, 0.00,,4.4865,35.180267,-123.016078, 339.3,33.839, 6.774, 0.98, 91.1,0.373,1482.1,26.531,26.535
001181527770,2007,162,02:09:30, 335.8, 6.887,3.42686,1.1308, 0.00,,4.4866,35.180260,-123.016079, 333.1,33.831, 6.856, 0.99, 91.1,0.373,1482.3,26.513,26.517
001181527785,2007,162,02:09:45, 329.7, 6.964,3.43445,1.1492, 0.00,,4.4863,35.180246,-123.016086, 327.0,33.842, 6.933, 1.03, 91.1,0.373,1482.5,26.512,26.516
001181527800,2007,162,02:10:00, 323.4, 6.989,3.43673,1.1651, 0.00,,4.4869,35.180237,-123.016099, 320.8,33.846, 6.959, 1.06, 91.1,0.373,1482.5,26.511,26.515
001181527815,2007,162,02:10:15, 317.1, 7.028,3.44163,1.1886, 0.00,,4.4865,35.180235,-123.016103, 314.6,33.864, 6.998, 1.11, 91.1,0.373,1482.5,26.520,26.524
001181527830,2007,162,02:10:30, 310.9, 7.083,3.44550,1.2085, 0.00,,4.4866,35.180206,-123.016127, 308.4,33.855, 7.054, 1.14, 91.1,0.373,1482.6,26.506,26.510
001181527845,2007,162,02:10:45, 304.5, 7.112,3.45001,1.2269, 0.00,,4.4864,35.180214,-123.016160, 302.1,33.879, 7.083, 1.18, 91.1,0.373,1482.7,26.521,26.525
001181527860,2007,162,02:11:00, 298.5, 7.121,3.45134,1.2473, 0.00,,4.4854,35.180237,-123.016169, 296.1,33.887, 7.094, 1.22, 91.1,0.374,1482.6,26.526,26.529
001181527875,2007,162,02:11:15, 293.7, 7.124,3.45039,1.3046, 0.00,,4.4856,35.180217,-123.016172, 291.4,33.876, 7.097, 1.33, 91.1,0.374,1482.5,26.517,26.521
001181527890,2007,162,02:11:30, 290.5, 7.125,3.44999,1.3541, 0.00,,4.4850,35.180198,-123.016111, 288.2,33.873, 7.098, 1.43, 91.1,0.375,1482.5,26.514,26.518
001181527905,2007,162,02:11:45, 286.5, 7.122,3.44950,1.3647, 0.00,,4.4866,35.180176,-123.016077, 284.2,33.872, 7.096, 1.45, 91.1,0.373,1482.4,26.513,26.517
001181527920,2007,162,02:12:00, 282.5, 7.161,3.45226,1.3780, 0.00,,4.4864,35.180147,-123.016035, 280.3,33.866, 7.134, 1.48, 91.1,0.373,1482.5,26.504,26.507
001181527935,2007,162,02:12:15, 278.9, 7.181,3.45438,1.3818, 0.00,,4.4862,35.180133,-123.015994, 276.7,33.871, 7.155, 1.49, 91.1,0.373,1482.5,26.505,26.509
001181527950,2007,162,02:12:30, 275.2, 7.237,3.45906,1.3841, 0.00,,4.4859,35.180115,-123.015937, 273.0,33.869, 7.211, 1.49, 91.1,0.374,1482.7,26.495,26.499
001181527965,2007,162,02:12:45, 271.1, 7.302,3.46386,1.3934, 0.00,,4.4859,35.180074,-123.015965, 269.0,33.860, 7.276, 1.50, 91.1,0.374,1482.8,26.479,26.483
001181527980,2007,162,02:13:00, 266.6, 7.356,3.46754,1.4124, 0.00,,4.4843,35.180054,-123.015977, 264.5,33.850, 7.330, 1.54, 91.0,0.375,1483.0,26.463,26.467
001181527995,2007,162,02:13:15, 261.6, 7.384,3.47019,1.4285, 0.00,,4.4850,35.180062,-123.015977, 259.6,33.853, 7.359, 1.57, 91.1,0.375,1483.0,26.462,26.466
001181528010,2007,162,02:13:30, 255.8, 7.496,3.47458,1.4336, 0.00,,4.4463,35.180078,-123.015974, 253.8,33.794, 7.472, 1.57, 90.3,0.410,1483.3,26.400,26.403
001181528025,2007,162,02:13:45, 250.1, 7.696,3.48327,1.4134, 0.00,,4.4856,35.180084,-123.015954, 248.1,33.697, 7.672, 1.53, 91.1,0.374,1483.8,26.295,26.298
001181528040,2007,162,02:14:00, 244.9, 7.754,3.49622,1.4126, 0.00,,4.4853,35.180078,-123.015986, 243.0,33.783, 7.730, 1.52, 91.1,0.374,1484.0,26.354,26.358
001181528055,2007,162,02:14:15, 240.3, 7.760,3.50454,1.4499, 0.00,,4.4833,35.180033,-123.016022, 238.4,33.869, 7.736, 1.59, 91.0,0.376,1484.1,26.421,26.424
001181528070,2007,162,02:14:30, 235.9, 7.750,3.50349,1.4913, 0.00,,4.4814,35.180005,-123.016042, 234.0,33.869, 7.727, 1.68, 91.0,0.378,1484.0,26.422,26.425
001181528085,2007,162,02:14:45, 231.1, 7.766,3.50306,1.5327, 0.00,,4.4801,35.179986,-123.016096, 229.3,33.852, 7.743, 1.76, 91.0,0.379,1483.9,26.407,26.410
001181528100,2007,162,02:15:00, 225.9, 7.840,3.50507,1.5341, 0.00,,4.4816,35.179971,-123.016090, 224.1,33.804, 7.817, 1.76, 91.0,0.378,1484.1,26.358,26.362
001181528115,2007,162,02:15:15, 220.3, 7.881,3.50883,1.5471, 0.00,,4.4800,35.179939,-123.016086, 218.5,33.807, 7.859, 1.78, 91.0,0.379,1484.2,26.355,26.358
001181528130,2007,162,02:15:30, 214.5, 7.812,3.50904,1.6223, 0.00,,4.4820,35.179933,-123.016093, 212.8,33.878, 7.791, 1.93, 91.0,0.377,1483.9,26.421,26.424
001181528145,2007,162,02:15:45, 208.8, 7.869,3.50786,1.6920, 0.00,,4.4810,35.179909,-123.016137, 207.2,33.814, 7.848, 2.06, 91.0,0.378,1483.9,26.362,26.365
001181528160,2007,162,02:16:00, 203.5, 7.928,3.51247,1.7117, 0.00,,4.4801,35.179922,-123.016157, 201.9,33.808, 7.908, 2.10, 91.0,0.379,1484.1,26.349,26.352
001181528175,2007,162,02:16:15, 198.1, 7.990,3.51630,1.7241, 0.00,,4.4803,35.179925,-123.016167, 196.5,33.792, 7.971, 2.12, 91.0,0.379,1484.2,26.327,26.330
001181528190,2007,162,02:16:30, 192.8, 8.242,3.53231,1.6792, 0.00,,4.4793,35.179901,-123.016188, 191.4,33.723, 8.222, 2.02, 90.9,0.380,1485.0,26.235,26.238
001181528205,2007,162,02:16:45, 188.0, 8.360,3.55319,1.6465, 0.00,,4.4778,35.179881,-123.016177, 186.6,33.834, 8.340, 1.95, 90.9,0.381,1485.5,26.304,26.307
001181528220,2007,162,02:17:00, 184.0, 8.354,3.55087,1.7417, 0.00,,4.4762,35.179842,-123.016156, 182.6,33.817, 8.335, 2.13, 90.9,0.382,1485.4,26.292,26.295
001181528235,2007,162,02:17:15, 179.9, 8.515,3.56575,1.6964, 0.00,,4.4719,35.179808,-123.016090, 178.5,33.821, 8.496, 2.03, 90.8,0.386,1485.9,26.271,26.274
001181528250,2007,162,02:17:30, 175.9, 8.506,3.56346,1.7067, 0.00,,4.4698,35.179772,-123.016070, 174.5,33.807, 8.488, 2.05, 90.7,0.388,1485.8,26.261,26.264
001181528265,2007,162,02:17:45, 171.6, 8.521,3.56317,1.7212, 0.00,,4.4685,35.179720,-123.016036, 170.3,33.792, 8.504, 2.08, 90.7,0.389,1485.7,26.247,26.249
001181528280,2007,162,02:18:00, 167.1, 8.524,3.56309,1.7321, 0.00,,4.4671,35.179686,-123.016039, 165.8,33.791, 8.507, 2.10, 90.7,0.391,1485.7,26.246,26.248
001181528295,2007,162,02:18:15, 163.5, 8.517,3.56030,1.7670, 0.00,,4.4645,35.179641,-123.016019, 162.3,33.769, 8.500, 2.17, 90.6,0.393,1485.6,26.230,26.232
001181528310,2007,162,02:18:30, 160.1, 8.377,3.54285,1.9012, 0.00,,4.4619,35.179596,-123.015971, 158.9,33.720, 8.361, 2.43, 90.6,0.396,1484.9,26.213,26.215
001181528325,2007,162,02:18:45, 156.4, 8.344,3.53719,2.0081, 0.00,,4.4570,35.179541,-123.015901, 155.2,33.694, 8.328, 2.64, 90.5,0.400,1484.7,26.197,26.199
001181528340,2007,162,02:19:00, 151.5, 8.384,3.53824,2.0529, 0.00,,4.4593,35.179504,-123.015900, 150.4,33.669, 8.368, 2.72, 90.5,0.398,1484.8,26.172,26.174
001181528355,2007,162,02:19:15, 146.2, 8.555,3.54749,2.0652, 0.00,,4.4595,35.179504,-123.015891, 145.1,33.606, 8.540, 2.74, 90.5,0.398,1485.2,26.096,26.098
001181528370,2007,162,02:19:30, 141.1, 8.794,3.57096,2.0278, 0.00,,4.4603,35.179480,-123.015892, 140.1,33.628, 8.779, 2.65, 90.6,0.397,1486.1,26.077,26.079
001181528385,2007,162,02:19:45, 137.0, 8.845,3.57748,2.0440, 0.00,,4.4620,35.179452,-123.015905, 135.9,33.650, 8.831, 2.68, 90.6,0.395,1486.2,26.085,26.088
001181528400,2007,162,02:20:00, 134.0, 8.899,3.58160,2.0873, 0.00,,4.4628,35.179396,-123.015906, 132.9,33.643, 8.885, 2.75, 90.6,0.395,1486.4,26.072,26.074
001181528415,2007,162,02:20:15, 130.0, 8.940,3.58248,2.1556, 0.00,,4.4653,35.179335,-123.015834, 129.0,33.615, 8.927, 2.88, 90.7,0.392,1486.4,26.043,26.046
001181528430,2007,162,02:20:30, 125.0, 8.814,3.57429,2.2227, 0.00,,4.4700,35.179321,-123.015858, 124.1,33.652, 8.800, 3.01, 90.8,0.388,1485.9,26.092,26.094
001181528445,2007,162,02:20:45, 120.5, 8.888,3.56477,2.3338, 0.00,,4.4726,35.179268,-123.015829, 119.6,33.484, 8.875, 3.22, 90.8,0.386,1485.9,25.949,25.951
001181528460,2007,162,02:21:00, 116.4, 8.944,3.56764,2.3759, 0.00,,4.4736,35.179236,-123.015846, 115.5,33.463, 8.932, 3.30, 90.8,0.385,1486.0,25.924,25.926
001181528475,2007,162,02:21:15, 112.8, 9.182,3.58887,2.3852, 0.00,,4.4743,35.179173,-123.015779, 112.0,33.462, 9.170, 3.30, 90.8,0.384,1486.8,25.885,25.887
001181528490,2007,162,02:21:30, 108.5, 9.342,3.59928,2.4111, 0.00,,4.4751,35.179138,-123.015767, 107.7,33.422, 9.330, 3.34, 90.9,0.384,1487.3,25.828,25.830
001181528505,2007,162,02:21:45, 104.4, 9.404,3.60348,2.4763, 0.00,,4.4738,35.179110,-123.015767, 103.6,33.409, 9.393, 3.45, 90.8,0.385,1487.4,25.808,25.810
001181528520,2007,162,02:22:00, 100.2, 9.500,3.60894,2.5296, 0.00,,4.4739,35.179033,-123.015771,  99.5,33.378, 9.489, 3.55, 90.8,0.385,1487.7,25.769,25.770
001181528535,2007,162,02:22:15,  95.7, 9.650,3.61527,2.5769, 0.00,,4.4741,35.178976,-123.015766,  95.0,33.306, 9.640, 3.62, 90.8,0.384,1488.1,25.687,25.689
001181528550,2007,162,02:22:30,  90.8, 9.708,3.61872,2.6335, 0.00,,4.4725,35.178939,-123.015770,  90.1,33.290, 9.698, 3.72, 90.8,0.386,1488.2,25.666,25.667
001181528565,2007,162,02:22:45,  86.0, 9.750,3.61598,2.7250, 0.00,,4.4679,35.178902,-123.015736,  85.3,33.225, 9.740, 3.89, 90.7,0.390,1488.2,25.608,25.610
001181528580,2007,162,02:23:00,  81.8,10.241,3.65103,3.0744, 0.00,,4.4507,35.178853,-123.015714,  81.2,33.132,10.232, 4.50, 90.4,0.406,1489.8,25.453,25.455
001181528595,2007,162,02:23:15,  78.2,10.351,3.66280,3.3167, 0.00,,4.4411,35.178786,-123.015715,  77.6,33.152,10.342, 4.93, 90.2,0.414,1490.1,25.450,25.452
001181528610,2007,162,02:23:30,  74.4,10.423,3.65793,3.3221, 0.00,,4.4388,35.178727,-123.015709,  73.8,33.039,10.414, 4.94, 90.1,0.417,1490.2,25.350,25.351
001181528625,2007,162,02:23:45,  69.5,10.744,3.67021,3.4272, 0.00,,4.4236,35.178668,-123.015702,  69.0,32.874,10.736, 5.10, 89.8,0.430,1491.0,25.166,25.167
001181528640,2007,162,02:24:00,  64.5,11.014,3.70798,3.5602, 0.00,,4.3970,35.178613,-123.015701,  64.0,33.009,11.007, 5.31, 89.3,0.455,1492.1,25.223,25.224
001181528655,2007,162,02:24:15,  60.3,11.551,3.76099,3.6739, 0.00,,4.3549,35.178572,-123.015723,  59.9,33.052,11.544, 5.45, 88.4,0.494,1493.9,25.160,25.161
001181528670,2007,162,02:24:30,  56.0,12.323,3.82100,3.8737, 0.00,,4.3184,35.178558,-123.015769,  55.6,32.952,12.316, 5.72, 87.6,0.528,1496.4,24.938,24.940
001181528685,2007,162,02:24:45,  52.2,13.039,3.90190,3.9565, 0.00,,4.2575,35.178547,-123.015764,  51.8,33.098,13.032, 5.78, 86.4,0.586,1498.9,24.912,24.914
001181528700,2007,162,02:25:00,  49.9,13.130,3.91056,3.9786, 0.00,,4.2448,35.178495,-123.015723,  49.6,33.101,13.123, 5.81, 86.1,0.598,1499.2,24.897,24.898
001181528715,2007,162,02:25:15,  47.3,13.075,3.89829,3.9839, 0.00,,4.2457,35.178428,-123.015664,  47.0,33.034,13.068, 5.83, 86.1,0.597,1498.9,24.856,24.858
001181528730,2007,162,02:25:30,  43.8,13.183,3.90594,3.9955, 0.00,,4.2319,35.178372,-123.015645,  43.4,33.014,13.177, 5.83, 85.9,0.610,1499.2,24.819,24.820
001181528745,2007,162,02:25:45,  41.0,13.401,3.92115,4.0301, 0.00,,4.1709,35.178320,-123.015721,  40.7,32.969,13.395, 5.87, 84.6,0.669,1499.8,24.741,24.742
001181528760,2007,162,02:26:00,  38.5,13.398,3.92112,4.0412, 0.00,,4.1601,35.178267,-123.015712,  38.2,32.972,13.393, 5.89, 84.4,0.680,1499.7,24.743,24.744
001181528775,2007,162,02:26:15,  38.3,13.413,3.92213,4.0426, 0.00,,4.1517,35.178229,-123.015711,  38.0,32.968,13.408, 5.89, 84.2,0.688,1499.8,24.738,24.739
001181528790,2007,162,02:26:30,  38.9,13.416,3.92240,4.0453, 0.00,,4.1550,35.178166,-123.015662,  38.6,32.968,13.411, 5.89, 84.3,0.685,1499.8,24.737,24.738
001181528805,2007,162,02:26:45,  39.0,13.407,3.92210,4.0451, 0.00,,4.1602,35.178103,-123.015595,  38.7,32.973,13.402, 5.89, 84.4,0.680,1499.8,24.742,24.744
001181528820,2007,162,02:27:00,  38.9,13.407,3.92242,4.0445, 0.00,,4.1606,35.178062,-123.015555,  38.6,32.976,13.402, 5.89, 84.4,0.679,1499.8,24.745,24.746
001181528835,2007,162,02:27:15,  37.8,13.407,3.92230,4.0469, 0.00,,4.1578,35.178008,-123.015546,  37.5,32.976,13.402, 5.89, 84.3,0.682,1499.8,24.745,24.746
001181528850,2007,162,02:27:30,  34.9,13.404,3.92094,4.0470, 0.00,,4.1480,35.177965,-123.015549,  34.6,32.966,13.400, 5.89, 84.1,0.691,1499.7,24.738,24.739
001181528865,2007,162,02:27:45,  30.8,13.389,3.91600,4.0543, 0.00,,4.1176,35.177907,-123.015505,  30.5,32.935,13.385, 5.90, 83.5,0.721,1499.5,24.717,24.717
001181528880,2007,162,02:28:00,  26.7,13.393,3.91555,4.0588, 0.00,,4.1138,35.177869,-123.015465,  26.5,32.929,13.390, 5.91, 83.4,0.725,1499.5,24.711,24.712
001181528895,2007,162,02:28:15,  23.0,13.415,3.91701,4.0664, 0.00,,4.1034,35.177820,-123.015473,  22.8,32.925,13.412, 5.92, 83.2,0.735,1499.5,24.704,24.705
001181528910,2007,162,02:28:30,  19.5,13.437,3.91840,4.0742, 0.00,,4.0970,35.177775,-123.015473,  19.3,32.921,13.434, 5.92, 83.1,0.742,1499.5,24.696,24.697
001181528925,2007,162,02:28:45,  15.8,13.440,3.91851,4.0775, 0.00,,4.0975,35.177728,-123.015457,  15.7,32.920,13.438, 5.93, 83.1,0.741,1499.4,24.695,24.696
001181528940,2007,162,02:29:00,  12.4,13.453,3.91943,4.0535, 0.00,,4.0895,35.177687,-123.015406,  12.3,32.919,13.451, 5.88, 82.9,0.749,1499.4,24.692,24.692
001181528955,2007,162,02:29:15,  11.5,13.469,3.92051,3.3851, 0.00,,4.0838,35.177674,-123.015417,  11.4,32.916,13.467, 4.73, 82.8,0.755,1499.5,24.686,24.686
001181528970,2007,162,02:29:30,   9.9,13.479,3.92110,3.4142, 0.00,,4.0825,35.177673,-123.015412,   9.8,32.913,13.478, 4.77, 82.8,0.756,1499.5,24.682,24.682
