usec,rovCtdDtg,rovCtdDtgFlag,vehicle,depth,depthFlag,temper,temperFlag,salin,salinFlag,oxyg,oxygFlag,light,lightFlag,sound,soundFlag,sigmatheta,sigmathetaFlag,lat,latFlag,lon,lonFlag
1371600000,06/19/2013 00:00:00,2,docr,1551.5,2,2.74,2,34.568,2,1.064,2,84.83,2,1486.633,2,27.5734,2,35.13159371,2,-122.94931057,2
1371600015,06/19/2013 00:00:15,2,docr,1539.97,2,2.757,2,34.566,2,1.053,2,84.81,2,1486.508,2,27.5702,2,35.13160666,2,-122.94930793,2
1371600030,06/19/2013 00:00:30,2,docr,1530.91,2,2.777,2,34.565,2,1.043,2,84.82,2,1486.439,2,27.5676,2,35.131619,2,-122.949253,2
1371600045,06/19/2013 00:00:45,2,docr,1521.74,2,2.8,2,34.563,2,1.027,2,84.82,2,1486.38,2,27.564,2,35.131619,2,-122.94929333,2
1371600060,06/19/2013 00:01:00,2,docr,1512.58,2,2.818,2,34.562,2,1.013,2,84.82,2,1486.301,2,27.5615,2,35.1316118,2,-122.94931,2
1371600075,06/19/2013 00:01:15,2,docr,1503.41,2,2.839,2,34.56,2,0.999,2,84.81,2,1486.233,2,27.5581,2,35.13157926,2,-122.94923493,2
1371600090,06/19/2013 00:01:30,2,docr,1494.05,2,2.853,2,34.559,2,0.988,2,84.82,2,1486.133,2,27.556,2,35.13163433,2,-122.94925966,2
1371600105,06/19/2013 00:01:45,2,docr,1484.69,2,2.862,2,34.558,2,0.982,2,84.82,2,1486.012,2,27.5543,2,35.1316566,2,-122.94926913,2
1371600120,06/19/2013 00:02:00,2,docr,1475.32,2,2.873,2,34.557,2,0.976,2,84.82,2,1485.899,2,27.5525,2,35.13163166,2,-122.94929106,2
1371600135,06/19/2013 00:02:15,2,docr,1465.86,2,2.885,2,34.557,2,0.969,2,84.82,2,1485.791,2,27.5514,2,35.1316378,2,-122.9493266,2
1371600150,06/19/2013 00:02:30,2,docr,1456.4,2,2.902,2,34.556,2,0.961,2,84.81,2,1485.702,2,27.549,2,35.13164853,2,-122.949347,2
1371600165,06/19/2013 00:02:45,2,docr,1446.93,2,2.922,2,34.555,2,0.952,2,84.81,2,1485.626,2,27.5464,2,35.13173,2,-122.9493094,2
1371600180,06/19/2013 00:03:00,2,docr,1437.47,2,2.946,2,34.553,2,0.939,2,84.81,2,1485.566,2,27.5426,2,35.13178066,2,-122.94930153,2
1371600195,06/19/2013 00:03:15,2,docr,1428.2,2,2.959,2,34.552,2,0.931,2,84.8,2,1485.464,2,27.5405,2,35.131827,2,-122.949313,2
1371600210,06/19/2013 00:03:30,2,docr,1419.03,2,2.977,2,34.551,2,0.923,2,84.82,2,1485.385,2,27.5381,2,35.13177453,2,-122.9492982,2
1371600225,06/19/2013 00:03:45,2,docr,1409.86,2,2.99,2,34.55,2,0.915,2,84.81,2,1485.284,2,27.5361,2,35.13176413,2,-122.94930413,2
1371600240,06/19/2013 00:04:00,2,docr,1400.69,2,3.008,2,34.549,2,0.906,2,84.81,2,1485.205,2,27.5336,2,35.131762,2,-122.94931,2
1371600255,06/19/2013 00:04:15,2,docr,1391.52,2,3.033,2,34.547,2,0.895,2,84.8,2,1485.154,2,27.5297,2,35.13175306,2,-122.94930706,2
1371600270,06/19/2013 00:04:30,2,docr,1382.45,2,3.051,2,34.545,2,0.881,2,84.81,2,1485.075,2,27.5264,2,35.131743,2,-122.9493136,2
1371600285,06/19/2013 00:04:45,2,docr,1373.38,2,3.06,2,34.544,2,0.875,2,84.8,2,1484.959,2,27.5247,2,35.131728,2,-122.949322,2
1371600300,06/19/2013 00:05:00,2,docr,1364.41,2,3.081,2,34.543,2,0.864,2,84.8,2,1484.896,2,27.522,2,35.13172713,2,-122.9493292,2
1371600315,06/19/2013 00:05:15,2,docr,1355.33,2,3.102,2,34.541,2,0.852,2,84.8,2,1484.829,2,27.5184,2,35.13172273,2,-122.94933333,2
1371600330,06/19/2013 00:05:30,2,docr,1346.16,2,3.116,2,34.539,2,0.843,2,84.81,2,1484.732,2,27.5155,2,35.131719,2,-122.94936,2
1371600345,06/19/2013 00:05:45,2,docr,1337.09,2,3.14,2,34.538,2,0.832,2,84.81,2,1484.679,2,27.5124,2,35.1316782,2,-122.94934,2
1371600360,06/19/2013 00:06:00,2,docr,1328.01,2,3.153,2,34.536,2,0.823,2,84.8,2,1484.579,2,27.5096,2,35.13167146,2,-122.94934593,2
1371600375,06/19/2013 00:06:15,2,docr,1318.94,2,3.165,2,34.535,2,0.816,2,84.81,2,1484.476,2,27.5076,2,35.131703,2,-122.949343,2
1371600390,06/19/2013 00:06:30,2,docr,1309.76,2,3.183,2,34.534,2,0.809,2,84.81,2,1484.396,2,27.5051,2,35.1316906,2,-122.9494096,2
1371600405,06/19/2013 00:06:45,2,docr,1300.69,2,3.2,2,34.532,2,0.799,2,84.81,2,1484.313,2,27.5019,2,35.131669,2,-122.9494086,2
1371600420,06/19/2013 00:07:00,2,docr,1291.71,2,3.215,2,34.531,2,0.791,2,84.81,2,1484.224,2,27.4996,2,35.13163033,2,-122.94930953,2
1371600435,06/19/2013 00:07:15,2,docr,1282.73,2,3.236,2,34.53,2,0.781,2,84.8,2,1484.161,2,27.4968,2,35.13158366,2,-122.94931693,2
1371600450,06/19/2013 00:07:30,2,docr,1273.56,2,3.254,2,34.528,2,0.771,2,84.81,2,1484.08,2,27.4935,2,35.13155486,2,-122.94932946,2
1371600465,06/19/2013 00:07:45,2,docr,1264.58,2,3.274,2,34.526,2,0.76,2,84.81,2,1484.011,2,27.49,2,35.13159993,2,-122.94934766,2
1371600480,06/19/2013 00:08:00,2,docr,1255.6,2,3.289,2,34.523,2,0.751,2,84.81,2,1483.92,2,27.4861,2,35.1315364,2,-122.9493996,2
1371600495,06/19/2013 00:08:15,2,docr,1246.42,2,3.297,2,34.522,2,0.742,2,84.81,2,1483.798,2,27.4845,2,35.13149826,2,-122.949431,2
1371600510,06/19/2013 00:08:30,2,docr,1237.35,2,3.314,2,34.52,2,0.735,2,84.81,2,1483.714,2,27.4812,2,35.131577,2,-122.949379,2
1371600525,06/19/2013 00:08:45,2,docr,1228.37,2,3.332,2,34.518,2,0.725,2,84.81,2,1483.637,2,27.4779,2,35.13157153,2,-122.94936953,2
1371600540,06/19/2013 00:09:00,2,docr,1219.29,2,3.35,2,34.515,2,0.712,2,84.83,2,1483.556,2,27.4737,2,35.131572,2,-122.949367,2
1371600555,06/19/2013 00:09:15,2,docr,1210.21,2,3.363,2,34.514,2,0.703,2,84.82,2,1483.457,2,27.4716,2,35.131542,2,-122.949374,2
1371600570,06/19/2013 00:09:30,2,docr,1201.13,2,3.386,2,34.513,2,0.692,2,84.81,2,1483.401,2,27.4686,2,35.13152706,2,-122.94935626,2
1371600585,06/19/2013 00:09:45,2,docr,1191.95,2,3.402,2,34.51,2,0.68,2,84.81,2,1483.31,2,27.4646,2,35.13151,2,-122.949336,2
1371600600,06/19/2013 00:10:00,2,docr,1182.77,2,3.41,2,34.509,2,0.673,2,84.81,2,1483.188,2,27.463,2,35.13151,2,-122.949336,2
1371600615,06/19/2013 00:10:15,2,docr,1173.39,2,3.42,2,34.508,2,0.668,2,84.8,2,1483.071,2,27.4612,2,35.13151,2,-122.949336,2
1371600630,06/19/2013 00:10:30,2,docr,1164.21,2,3.446,2,34.51,2,0.66,2,84.81,2,1483.029,2,27.4603,2,35.13151,2,-122.949336,2
1371600645,06/19/2013 00:10:45,2,docr,1154.93,2,3.485,2,34.508,2,0.645,2,84.79,2,1483.036,2,27.4549,2,35.1314554,2,-122.9493204,2
1371600660,06/19/2013 00:11:00,2,docr,1145.65,2,3.5,2,34.506,2,0.634,2,84.78,2,1482.941,2,27.4518,2,35.13145113,2,-122.9493294,2
1371600675,06/19/2013 00:11:15,2,docr,1136.47,2,3.523,2,34.505,2,0.624,2,84.78,2,1482.882,2,27.4487,2,35.13146,2,-122.949353,2
1371600690,06/19/2013 00:11:30,2,docr,1127.29,2,3.543,2,34.501,2,0.614,2,84.78,2,1482.807,2,27.4435,2,35.13146126,2,-122.94935366,2
1371600705,06/19/2013 00:11:45,2,docr,1118.31,2,3.575,2,34.499,2,0.599,2,84.79,2,1482.788,2,27.4388,2,35.13145453,2,-122.94934026,2
1371600720,06/19/2013 00:12:00,2,docr,1109.12,2,3.616,2,34.499,2,0.588,2,84.78,2,1482.807,2,27.4347,2,35.131459,2,-122.949305,2
1371600735,06/19/2013 00:12:15,2,docr,1098.56,2,3.637,2,34.496,2,0.58,2,84.77,2,1482.714,2,27.4302,2,35.13145973,2,-122.94931673,2
1371600750,06/19/2013 00:12:30,2,docr,1087.8,2,3.655,2,34.493,2,0.567,2,84.77,2,1482.605,2,27.426,2,35.1314532,2,-122.9493244,2
1371600765,06/19/2013 00:12:45,2,docr,1077.13,2,3.68,2,34.492,2,0.556,2,84.77,2,1482.53,2,27.4226,2,35.131426,2,-122.949338,2
1371600780,06/19/2013 00:13:00,2,docr,1066.56,2,3.701,2,34.49,2,0.547,2,84.77,2,1482.438,2,27.4189,2,35.13141266,2,-122.949338,2
1371600795,06/19/2013 00:13:15,2,docr,1056.1,2,3.718,2,34.487,2,0.537,2,84.77,2,1482.33,2,27.4148,2,35.13140913,2,-122.94933746,2
1371600810,06/19/2013 00:13:30,2,docr,1045.82,2,3.736,2,34.484,2,0.526,2,84.77,2,1482.23,2,27.4105,2,35.131428,2,-122.949348,2
1371600825,06/19/2013 00:13:45,2,docr,1036.24,2,3.765,2,34.482,2,0.513,2,84.77,2,1482.188,2,27.406,2,35.13142033,2,-122.9493232,2
1371600840,06/19/2013 00:14:00,2,docr,1030.12,2,3.8,2,34.477,2,0.494,2,84.78,2,1482.226,2,27.3985,2,35.131414,2,-122.94930613,2
1371600855,06/19/2013 00:14:15,2,docr,1024.78,2,3.816,2,34.476,2,0.488,2,84.78,2,1482.202,2,27.396,2,35.131414,2,-122.949308,2
1371600870,06/19/2013 00:14:30,2,docr,1017.57,2,3.839,2,34.476,2,0.484,2,84.78,2,1482.178,2,27.3937,2,35.13139606,2,-122.949297,2
1371600885,06/19/2013 00:14:45,2,docr,1009.37,2,3.863,2,34.474,2,0.481,2,84.78,2,1482.138,2,27.3896,2,35.13138,2,-122.949287,2
1371600900,06/19/2013 00:15:00,2,docr,1000.78,2,3.883,2,34.471,2,0.473,2,84.78,2,1482.074,2,27.3852,2,35.131369,2,-122.949297,2
1371600915,06/19/2013 00:15:15,2,docr,991,2,3.921,2,34.468,2,0.46,2,84.77,2,1482.065,2,27.3789,2,35.13136106,2,-122.94930446,2
1371600930,06/19/2013 00:15:30,2,docr,981.22,2,3.95,2,34.464,2,0.449,2,84.78,2,1482.017,2,27.3727,2,35.131352,2,-122.949313,2
1371600945,06/19/2013 00:15:45,2,docr,971.54,2,3.985,2,34.463,2,0.441,2,84.78,2,1482,2,27.3682,2,35.13133893,2,-122.9493102,2
1371600960,06/19/2013 00:16:00,2,docr,961.85,2,4.008,2,34.461,2,0.437,2,84.78,2,1481.931,2,27.3642,2,35.131328,2,-122.9493184,2
1371600975,06/19/2013 00:16:15,2,docr,952.27,2,4.041,2,34.458,2,0.428,2,84.77,2,1481.904,2,27.3584,2,35.131313,2,-122.949331,2
1371600990,06/19/2013 00:16:30,2,docr,942.78,2,4.089,2,34.454,2,0.411,2,84.76,2,1481.941,2,27.3502,2,35.13132686,2,-122.94930933,2
1371601005,06/19/2013 00:16:45,2,docr,933.39,2,4.122,2,34.451,2,0.397,2,84.78,2,1481.917,2,27.3443,2,35.13131946,2,-122.949312,2
1371601020,06/19/2013 00:17:00,2,docr,924.11,2,4.144,2,34.448,2,0.387,2,84.76,2,1481.849,2,27.3396,2,35.131302,2,-122.949316,2
1371601035,06/19/2013 00:17:15,2,docr,914.91,2,4.163,2,34.447,2,0.381,2,84.77,2,1481.773,2,27.3367,2,35.13128813,2,-122.949296,2
1371601050,06/19/2013 00:17:30,2,docr,905.62,2,4.194,2,34.443,2,0.369,2,84.76,2,1481.741,2,27.3302,2,35.13128193,2,-122.94928673,2
1371601065,06/19/2013 00:17:45,2,docr,896.43,2,4.21,2,34.441,2,0.361,2,84.76,2,1481.651,2,27.3269,2,35.131265,2,-122.949288,2
1371601080,06/19/2013 00:18:00,2,docr,887.14,2,4.235,2,34.44,2,0.355,2,84.77,2,1481.598,2,27.3234,2,35.131254,2,-122.9492804,2
1371601095,06/19/2013 00:18:15,2,docr,877.95,2,4.29,2,34.441,2,0.35,2,84.76,2,1481.674,2,27.3183,2,35.13125433,2,-122.94929106,2
1371601110,06/19/2013 00:18:30,2,docr,868.85,2,4.331,2,34.436,2,0.34,2,84.75,2,1481.685,2,27.31,2,35.131221,2,-122.949386,2
1371601125,06/19/2013 00:18:45,2,docr,859.76,2,4.359,2,34.431,2,0.326,2,84.75,2,1481.643,2,27.3029,2,35.13127366,2,-122.949406,2
1371601140,06/19/2013 00:19:00,2,docr,850.66,2,4.401,2,34.431,2,0.32,2,84.75,2,1481.665,2,27.2984,2,35.1312992,2,-122.94938933,2
1371601155,06/19/2013 00:19:15,2,docr,841.67,2,4.436,2,34.431,2,0.314,2,84.74,2,1481.659,2,27.2946,2,35.131268,2,-122.949229,2
1371601170,06/19/2013 00:19:30,2,docr,832.57,2,4.5,2,34.43,2,0.308,2,84.74,2,1481.77,2,27.2868,2,35.1312668,2,-122.94924073,2
1371601185,06/19/2013 00:19:45,2,docr,823.58,2,4.533,2,34.427,2,0.301,2,84.73,2,1481.752,2,27.2808,2,35.13126326,2,-122.94924726,2
1371601200,06/19/2013 00:20:00,2,docr,814.48,2,4.541,2,34.422,2,0.297,2,84.73,2,1481.626,2,27.2758,2,35.1312306,2,-122.949267,2
1371601215,06/19/2013 00:20:15,2,docr,805.38,2,4.542,2,34.417,2,0.29,2,84.71,2,1481.472,2,27.2717,2,35.13123293,2,-122.94926626,2
1371601230,06/19/2013 00:20:30,2,docr,796.28,2,4.587,2,34.415,2,0.282,2,84.72,2,1481.503,2,27.2651,2,35.131234,2,-122.949267,2
1371601245,06/19/2013 00:20:45,2,docr,787.19,2,4.61,2,34.41,2,0.275,2,84.73,2,1481.439,2,27.2585,2,35.1312414,2,-122.94924306,2
1371601260,06/19/2013 00:21:00,2,docr,778.09,2,4.621,2,34.405,2,0.27,2,84.72,2,1481.326,2,27.2533,2,35.13123613,2,-122.94925333,2
1371601275,06/19/2013 00:21:15,2,docr,768.99,2,4.644,2,34.405,2,0.262,2,84.73,2,1481.268,2,27.2507,2,35.131222,2,-122.94928,2
1371601290,06/19/2013 00:21:30,2,docr,759.69,2,4.697,2,34.404,2,0.261,2,84.73,2,1481.33,2,27.244,2,35.13122373,2,-122.94928866,2
1371601305,06/19/2013 00:21:45,2,docr,750.49,2,4.732,2,34.402,2,0.258,2,84.72,2,1481.317,2,27.2384,2,35.13122106,2,-122.94929433,2
1371601320,06/19/2013 00:22:00,2,docr,741.3,2,4.762,2,34.398,2,0.253,2,84.72,2,1481.281,2,27.2319,2,35.131223,2,-122.949293,2
1371601335,06/19/2013 00:22:15,2,docr,732,2,4.786,2,34.396,2,0.249,2,84.72,2,1481.222,2,27.2275,2,35.1312244,2,-122.9492758,2
1371601350,06/19/2013 00:22:30,2,docr,722.8,2,4.828,2,34.392,2,0.245,2,84.71,2,1481.235,2,27.2195,2,35.131217,2,-122.94927466,2
1371601365,06/19/2013 00:22:45,2,docr,713.6,2,4.868,2,34.387,2,0.24,2,84.72,2,1481.239,2,27.211,2,35.131215,2,-122.94927,2
1371601380,06/19/2013 00:23:00,2,docr,704.4,2,4.904,2,34.383,2,0.237,2,84.71,2,1481.228,2,27.2037,2,35.1312074,2,-122.94927386,2
1371601395,06/19/2013 00:23:15,2,docr,695.2,2,4.92,2,34.375,2,0.235,2,84.7,2,1481.129,2,27.1955,2,35.13120493,2,-122.94928066,2
1371601410,06/19/2013 00:23:30,2,docr,686,2,4.94,2,34.366,2,0.231,2,84.7,2,1481.046,2,27.186,2,35.13121,2,-122.949287,2
1371601425,06/19/2013 00:23:45,2,docr,676.7,2,4.997,2,34.366,2,0.229,2,84.69,2,1481.123,2,27.1794,2,35.13121346,2,-122.94930373,2
1371601440,06/19/2013 00:24:00,2,docr,667.39,2,5.064,2,34.369,2,0.228,2,84.67,2,1481.245,2,27.174,2,35.1312136,2,-122.9493098,2
1371601455,06/19/2013 00:24:15,2,docr,658.09,2,5.161,2,34.368,2,0.232,2,84.62,2,1481.483,2,27.162,2,35.13122093,2,-122.9492982,2
1371601470,06/19/2013 00:24:30,2,docr,648.69,2,5.205,2,34.362,2,0.23,2,84.61,2,1481.497,2,27.152,2,35.1312174,2,-122.94931666,2
1371601485,06/19/2013 00:24:45,2,docr,639.29,2,5.236,2,34.36,2,0.229,2,84.62,2,1481.464,2,27.1467,2,35.1312198,2,-122.9493324,2
1371601500,06/19/2013 00:25:00,2,docr,629.69,2,5.295,2,34.355,2,0.228,2,84.62,2,1481.536,2,27.1358,2,35.131225,2,-122.949361,2
1371601515,06/19/2013 00:25:15,2,docr,620.29,2,5.334,2,34.353,2,0.231,2,84.6,2,1481.535,2,27.1295,2,35.1312276,2,-122.9493632,2
1371601530,06/19/2013 00:25:30,2,docr,610.79,2,5.38,2,34.345,2,0.234,2,84.58,2,1481.552,2,27.1176,2,35.13123006,2,-122.94937153,2
1371601545,06/19/2013 00:25:45,2,docr,601.29,2,5.428,2,34.339,2,0.235,2,84.6,2,1481.58,2,27.1071,2,35.131203,2,-122.949393,2
1371601560,06/19/2013 00:26:00,2,docr,591.69,2,5.464,2,34.333,2,0.238,2,84.62,2,1481.558,2,27.098,2,35.13120966,2,-122.94940046,2
1371601575,06/19/2013 00:26:15,2,docr,582.18,2,5.524,2,34.328,2,0.242,2,84.65,2,1481.635,2,27.0867,2,35.131219,2,-122.949409,2
1371601590,06/19/2013 00:26:30,2,docr,572.68,2,5.588,2,34.324,2,0.249,2,84.64,2,1481.729,2,27.0757,2,35.131224,2,-122.949422,2
1371601605,06/19/2013 00:26:45,2,docr,563.18,2,5.651,2,34.322,2,0.255,2,84.63,2,1481.821,2,27.0664,2,35.13121473,2,-122.94942073,2
1371601620,06/19/2013 00:27:00,2,docr,553.77,2,5.704,2,34.319,2,0.261,2,84.61,2,1481.873,2,27.0575,2,35.131197,2,-122.949421,2
1371601635,06/19/2013 00:27:15,2,docr,544.37,2,5.741,2,34.316,2,0.267,2,84.6,2,1481.861,2,27.0505,2,35.1312078,2,-122.9494294,2
1371601650,06/19/2013 00:27:30,2,docr,534.86,2,5.773,2,34.309,2,0.275,2,84.6,2,1481.822,2,27.0409,2,35.131208,2,-122.9494348,2
1371601665,06/19/2013 00:27:45,2,docr,525.45,2,5.794,2,34.302,2,0.282,2,84.61,2,1481.74,2,27.0327,2,35.131208,2,-122.949445,2
1371601680,06/19/2013 00:28:00,2,docr,516.05,2,5.812,2,34.293,2,0.296,2,84.63,2,1481.644,2,27.0233,2,35.13118133,2,-122.94942006,2
1371601695,06/19/2013 00:28:15,2,docr,506.64,2,5.815,2,34.281,2,0.305,2,84.63,2,1481.485,2,27.0133,2,35.13119533,2,-122.9494172,2
1371601710,06/19/2013 00:28:30,2,docr,497.23,2,5.778,2,34.255,2,0.34,2,84.65,2,1481.147,2,26.9972,2,35.131202,2,-122.94945,2
1371601725,06/19/2013 00:28:45,2,docr,487.73,2,5.777,2,34.244,2,0.369,2,84.66,2,1480.971,2,26.9885,2,35.1311988,2,-122.94944813,2
1371601740,06/19/2013 00:29:00,2,docr,478.32,2,5.809,2,34.241,2,0.388,2,84.66,2,1480.939,2,26.9821,2,35.1311954,2,-122.94945033,2
1371601755,06/19/2013 00:29:15,2,docr,468.81,2,5.948,2,34.254,2,0.395,2,84.63,2,1481.352,2,26.975,2,35.131191,2,-122.949454,2
1371601770,06/19/2013 00:29:30,2,docr,459.5,2,6.039,2,34.25,2,0.392,2,84.63,2,1481.554,2,26.9603,2,35.1311888,2,-122.9494628,2
1371601785,06/19/2013 00:29:45,2,docr,450.19,2,6.157,2,34.262,2,0.399,2,84.62,2,1481.883,2,26.9548,2,35.131189,2,-122.9494692,2
1371601800,06/19/2013 00:30:00,2,docr,440.78,2,6.284,2,34.264,2,0.392,2,84.63,2,1482.231,2,26.94,2,35.13118926,2,-122.9494652,2
1371601815,06/19/2013 00:30:15,2,docr,431.37,2,6.361,2,34.266,2,0.39,2,84.63,2,1482.381,2,26.9315,2,35.1311878,2,-122.94946266,2
1371601830,06/19/2013 00:30:30,2,docr,421.96,2,6.406,2,34.255,2,0.403,2,84.6,2,1482.388,2,26.9169,2,35.13118546,2,-122.94946573,2
1371601845,06/19/2013 00:30:45,2,docr,412.55,2,6.466,2,34.246,2,0.442,2,84.59,2,1482.456,2,26.9018,2,35.13118633,2,-122.94946746,2
1371601860,06/19/2013 00:31:00,2,docr,403.03,2,6.538,2,34.244,2,0.464,2,84.61,2,1482.579,2,26.8907,2,35.1311852,2,-122.9494738,2
1371601875,06/19/2013 00:31:15,2,docr,393.62,2,6.536,2,34.235,2,0.477,2,84.64,2,1482.403,2,26.8837,2,35.1311832,2,-122.94947893,2
1371601890,06/19/2013 00:31:30,2,docr,384.01,2,6.599,2,34.234,2,0.496,2,84.65,2,1482.489,2,26.8745,2,35.1311744,2,-122.9494836,2
1371601905,06/19/2013 00:31:45,2,docr,374.4,2,6.654,2,34.233,2,0.507,2,84.67,2,1482.544,2,26.8663,2,35.13117233,2,-122.94949086,2
1371601920,06/19/2013 00:32:00,2,docr,364.79,2,6.73,2,34.235,2,0.522,2,84.64,2,1482.684,2,26.8576,2,35.13117,2,-122.949496,2
1371601935,06/19/2013 00:32:15,2,docr,355.27,2,6.848,2,34.242,2,0.532,2,84.56,2,1482.995,2,26.8472,2,35.13116586,2,-122.9495024,2
1371601950,06/19/2013 00:32:30,2,docr,345.66,2,6.951,2,34.237,2,0.554,2,84.52,2,1483.23,2,26.8291,2,35.1311606,2,-122.94949686,2
1371601965,06/19/2013 00:32:45,2,docr,336.05,2,7.033,2,34.231,2,0.587,2,84.49,2,1483.381,2,26.813,2,35.131153,2,-122.949493,2
1371601980,06/19/2013 00:33:00,2,docr,326.44,2,7.089,2,34.22,2,0.626,2,84.41,2,1483.424,2,26.7965,2,35.13114646,2,-122.94949486,2
1371601995,06/19/2013 00:33:15,2,docr,316.82,2,7.123,2,34.218,2,0.651,2,84.44,2,1483.394,2,26.7901,2,35.1311488,2,-122.949497,2
1371602010,06/19/2013 00:33:30,2,docr,307.21,2,7.223,2,34.214,2,0.687,2,84.46,2,1483.615,2,26.773,2,35.131153,2,-122.9495,2
1371602025,06/19/2013 00:33:45,2,docr,297.69,2,7.31,2,34.207,2,0.707,2,84.37,2,1483.784,2,26.7552,2,35.13115126,2,-122.94949046,2
1371602040,06/19/2013 00:34:00,2,docr,288.17,2,7.354,2,34.195,2,0.759,2,84.23,2,1483.78,2,26.7394,2,35.13114713,2,-122.9494916,2
1371602055,06/19/2013 00:34:15,2,docr,278.96,2,7.426,2,34.182,2,0.821,2,84.4,2,1483.888,2,26.7189,2,35.131139,2,-122.949496,2
1371602070,06/19/2013 00:34:30,2,docr,269.83,2,7.466,2,34.175,2,0.873,2,84.41,2,1483.881,2,26.7076,2,35.131131,2,-122.94950053,2
1371602085,06/19/2013 00:34:45,2,docr,260.81,2,7.548,2,34.17,2,0.91,2,84.42,2,1484.039,2,26.6919,2,35.13112206,2,-122.94950706,2
1371602100,06/19/2013 00:35:00,2,docr,251.79,2,7.584,2,34.155,2,0.951,2,84.39,2,1484.008,2,26.6748,2,35.131118,2,-122.949507,2
1371602115,06/19/2013 00:35:15,2,docr,242.87,2,7.625,2,34.143,2,1.064,2,84.44,2,1484.002,2,26.6593,2,35.1311172,2,-122.94950646,2
1371602130,06/19/2013 00:35:30,2,docr,233.94,2,7.702,2,34.134,2,1.115,2,84.41,2,1484.137,2,26.641,2,35.1311154,2,-122.9495054,2
1371602145,06/19/2013 00:35:45,2,docr,225.02,2,7.767,2,34.121,2,1.189,2,84.42,2,1484.22,2,26.6213,2,35.13111153,2,-122.94950193,2
1371602160,06/19/2013 00:36:00,2,docr,216.19,2,7.8,2,34.106,2,1.271,2,84.4,2,1484.181,2,26.6046,2,35.13110973,2,-122.9495106,2
1371602175,06/19/2013 00:36:15,2,docr,207.27,2,7.821,2,34.098,2,1.337,2,84.4,2,1484.103,2,26.5951,2,35.1311102,2,-122.9495154,2
1371602190,06/19/2013 00:36:30,2,docr,199.73,2,7.91,2,34.084,2,1.438,2,84.38,2,1484.298,2,26.5709,2,35.131112,2,-122.949515,2
1371602205,06/19/2013 00:36:45,2,docr,198.64,2,7.891,2,34.088,2,1.435,2,84.33,2,1484.213,2,26.5768,2,35.13110873,2,-122.94951753,2
1371602220,06/19/2013 00:37:00,2,docr,198.84,2,7.927,2,34.082,2,1.464,2,84.35,2,1484.345,2,26.5669,2,35.13110926,2,-122.9495194,2
1371602235,06/19/2013 00:37:15,2,docr,198.94,2,7.971,2,34.075,2,1.507,2,84.35,2,1484.505,2,26.5549,2,35.1311234,2,-122.949541,2
1371602250,06/19/2013 00:37:30,2,docr,199.24,2,7.972,2,34.074,2,1.529,2,84.34,2,1484.512,2,26.554,2,35.131176,2,-122.94952913,2
1371602265,06/19/2013 00:37:45,2,docr,198.84,2,7.976,2,34.073,2,1.535,2,84.36,2,1484.52,2,26.5526,2,35.131224,2,-122.94951,2
1371602280,06/19/2013 00:38:00,2,docr,198.94,2,7.98,2,34.072,2,1.541,2,84.27,2,1484.535,2,26.5512,2,35.13127386,2,-122.94942273,2
1371602295,06/19/2013 00:38:15,2,docr,198.74,2,7.983,2,34.072,2,1.543,2,84.3,2,1484.543,2,26.5508,2,35.13130026,2,-122.949384,2
1371602310,06/19/2013 00:38:30,2,docr,198.64,2,7.985,2,34.072,2,1.547,2,84.3,2,1484.549,2,26.5505,2,35.131328,2,-122.949344,2
1371602325,06/19/2013 00:38:45,2,docr,198.74,2,7.985,2,34.071,2,1.546,2,84.33,2,1484.55,2,26.5497,2,35.13136606,2,-122.94935486,2
1371602340,06/19/2013 00:39:00,2,docr,198.74,2,7.983,2,34.072,2,1.546,2,84.34,2,1484.543,2,26.5508,2,35.1313682,2,-122.9493584,2
1371602355,06/19/2013 00:39:15,2,docr,198.64,2,7.981,2,34.073,2,1.547,2,84.35,2,1484.535,2,26.5518,2,35.131367,2,-122.949362,2
1371602370,06/19/2013 00:39:30,2,docr,198.64,2,7.986,2,34.072,2,1.551,2,84.35,2,1484.553,2,26.5503,2,35.13136786,2,-122.94936546,2
1371602385,06/19/2013 00:39:45,2,docr,198.64,2,7.982,2,34.072,2,1.551,2,84.35,2,1484.538,2,26.5509,2,35.13136593,2,-122.94936293,2
1371602400,06/19/2013 00:40:00,2,docr,198.64,2,7.984,2,34.071,2,1.561,2,84.36,2,1484.544,2,26.5498,2,35.131349,2,-122.949372,2
1371602415,06/19/2013 00:40:15,2,docr,198.54,2,7.983,2,34.071,2,1.562,2,84.34,2,1484.539,2,26.55,2,35.13135513,2,-122.94937386,2
1371602430,06/19/2013 00:40:30,2,docr,198.64,2,7.988,2,34.072,2,1.559,2,84.25,2,1484.561,2,26.55,2,35.1313522,2,-122.9493764,2
1371602445,06/19/2013 00:40:45,2,docr,198.64,2,7.983,2,34.069,2,1.57,2,84.34,2,1484.538,2,26.5484,2,35.13136,2,-122.949386,2
1371602460,06/19/2013 00:41:00,2,docr,198.64,2,7.976,2,34.068,2,1.58,2,84.36,2,1484.51,2,26.5487,2,35.13136293,2,-122.9493816,2
1371602475,06/19/2013 00:41:15,2,docr,198.64,2,7.97,2,34.065,2,1.615,2,84.35,2,1484.484,2,26.5472,2,35.1313688,2,-122.94937386,2
1371602490,06/19/2013 00:41:30,2,docr,198.64,2,7.968,2,34.065,2,1.623,2,84.33,2,1484.476,2,26.5475,2,35.13139,2,-122.94935,2
1371602505,06/19/2013 00:41:45,2,docr,198.64,2,7.969,2,34.064,2,1.622,2,84.33,2,1484.479,2,26.5465,2,35.13140113,2,-122.94934766,2
1371602520,06/19/2013 00:42:00,2,docr,198.64,2,7.97,2,34.064,2,1.624,2,84.28,2,1484.482,2,26.5464,2,35.13140866,2,-122.94934533,2
1371602535,06/19/2013 00:42:15,2,docr,198.64,2,7.972,2,34.063,2,1.635,2,84.36,2,1484.489,2,26.5453,2,35.13142,2,-122.949341,2
1371602550,06/19/2013 00:42:30,2,docr,198.54,2,7.975,2,34.062,2,1.645,2,84.37,2,1484.497,2,26.5441,2,35.1314264,2,-122.94933193,2
1371602565,06/19/2013 00:42:45,2,docr,198.54,2,7.977,2,34.062,2,1.647,2,84.33,2,1484.505,2,26.5438,2,35.13143086,2,-122.9493252,2
1371602580,06/19/2013 00:43:00,2,docr,198.54,2,7.977,2,34.061,2,1.651,2,84.36,2,1484.504,2,26.543,2,35.131443,2,-122.949314,2
1371602595,06/19/2013 00:43:15,2,docr,198.54,2,7.979,2,34.066,2,1.638,2,84.36,2,1484.517,2,26.5466,2,35.1314366,2,-122.94930653,2
1371602610,06/19/2013 00:43:30,2,docr,198.54,2,7.98,2,34.069,2,1.581,2,84.37,2,1484.525,2,26.5488,2,35.131431,2,-122.9493,2
1371602625,06/19/2013 00:43:45,2,docr,198.54,2,7.973,2,34.06,2,1.64,2,84.38,2,1484.487,2,26.5428,2,35.131422,2,-122.949308,2
1371602640,06/19/2013 00:44:00,2,docr,198.54,2,7.972,2,34.06,2,1.667,2,84.36,2,1484.483,2,26.5429,2,35.13142,2,-122.9493066,2
1371602655,06/19/2013 00:44:15,2,docr,198.54,2,7.975,2,34.062,2,1.648,2,84.38,2,1484.497,2,26.5441,2,35.131418,2,-122.949304,2
1371602670,06/19/2013 00:44:30,2,docr,198.54,2,7.974,2,34.061,2,1.652,2,84.37,2,1484.492,2,26.5434,2,35.13140493,2,-122.94930213,2
1371602685,06/19/2013 00:44:45,2,docr,198.54,2,7.968,2,34.056,2,1.68,2,84.37,2,1484.463,2,26.5404,2,35.13140586,2,-122.949304,2
1371602700,06/19/2013 00:45:00,2,docr,198.54,2,7.966,2,34.055,2,1.701,2,84.34,2,1484.454,2,26.5399,2,35.131408,2,-122.949315,2
1371602715,06/19/2013 00:45:15,2,docr,198.54,2,7.966,2,34.054,2,1.716,2,84.34,2,1484.453,2,26.5391,2,35.13139666,2,-122.9493158,2
1371602730,06/19/2013 00:45:30,2,docr,197.45,2,7.957,2,34.05,2,1.736,2,84.37,2,1484.396,2,26.5373,2,35.13139586,2,-122.94931686,2
1371602745,06/19/2013 00:45:45,2,docr,194.77,2,7.949,2,34.047,2,1.752,2,84.34,2,1484.318,2,26.5361,2,35.131386,2,-122.949331,2
1371602760,06/19/2013 00:46:00,2,docr,190.31,2,7.952,2,34.038,2,1.819,2,84.33,2,1484.244,2,26.5285,2,35.13138333,2,-122.9493126,2
1371602775,06/19/2013 00:46:15,2,docr,184.76,2,7.992,2,34.028,2,1.9,2,84.32,2,1484.291,2,26.5147,2,35.13137673,2,-122.94930973,2
1371602790,06/19/2013 00:46:30,2,docr,178.81,2,8.064,2,34.022,2,1.966,2,84.3,2,1484.457,2,26.4992,2,35.131359,2,-122.949314,2
1371602805,06/19/2013 00:46:45,2,docr,171.96,2,8.125,2,34.019,2,2.001,2,84.24,2,1484.57,2,26.4877,2,35.13135586,2,-122.949316,2
1371602820,06/19/2013 00:47:00,2,docr,164.52,2,8.169,2,34.009,2,2.026,2,84.24,2,1484.6,2,26.4732,2,35.1313494,2,-122.949316,2
1371602835,06/19/2013 00:47:15,2,docr,157.38,2,8.198,2,33.994,2,2.202,2,84.24,2,1484.573,2,26.4569,2,35.13134966,2,-122.94932626,2
1371602850,06/19/2013 00:47:30,2,docr,149.74,2,8.309,2,33.978,2,2.34,2,84.22,2,1484.844,2,26.4276,2,35.13135526,2,-122.9493258,2
1371602865,06/19/2013 00:47:45,2,docr,142.5,2,8.437,2,33.963,2,2.444,2,84.16,2,1485.185,2,26.3963,2,35.13135526,2,-122.94932906,2
1371602880,06/19/2013 00:48:00,2,docr,136.05,2,8.539,2,33.944,2,2.51,2,84.15,2,1485.436,2,26.3657,2,35.131357,2,-122.949323,2
1371602895,06/19/2013 00:48:15,2,docr,129.9,2,8.588,2,33.933,2,2.577,2,84.04,2,1485.503,2,26.3495,2,35.13136546,2,-122.94932553,2
1371602910,06/19/2013 00:48:30,2,docr,125.34,2,8.629,2,33.928,2,2.583,2,84.16,2,1485.574,2,26.3391,2,35.1313696,2,-122.94932813,2
1371602925,06/19/2013 00:48:45,2,docr,121.37,2,8.719,2,33.919,2,2.593,2,84.11,2,1485.832,2,26.3181,2,35.1313304,2,-122.9493104,2
1371602940,06/19/2013 00:49:00,2,docr,118,2,8.854,2,33.917,2,2.58,2,83.96,2,1486.275,2,26.2954,2,35.13131753,2,-122.9492926,2
1371602955,06/19/2013 00:49:15,2,docr,114.72,2,8.988,2,33.921,2,2.486,2,84.09,2,1486.721,2,26.2774,2,35.131307,2,-122.949277,2
1371602970,06/19/2013 00:49:30,2,docr,110.75,2,9.096,2,33.927,2,2.436,2,84.05,2,1487.061,2,26.2649,2,35.1312814,2,-122.94927453,2
1371602985,06/19/2013 00:49:45,2,docr,106.98,2,9.212,2,33.915,2,2.526,2,84.03,2,1487.41,2,26.2369,2,35.1312696,2,-122.949278,2
1371603000,06/19/2013 00:50:00,2,docr,102.12,2,9.42,2,33.905,2,2.478,2,84.1,2,1488.079,2,26.1954,2,35.131257,2,-122.949282,2
1371603015,06/19/2013 00:50:15,2,docr,96.47,2,9.487,2,33.876,2,2.62,2,84.06,2,1488.195,2,26.1617,2,35.13122733,2,-122.9492816,2
1371603030,06/19/2013 00:50:30,2,docr,90.12,2,9.593,2,33.859,2,3.148,2,84,2,1488.454,2,26.1309,2,35.1312254,2,-122.9492846,2
1371603045,06/19/2013 00:50:45,2,docr,85.06,2,9.715,2,33.812,2,3.401,2,83.97,2,1488.756,2,26.074,2,35.131226,2,-122.94929,2
1371603060,06/19/2013 00:51:00,2,docr,80.19,2,9.665,2,33.769,2,3.55,2,83.99,2,1488.442,2,26.0485,2,35.1311974,2,-122.949277,2
1371603075,06/19/2013 00:51:15,2,docr,75.33,2,9.502,2,33.688,2,3.612,2,83.98,2,1487.669,2,26.0119,2,35.13117646,2,-122.94926253,2
1371603090,06/19/2013 00:51:30,2,docr,67.69,2,9.919,2,33.741,2,3.741,2,83.85,2,1489.12,2,25.9842,2,35.131136,2,-122.949235,2
1371603105,06/19/2013 00:51:45,2,docr,59.45,2,10.843,2,33.754,2,4.561,2,83.23,2,1492.295,2,25.835,2,35.1311496,2,-122.9492398,2
1371603120,06/19/2013 00:52:00,2,docr,56.48,0,11.236,0,33.712,0,4.948,0,82.52,2,1493.573,0,25.7319,0,35.13116073,2,-122.94924766,2
1371603135,06/19/2013 00:52:15,2,docr,55.38,2,11.294,2,33.716,2,5.055,2,82.26,2,1493.762,2,25.7244,2,35.131186,2,-122.949264,2
1371603150,06/19/2013 00:52:30,2,docr,50.52,2,11.562,2,33.727,2,5.155,2,81.55,2,1494.626,2,25.6839,2,35.13117946,2,-122.949258,2
1371603165,06/19/2013 00:52:45,2,docr,45.86,2,12.446,2,33.7,2,5.444,2,80.81,2,1497.543,2,25.4961,2,35.1311728,2,-122.9492486,2
1371603180,06/19/2013 00:53:00,2,docr,43.28,2,13.166,2,33.641,2,5.76,2,80.91,2,1499.845,2,25.3089,2,35.13115533,2,-122.9491906,2
1371603195,06/19/2013 00:53:15,2,docr,39.6,2,13.395,2,33.628,2,5.862,2,81,2,1500.528,2,25.2527,2,35.1311394,2,-122.94916893,2
1371603210,06/19/2013 00:53:30,2,docr,39.6,2,13.421,2,33.626,2,5.898,2,80.98,2,1500.612,2,25.2459,2,35.13112173,2,-122.9491578,2
1371603225,06/19/2013 00:53:45,2,docr,39.8,2,13.406,2,33.627,2,5.889,2,80.98,2,1500.567,2,25.2497,2,35.1310654,2,-122.9491448,2
1371603240,06/19/2013 00:54:00,2,docr,39.7,2,13.396,2,33.628,2,5.884,2,80.95,2,1500.533,2,25.2525,2,35.1310232,2,-122.9491152,2
1371603255,06/19/2013 00:54:15,2,docr,39.6,2,13.395,2,33.628,2,5.89,2,80.97,2,1500.528,2,25.2527,2,35.13099506,2,-122.94909553,2
1371603270,06/19/2013 00:54:30,2,docr,39.11,2,13.391,2,33.628,2,5.892,2,80.96,2,1500.507,2,25.2535,2,35.1309516,2,-122.949057,2
1371603285,06/19/2013 00:54:45,2,docr,34.64,2,13.415,2,33.629,2,5.899,2,80.93,2,1500.513,2,25.2493,2,35.13093993,2,-122.94905866,2
1371603300,06/19/2013 00:55:00,2,docr,28.29,2,13.437,2,33.627,2,5.92,2,80.89,2,1500.477,2,25.2431,2,35.13093,2,-122.949061,2
1371603315,06/19/2013 00:55:15,2,docr,24.72,2,13.44,2,33.627,2,5.928,2,80.64,2,1500.428,2,25.2424,2,35.130902,2,-122.949054,2
1371603330,06/19/2013 00:55:30,2,docr,22.33,2,13.463,2,33.628,2,5.937,2,80.81,2,1500.465,2,25.2385,2,35.1308866,2,-122.9490428,2
1371603345,06/19/2013 00:55:45,2,docr,18.07,2,13.521,2,33.626,2,5.929,2,80.71,2,1500.583,2,25.225,2,35.130869,2,-122.94903,2
1371603360,06/19/2013 00:56:00,2,docr,13.6,2,13.627,2,33.626,2,5.923,2,80.49,2,1500.857,2,25.2033,2,35.13083353,2,-122.94900386,2
1371603375,06/19/2013 00:56:15,2,docr,12.61,2,13.66,2,33.623,2,5.909,2,80.51,2,1500.946,2,25.1942,2,35.1308302,2,-122.9490316,2
1371603390,06/19/2013 00:56:30,2,docr,13.1,2,13.648,2,33.623,2,5.914,2,80.47,2,1500.914,2,25.1967,2,35.130829,2,-122.949076,2
1371603405,06/19/2013 00:56:45,2,docr,12.31,2,13.655,2,33.624,2,5.914,2,80.52,2,1500.925,2,25.196,2,35.13084866,2,-122.9491012,2
1371603420,06/19/2013 00:57:00,2,docr,7.05,2,13.71,2,33.624,2,5.911,2,80.37,2,1501.018,2,25.1846,2,35.130852,2,-122.949102,2
1371603435,06/19/2013 00:57:15,2,docr,2.98,2,13.699,2,33.357,2,5.898,2,40.92,0,1500.6,2,24.9803,2,35.130852,2,-122.949102,2
1371603450,06/19/2013 00:57:30,2,docr,2.88,0,13.695,0,33.394,0,5.876,0,34.52,0,1500.629,0,25.0098,0,35.130852,2,-122.949102,2
1371603465,06/19/2013 00:57:45,2,docr,2.58,0,13.694,0,33.543,0,5.698,0,78.62,0,1500.796,0,25.1251,0,35.130852,2,-122.949102,2
1371603480,06/19/2013 00:58:00,2,docr,2.48,0,13.692,0,,0,,0,63.2,2,,0,,0,35.130852,2,-122.949102,2
1371603495,06/19/2013 00:58:15,2,docr,2.48,0,13.69,0,,0,,0,63.44,2,,0,,0,35.130852,2,-122.949102,2
