usec,rovCtdDtg,rovCtdDtgFlag,vehicle,depth,depthFlag,temper,temperFlag,salin,salinFlag,oxyg,oxygFlag,light,lightFlag,sound,soundFlag,sigmatheta,sigmathetaFlag,lat,latFlag,lon,lonFlag
1396828800,04/07/2014 00:00:00,2,docr,3865.08,2,1.498,2,34.675,2,2.739,2,89.57,2,1521.503,2,27.7716,2,35.124819,2,-122.947232,2
1396828815,04/07/2014 00:00:15,2,docr,3852.8,2,1.5,2,34.675,2,2.73,2,89.59,2,1521.294,2,27.7713,2,35.124839,2,-122.947299,2
1396828830,04/07/2014 00:00:30,2,docr,3843.83,2,1.502,2,34.675,2,2.732,2,89.57,2,1521.144,2,27.7711,2,35.1248582,2,-122.9473086,2
1396828845,04/07/2014 00:00:45,2,docr,3835.54,2,1.503,2,34.675,2,2.723,2,89.63,2,1521.001,2,27.771,2,35.12488066,2,-122.94729046,2
1396828860,04/07/2014 00:01:00,2,docr,3827.35,2,1.504,2,34.675,2,2.722,2,89.62,2,1520.861,2,27.7709,2,35.124922,2,-122.947222,2
1396828875,04/07/2014 00:01:15,2,docr,3819.16,2,1.505,2,34.675,2,2.717,2,89.64,2,1520.72,2,27.7708,2,35.1249688,2,-122.94724753,2
1396828890,04/07/2014 00:01:30,2,docr,3810.97,2,1.505,2,34.675,2,2.708,2,89.65,2,1520.575,2,27.7707,2,35.1249722,2,-122.9472772,2
1396828905,04/07/2014 00:01:45,2,docr,3802.78,2,1.506,2,34.675,2,2.71,2,89.65,2,1520.435,2,27.7706,2,35.12499833,2,-122.94732106,2
1396828920,04/07/2014 00:02:00,2,docr,3794.69,2,1.507,2,34.674,2,2.705,2,89.65,2,1520.294,2,27.7696,2,35.12501766,2,-122.94727166,2
1396828935,04/07/2014 00:02:15,2,docr,3786.4,2,1.508,2,34.674,2,2.703,2,89.65,2,1520.152,2,27.7695,2,35.12503233,2,-122.94723986,2
1396828950,04/07/2014 00:02:30,2,docr,3778.31,2,1.509,2,34.673,2,2.698,2,89.65,2,1520.012,2,27.7686,2,35.125032,2,-122.947338,2
1396828965,04/07/2014 00:02:45,2,docr,3770.12,2,1.509,2,34.673,2,2.696,2,89.66,2,1519.867,2,27.7685,2,35.1250954,2,-122.94725873,2
1396828980,04/07/2014 00:03:00,2,docr,3761.92,2,1.509,2,34.673,2,2.697,2,89.67,2,1519.722,2,27.7684,2,35.12515133,2,-122.94719106,2
1396828995,04/07/2014 00:03:15,2,docr,3753.73,2,1.51,2,34.673,2,2.693,2,89.67,2,1519.582,2,27.7683,2,35.1251552,2,-122.9473416,2
1396829010,04/07/2014 00:03:30,2,docr,3745.54,2,1.511,2,34.673,2,2.687,2,89.68,2,1519.441,2,27.7682,2,35.1251438,2,-122.947328,2
1396829025,04/07/2014 00:03:45,2,docr,3737.35,2,1.512,2,34.673,2,2.683,2,89.67,2,1519.301,2,27.7681,2,35.125134,2,-122.947314,2
1396829040,04/07/2014 00:04:00,2,docr,3729.15,2,1.513,2,34.673,2,2.677,2,89.67,0,1519.16,2,27.7679,2,35.12515846,2,-122.94733773,2
1396829055,04/07/2014 00:04:15,2,docr,3720.86,2,1.515,2,34.674,2,2.672,2,89.6,2,1519.024,2,27.7685,2,35.1251736,2,-122.94733253,2
1396829070,04/07/2014 00:04:30,2,docr,3712.47,2,1.517,2,34.673,2,2.655,2,89.56,2,1518.883,2,27.7675,2,35.125198,2,-122.947322,2
1396829085,04/07/2014 00:04:45,2,docr,3704.08,2,1.518,2,34.673,2,2.648,2,89.58,2,1518.739,2,27.7674,2,35.12523453,2,-122.94737346,2
1396829100,04/07/2014 00:05:00,2,docr,3695.69,2,1.519,2,34.673,2,2.641,2,89.53,2,1518.595,2,27.7673,2,35.1252244,2,-122.9473716,2
1396829115,04/07/2014 00:05:15,2,docr,3687.21,2,1.521,2,34.672,2,2.634,2,89.51,2,1518.453,2,27.7663,2,35.125198,2,-122.947359,2
1396829130,04/07/2014 00:05:30,2,docr,3678.72,2,1.522,2,34.671,2,2.632,2,89.59,2,1518.306,2,27.7653,2,35.12527946,2,-122.9472784,2
1396829145,04/07/2014 00:05:45,2,docr,3670.04,2,1.522,2,34.671,2,2.632,2,89.63,2,1518.153,2,27.7653,2,35.12522006,2,-122.94730706,2
1396829160,04/07/2014 00:06:00,2,docr,3661.35,2,1.524,2,34.671,2,2.629,2,89.64,2,1518.008,2,27.7651,2,35.125245,2,-122.94748,2
1396829175,04/07/2014 00:06:15,2,docr,3652.47,2,1.526,2,34.671,2,2.626,2,89.63,2,1517.86,2,27.7649,2,35.12523513,2,-122.94733813,2
1396829190,04/07/2014 00:06:30,2,docr,3643.69,2,1.529,2,34.671,2,2.618,2,89.59,2,1517.718,2,27.7646,2,35.12521246,2,-122.9473332,2
1396829205,04/07/2014 00:06:45,2,docr,3634.91,2,1.532,2,34.671,2,2.608,2,89.59,2,1517.576,2,27.7643,2,35.125332,2,-122.947485,2
1396829220,04/07/2014 00:07:00,2,docr,3625.83,2,1.533,2,34.671,2,2.599,2,89.61,2,1517.421,2,27.7642,2,35.12531953,2,-122.94746813,2
1396829235,04/07/2014 00:07:15,2,docr,3617.05,2,1.534,2,34.671,2,2.596,2,89.61,2,1517.27,2,27.7641,2,35.12532093,2,-122.9474646,2
1396829250,04/07/2014 00:07:30,2,docr,3608.17,2,1.535,2,34.671,2,2.595,2,89.58,2,1517.118,2,27.7639,2,35.125343,2,-122.94747,2
1396829265,04/07/2014 00:07:45,2,docr,3599.19,2,1.538,2,34.671,2,2.59,2,89.54,2,1516.973,2,27.7637,2,35.1253138,2,-122.94743773,2
1396829280,04/07/2014 00:08:00,2,docr,3590.31,2,1.54,2,34.67,2,2.581,2,89.49,2,1516.823,2,27.7627,2,35.1252932,2,-122.94740413,2
1396829295,04/07/2014 00:08:15,2,docr,3581.43,2,1.541,2,34.67,2,2.577,2,89.49,2,1516.671,2,27.7625,2,35.1253842,2,-122.94739113,2
1396829310,04/07/2014 00:08:30,2,docr,3572.45,2,1.543,2,34.669,2,2.572,2,89.51,2,1516.52,2,27.7615,2,35.1253822,2,-122.9473878,2
1396829325,04/07/2014 00:08:45,2,docr,3563.37,2,1.545,2,34.669,2,2.57,2,89.56,2,1516.369,2,27.7613,2,35.12537453,2,-122.94738313,2
1396829340,04/07/2014 00:09:00,2,docr,3554.39,2,1.546,2,34.669,2,2.568,2,89.59,2,1516.215,2,27.7612,2,35.125398,2,-122.947455,2
1396829355,04/07/2014 00:09:15,2,docr,3545.31,2,1.548,2,34.669,2,2.564,2,89.61,2,1516.064,2,27.761,2,35.12543626,2,-122.94746646,2
1396829370,04/07/2014 00:09:30,2,docr,3536.33,2,1.55,2,34.669,2,2.561,2,89.6,2,1515.914,2,27.7608,2,35.125478,2,-122.947484,2
1396829385,04/07/2014 00:09:45,2,docr,3527.25,2,1.551,2,34.669,2,2.556,2,89.62,2,1515.759,2,27.7606,2,35.125461,2,-122.947404,2
1396829400,04/07/2014 00:10:00,2,docr,3518.07,2,1.551,2,34.669,2,2.553,2,89.62,2,1515.597,2,27.7606,2,35.12544466,2,-122.9474362,2
1396829415,04/07/2014 00:10:15,2,docr,3509.09,2,1.553,2,34.669,2,2.552,2,89.62,2,1515.448,2,27.7604,2,35.125426,2,-122.947473,2
1396829430,04/07/2014 00:10:30,2,docr,3500.1,2,1.553,2,34.669,2,2.547,2,89.63,2,1515.29,2,27.7603,2,35.125426,2,-122.947473,2
1396829445,04/07/2014 00:10:45,2,docr,3491.12,2,1.556,2,34.668,2,2.542,2,89.64,2,1515.143,2,27.7592,2,35.1253592,2,-122.94785393,2
1396829460,04/07/2014 00:11:00,2,docr,3482.04,2,1.558,2,34.667,2,2.54,2,89.64,2,1514.991,2,27.7582,2,35.125435,2,-122.948226,2
1396829475,04/07/2014 00:11:15,2,docr,3472.96,2,1.559,2,34.667,2,2.538,2,89.63,2,1514.835,2,27.7581,2,35.12555373,2,-122.9476902,2
1396829490,04/07/2014 00:11:30,2,docr,3463.78,2,1.561,2,34.667,2,2.535,2,89.63,2,1514.683,2,27.7579,2,35.12549853,2,-122.9475088,2
1396829505,04/07/2014 00:11:45,2,docr,3454.7,2,1.562,2,34.667,2,2.533,2,89.63,2,1514.527,2,27.7577,2,35.12543,2,-122.947434,2
1396829520,04/07/2014 00:12:00,2,docr,3445.61,2,1.564,2,34.667,2,2.53,2,89.64,2,1514.376,2,27.7575,2,35.12549,2,-122.947366,2
1396829535,04/07/2014 00:12:15,2,docr,3436.53,2,1.566,2,34.667,2,2.527,2,89.64,2,1514.225,2,27.7573,2,35.12550546,2,-122.94738746,2
1396829550,04/07/2014 00:12:30,2,docr,3427.25,2,1.567,2,34.667,2,2.524,2,89.63,2,1514.066,2,27.7572,2,35.125506,2,-122.947493,2
1396829565,04/07/2014 00:12:45,2,docr,3418.26,2,1.568,2,34.668,2,2.519,2,89.63,2,1513.914,2,27.7579,2,35.1256922,2,-122.94751526,2
1396829580,04/07/2014 00:13:00,2,docr,3409.18,2,1.57,2,34.667,2,2.516,2,89.63,2,1513.762,2,27.7569,2,35.125711,2,-122.9474866,2
1396829595,04/07/2014 00:13:15,2,docr,3400.19,2,1.572,2,34.667,2,2.508,2,89.64,2,1513.613,2,27.7566,2,35.12554726,2,-122.94754206,2
1396829610,04/07/2014 00:13:30,2,docr,3391.11,2,1.574,2,34.667,2,2.509,2,89.64,2,1513.462,2,27.7564,2,35.125549,2,-122.94755433,2
1396829625,04/07/2014 00:13:45,2,docr,3382.12,2,1.577,2,34.666,2,2.503,2,89.64,2,1513.316,2,27.7554,2,35.1255518,2,-122.94755026,2
1396829640,04/07/2014 00:14:00,2,docr,3373.03,2,1.58,2,34.665,2,2.5,2,89.65,2,1513.168,2,27.7543,2,35.125579,2,-122.947497,2
1396829655,04/07/2014 00:14:15,2,docr,3364.05,2,1.581,2,34.665,2,2.496,2,89.64,2,1513.014,2,27.7542,2,35.12557753,2,-122.947502,2
1396829670,04/07/2014 00:14:30,2,docr,3355.16,2,1.581,2,34.665,2,2.493,2,89.65,2,1512.858,2,27.7541,2,35.12558286,2,-122.94749813,2
1396829685,04/07/2014 00:14:45,2,docr,3345.97,2,1.583,2,34.665,2,2.491,2,89.64,2,1512.706,2,27.7539,2,35.1255882,2,-122.9475064,2
1396829700,04/07/2014 00:15:00,2,docr,3336.88,2,1.583,2,34.665,2,2.49,2,89.64,2,1512.546,2,27.7538,2,35.125598,2,-122.94751653,2
1396829715,04/07/2014 00:15:15,2,docr,3327.8,2,1.584,2,34.665,2,2.486,2,89.65,2,1512.391,2,27.7537,2,35.125605,2,-122.947524,2
1396829730,04/07/2014 00:15:30,2,docr,3318.71,2,1.583,2,34.666,2,2.483,2,89.64,2,1512.228,2,27.7545,2,35.125503,2,-122.947523,2
1396829745,04/07/2014 00:15:45,2,docr,3309.81,2,1.585,2,34.666,2,2.48,2,89.65,2,1512.081,2,27.7543,2,35.12553906,2,-122.9475284,2
1396829760,04/07/2014 00:16:00,2,docr,3300.82,2,1.586,2,34.666,2,2.48,2,89.67,2,1511.928,2,27.7542,2,35.12559,2,-122.947542,2
1396829775,04/07/2014 00:16:15,2,docr,3291.73,2,1.587,2,34.665,2,2.476,2,89.66,0,1511.771,2,27.7532,2,35.12579346,2,-122.94756146,2
1396829790,04/07/2014 00:16:30,2,docr,3282.94,2,1.588,2,34.665,2,2.474,2,89.65,2,1511.621,2,27.7531,2,35.1257824,2,-122.9475544,2
1396829805,04/07/2014 00:16:45,2,docr,3274.04,2,1.59,2,34.664,2,2.47,2,89.66,2,1511.473,2,27.7521,2,35.125723,2,-122.947549,2
1396829820,04/07/2014 00:17:00,2,docr,3265.05,2,1.593,2,34.664,2,2.469,2,89.67,2,1511.328,2,27.7518,2,35.125671,2,-122.94748226,2
1396829835,04/07/2014 00:17:15,2,docr,3255.96,2,1.593,2,34.663,2,2.466,2,89.67,2,1511.168,2,27.7509,2,35.12563253,2,-122.94746746,2
1396829850,04/07/2014 00:17:30,2,docr,3246.87,2,1.594,2,34.663,2,2.463,2,89.66,2,1511.013,2,27.7508,2,35.125578,2,-122.947434,2
1396829865,04/07/2014 00:17:45,2,docr,3237.87,2,1.594,2,34.664,2,2.461,2,89.67,2,1510.856,2,27.7515,2,35.1255508,2,-122.9474548,2
1396829880,04/07/2014 00:18:00,2,docr,3228.88,2,1.595,2,34.664,2,2.459,2,89.67,2,1510.703,2,27.7514,2,35.1255904,2,-122.94738266,2
1396829895,04/07/2014 00:18:15,2,docr,3219.89,2,1.597,2,34.664,2,2.458,2,89.67,2,1510.554,2,27.7512,2,35.125718,2,-122.94717,2
1396829910,04/07/2014 00:18:30,2,docr,3210.99,2,1.598,2,34.664,2,2.457,2,89.67,2,1510.403,2,27.7511,2,35.12560506,2,-122.94736653,2
1396829925,04/07/2014 00:18:45,2,docr,3202.19,2,1.6,2,34.664,2,2.451,2,89.67,2,1510.258,2,27.7509,2,35.12556186,2,-122.9474286,2
1396829940,04/07/2014 00:19:00,2,docr,3193.29,2,1.6,2,34.664,2,2.45,2,89.67,2,1510.102,2,27.7508,2,35.125562,2,-122.947388,2
1396829955,04/07/2014 00:19:15,2,docr,3184.69,2,1.602,2,34.664,2,2.447,2,89.67,2,1509.96,2,27.7506,2,35.12556306,2,-122.94745146,2
1396829970,04/07/2014 00:19:30,2,docr,3176.08,2,1.603,2,34.663,2,2.441,2,89.67,2,1509.812,2,27.7497,2,35.12555746,2,-122.94748426,2
1396829985,04/07/2014 00:19:45,2,docr,3167.48,2,1.605,2,34.663,2,2.439,2,89.66,2,1509.67,2,27.7495,2,35.12554186,2,-122.94741926,2
1396830000,04/07/2014 00:20:00,2,docr,3158.68,2,1.606,2,34.662,2,2.437,2,89.66,2,1509.519,2,27.7485,2,35.1255188,2,-122.9474308,2
1396830015,04/07/2014 00:20:15,2,docr,3149.58,2,1.608,2,34.662,2,2.437,2,89.66,2,1509.369,2,27.7483,2,35.12550646,2,-122.9474328,2
1396830030,04/07/2014 00:20:30,2,docr,3140.88,2,1.61,2,34.662,2,2.428,2,89.66,2,1509.225,2,27.7481,2,35.125514,2,-122.947472,2
1396830045,04/07/2014 00:20:45,2,docr,3132.07,2,1.61,2,34.662,2,2.428,2,89.67,2,1509.071,2,27.7481,2,35.1254976,2,-122.9474592,2
1396830060,04/07/2014 00:21:00,2,docr,3123.27,2,1.611,2,34.662,2,2.425,2,89.66,2,1508.922,2,27.7479,2,35.12548,2,-122.947438,2
1396830075,04/07/2014 00:21:15,2,docr,3113.78,2,1.613,2,34.662,2,2.421,2,89.67,2,1508.765,2,27.7477,2,35.12552333,2,-122.9474078,2
1396830090,04/07/2014 00:21:30,2,docr,3105.08,2,1.615,2,34.663,2,2.416,2,89.67,0,1508.623,2,27.7483,2,35.1255278,2,-122.94741066,2
1396830105,04/07/2014 00:21:45,2,docr,3095.98,2,1.617,2,34.663,2,2.411,2,89.67,2,1508.472,2,27.7481,2,35.125539,2,-122.947392,2
1396830120,04/07/2014 00:22:00,2,docr,3086.98,2,1.618,2,34.662,2,2.41,2,89.67,2,1508.318,2,27.7472,2,35.12554553,2,-122.94739066,2
1396830135,04/07/2014 00:22:15,2,docr,3078.27,2,1.619,2,34.662,2,2.407,2,89.67,2,1508.17,2,27.7471,2,35.12555773,2,-122.94741033,2
1396830150,04/07/2014 00:22:30,2,docr,3069.17,2,1.621,2,34.662,2,2.406,2,89.68,2,1508.02,2,27.7468,2,35.125572,2,-122.947441,2
1396830165,04/07/2014 00:22:45,2,docr,3060.17,2,1.622,2,34.661,2,2.403,2,89.68,2,1507.866,2,27.7459,2,35.12556833,2,-122.9474416,2
1396830180,04/07/2014 00:23:00,2,docr,3051.17,2,1.624,2,34.66,2,2.398,2,89.67,2,1507.716,2,27.7449,2,35.125576,2,-122.94744666,2
1396830195,04/07/2014 00:23:15,2,docr,3041.88,2,1.625,2,34.66,2,2.395,2,89.67,0,1507.558,2,27.7448,2,35.125574,2,-122.947448,2
1396830210,04/07/2014 00:23:30,2,docr,3032.68,2,1.627,2,34.66,2,2.391,2,89.66,2,1507.406,2,27.7446,2,35.1253508,2,-122.9473592,2
1396830225,04/07/2014 00:23:45,2,docr,3023.87,2,1.628,2,34.661,2,2.39,2,89.67,2,1507.258,2,27.7452,2,35.12536713,2,-122.94735553,2
1396830240,04/07/2014 00:24:00,2,docr,3014.87,2,1.63,2,34.661,2,2.384,2,89.67,2,1507.11,2,27.745,2,35.125586,2,-122.947401,2
1396830255,04/07/2014 00:24:15,2,docr,3005.77,2,1.632,2,34.661,2,2.381,2,89.67,2,1506.96,2,27.7448,2,35.12555553,2,-122.94739193,2
1396830270,04/07/2014 00:24:30,2,docr,2996.67,2,1.634,2,34.661,2,2.375,2,89.67,2,1506.81,2,27.7446,2,35.12553773,2,-122.94741066,2
1396830285,04/07/2014 00:24:45,2,docr,2987.76,2,1.636,2,34.661,2,2.371,2,89.67,2,1506.663,2,27.7444,2,35.125502,2,-122.947622,2
1396830300,04/07/2014 00:25:00,2,docr,2978.46,2,1.637,2,34.661,2,2.372,2,89.67,2,1506.505,2,27.7443,2,35.12550986,2,-122.94732,2
1396830315,04/07/2014 00:25:15,2,docr,2969.36,2,1.639,2,34.66,2,2.367,2,89.67,0,1506.354,2,27.7433,2,35.1255258,2,-122.9471006,2
1396830330,04/07/2014 00:25:30,2,docr,2960.35,2,1.641,2,34.66,2,2.362,2,89.67,2,1506.206,2,27.7431,2,35.125843,2,-122.947267,2
1396830345,04/07/2014 00:25:45,2,docr,2951.45,2,1.642,2,34.659,2,2.36,2,89.67,2,1506.053,2,27.7421,2,35.12566826,2,-122.94734533,2
1396830360,04/07/2014 00:26:00,2,docr,2942.54,2,1.645,2,34.659,2,2.357,2,89.67,2,1505.911,2,27.7419,2,35.1255796,2,-122.9474124,2
1396830375,04/07/2014 00:26:15,2,docr,2933.53,2,1.647,2,34.658,2,2.355,2,89.67,2,1505.762,2,27.7409,2,35.12560666,2,-122.94746093,2
1396830390,04/07/2014 00:26:30,2,docr,2924.53,2,1.648,2,34.659,2,2.351,2,89.66,2,1505.61,2,27.7415,2,35.125594,2,-122.9474338,2
1396830405,04/07/2014 00:26:45,2,docr,2915.71,2,1.65,2,34.659,2,2.35,2,89.67,2,1505.466,2,27.7413,2,35.125548,2,-122.947438,2
1396830420,04/07/2014 00:27:00,2,docr,2906.61,2,1.654,2,34.659,2,2.347,2,89.66,2,1505.325,2,27.741,2,35.125577,2,-122.947349,2
1396830435,04/07/2014 00:27:15,2,docr,2897.6,2,1.655,2,34.659,2,2.338,2,89.65,2,1505.172,2,27.7408,2,35.12556953,2,-122.947363,2
1396830450,04/07/2014 00:27:30,2,docr,2888.5,2,1.657,2,34.659,2,2.33,2,89.66,2,1505.022,2,27.7406,2,35.125561,2,-122.947379,2
1396830465,04/07/2014 00:27:45,2,docr,2879.29,2,1.658,2,34.659,2,2.326,2,89.66,2,1504.866,2,27.7405,2,35.12564006,2,-122.947467,2
1396830480,04/07/2014 00:28:00,2,docr,2870.48,2,1.661,2,34.658,2,2.322,2,89.66,2,1504.725,2,27.7394,2,35.12565553,2,-122.94746353,2
1396830495,04/07/2014 00:28:15,2,docr,2861.47,2,1.662,2,34.658,2,2.319,2,89.66,2,1504.572,2,27.7393,2,35.125692,2,-122.947411,2
1396830510,04/07/2014 00:28:30,2,docr,2852.26,2,1.665,2,34.657,2,2.316,2,89.66,2,1504.424,2,27.7382,2,35.12561053,2,-122.94739453,2
1396830525,04/07/2014 00:28:45,2,docr,2843.15,2,1.671,2,34.657,2,2.309,2,89.67,2,1504.292,2,27.7377,2,35.12560166,2,-122.947393,2
1396830540,04/07/2014 00:29:00,2,docr,2834.05,2,1.674,2,34.656,2,2.301,2,89.66,2,1504.145,2,27.7366,2,35.125609,2,-122.947395,2
1396830555,04/07/2014 00:29:15,2,docr,2825.13,2,1.674,2,34.656,2,2.296,2,89.64,2,1503.99,2,27.7366,2,35.12560406,2,-122.94736993,2
1396830570,04/07/2014 00:29:30,2,docr,2816.22,2,1.678,2,34.656,2,2.296,2,89.66,2,1503.853,2,27.7362,2,35.1256238,2,-122.9472936,2
1396830585,04/07/2014 00:29:45,2,docr,2807.31,2,1.679,2,34.656,2,2.291,2,89.65,2,1503.702,2,27.7361,2,35.125669,2,-122.947125,2
1396830600,04/07/2014 00:30:00,2,docr,2798.2,2,1.68,2,34.656,2,2.286,2,89.66,2,1503.548,2,27.736,2,35.12564406,2,-122.94718293,2
1396830615,04/07/2014 00:30:15,2,docr,2789.09,2,1.682,2,34.657,2,2.282,2,89.65,2,1503.4,2,27.7366,2,35.1256326,2,-122.94725,2
1396830630,04/07/2014 00:30:30,2,docr,2780.27,2,1.685,2,34.656,2,2.275,2,89.64,2,1503.258,2,27.7355,2,35.125623,2,-122.947434,2
1396830645,04/07/2014 00:30:45,2,docr,2771.16,2,1.688,2,34.656,2,2.269,2,89.66,2,1503.113,2,27.7352,2,35.12559533,2,-122.9474082,2
1396830660,04/07/2014 00:31:00,2,docr,2762.34,2,1.69,2,34.655,2,2.266,2,89.66,2,1502.967,2,27.7342,2,35.12557426,2,-122.9473924,2
1396830675,04/07/2014 00:31:15,2,docr,2753.43,2,1.692,2,34.655,2,2.262,2,89.65,2,1502.821,2,27.734,2,35.12560546,2,-122.9473976,2
1396830690,04/07/2014 00:31:30,2,docr,2744.31,2,1.696,2,34.654,2,2.258,2,89.65,2,1502.679,2,27.7328,2,35.12560246,2,-122.94738166,2
1396830705,04/07/2014 00:31:45,2,docr,2735.3,2,1.7,2,34.654,2,2.248,2,89.65,2,1502.54,2,27.7325,2,35.12560173,2,-122.94735293,2
1396830720,04/07/2014 00:32:00,2,docr,2726.19,2,1.702,2,34.653,2,2.244,2,89.65,2,1502.389,2,27.7315,2,35.125836,2,-122.947352,2
1396830735,04/07/2014 00:32:15,2,docr,2717.27,2,1.704,2,34.653,2,2.239,2,89.65,2,1502.243,2,27.7313,2,35.12586693,2,-122.94738986,2
1396830750,04/07/2014 00:32:30,2,docr,2708.16,2,1.708,2,34.653,2,2.236,2,89.64,2,1502.103,2,27.7309,2,35.125894,2,-122.947423,2
1396830765,04/07/2014 00:32:45,2,docr,2699.24,2,1.711,2,34.653,2,2.223,2,89.64,0,1501.961,2,27.7307,2,35.12555793,2,-122.94720393,2
1396830780,04/07/2014 00:33:00,2,docr,2690.32,2,1.712,2,34.654,2,2.218,2,89.65,2,1501.812,2,27.7313,2,35.1254596,2,-122.9472216,2
1396830795,04/07/2014 00:33:15,2,docr,2681.3,2,1.715,2,34.654,2,2.216,2,89.65,2,1501.669,2,27.7311,2,35.12533,2,-122.947252,2
1396830810,04/07/2014 00:33:30,2,docr,2672.09,2,1.718,2,34.653,2,2.212,2,89.65,2,1501.521,2,27.73,2,35.12533,2,-122.947252,2
1396830825,04/07/2014 00:33:45,2,docr,2662.78,2,1.721,2,34.653,2,2.204,2,89.65,2,1501.373,2,27.7297,2,35.12533,2,-122.947252,2
1396830840,04/07/2014 00:34:00,2,docr,2654.15,2,1.724,2,34.652,2,2.2,2,89.65,2,1501.235,2,27.7286,2,35.12533,2,-122.947252,2
1396830855,04/07/2014 00:34:15,2,docr,2645.23,2,1.726,2,34.652,2,2.195,2,89.64,2,1501.089,2,27.7284,2,35.12533,2,-122.947252,2
1396830870,04/07/2014 00:34:30,2,docr,2636.31,2,1.729,2,34.651,2,2.188,2,89.64,2,1500.946,2,27.7273,2,35.12533,2,-122.947252,2
1396830885,04/07/2014 00:34:45,2,docr,2627.19,2,1.73,2,34.651,2,2.182,2,89.64,2,1500.792,2,27.7272,2,35.12533,2,-122.947252,2
1396830900,04/07/2014 00:35:00,2,docr,2618.17,2,1.734,2,34.65,2,2.179,2,89.64,2,1500.652,2,27.726,2,35.12533,2,-122.947252,2
1396830915,04/07/2014 00:35:15,2,docr,2609.15,2,1.738,2,34.65,2,2.172,2,89.62,2,1500.514,2,27.7257,2,35.12533,2,-122.947252,2
1396830930,04/07/2014 00:35:30,2,docr,2600.13,2,1.741,2,34.65,2,2.162,2,89.64,2,1500.371,2,27.7254,2,35.12533,2,-122.947252,2
1396830945,04/07/2014 00:35:45,2,docr,2591.11,2,1.743,2,34.65,2,2.158,2,89.63,2,1500.223,2,27.7252,2,35.12542826,2,-122.9479186,2
1396830960,04/07/2014 00:36:00,2,docr,2582.19,2,1.745,2,34.65,2,2.153,2,89.63,2,1500.077,2,27.725,2,35.1254418,2,-122.9479732,2
1396830975,04/07/2014 00:36:15,2,docr,2573.07,2,1.748,2,34.65,2,2.147,2,89.63,2,1499.933,2,27.7247,2,35.12536,2,-122.947259,2
1396830990,04/07/2014 00:36:30,2,docr,2563.46,2,1.752,2,34.65,2,2.145,2,89.63,2,1499.784,2,27.7244,2,35.1254904,2,-122.947345,2
1396831005,04/07/2014 00:36:45,2,docr,2554.34,2,1.757,2,34.649,2,2.135,2,89.62,2,1499.647,2,27.7231,2,35.12557546,2,-122.94740613,2
1396831020,04/07/2014 00:37:00,2,docr,2545.32,2,1.76,2,34.648,2,2.124,2,89.63,2,1499.502,2,27.7221,2,35.12562313,2,-122.9473654,2
1396831035,04/07/2014 00:37:15,2,docr,2536.2,2,1.763,2,34.647,2,2.116,2,89.63,2,1499.356,2,27.721,2,35.1256446,2,-122.9474586,2
1396831050,04/07/2014 00:37:30,2,docr,2526.78,2,1.765,2,34.647,2,2.113,2,89.62,2,1499.202,2,27.7208,2,35.12566106,2,-122.9475112,2
1396831065,04/07/2014 00:37:45,2,docr,2518.05,2,1.766,2,34.647,2,2.112,2,89.62,2,1499.056,2,27.7206,2,35.125578,2,-122.947374,2
1396831080,04/07/2014 00:38:00,2,docr,2509.03,2,1.767,2,34.646,2,2.107,2,89.63,2,1498.903,2,27.7197,2,35.125578,2,-122.947374,2
1396831095,04/07/2014 00:38:15,2,docr,2500,2,1.771,2,34.647,2,2.102,2,89.61,2,1498.766,2,27.7202,2,35.125578,2,-122.947374,2
1396831110,04/07/2014 00:38:30,2,docr,2490.98,2,1.776,2,34.646,2,2.098,2,89.62,2,1498.63,2,27.7189,2,35.125578,2,-122.947374,2
1396831125,04/07/2014 00:38:45,2,docr,2481.76,2,1.78,2,34.646,2,2.08,2,89.61,2,1498.488,2,27.7186,2,35.125578,2,-122.947374,2
1396831140,04/07/2014 00:39:00,2,docr,2472.73,2,1.781,2,34.646,2,2.079,2,89.62,2,1498.337,2,27.7184,2,35.125578,2,-122.947374,2
1396831155,04/07/2014 00:39:15,2,docr,2463.22,2,1.782,2,34.646,2,2.071,2,89.62,2,1498.177,2,27.7183,2,35.12555453,2,-122.94743213,2
1396831170,04/07/2014 00:39:30,2,docr,2454.19,2,1.785,2,34.646,2,2.07,2,89.63,2,1498.034,2,27.718,2,35.1256952,2,-122.9473972,2
1396831185,04/07/2014 00:39:45,2,docr,2445.06,2,1.791,2,34.645,2,2.061,2,89.63,2,1497.901,2,27.7167,2,35.125778,2,-122.947492,2
1396831200,04/07/2014 00:40:00,2,docr,2435.74,2,1.796,2,34.644,2,2.052,2,89.62,2,1497.761,2,27.7155,2,35.12604146,2,-122.94737386,2
1396831215,04/07/2014 00:40:15,2,docr,2426.62,2,1.799,2,34.643,2,2.04,2,89.63,2,1497.615,2,27.7144,2,35.12593086,2,-122.94739953,2
1396831230,04/07/2014 00:40:30,2,docr,2417.49,2,1.804,2,34.642,2,2.031,2,89.63,2,1497.478,2,27.7132,2,35.125517,2,-122.947507,2
1396831245,04/07/2014 00:40:45,2,docr,2408.27,2,1.808,2,34.642,2,2.023,2,89.62,2,1497.337,2,27.7128,2,35.1255162,2,-122.94743953,2
1396831260,04/07/2014 00:41:00,2,docr,2399.14,2,1.81,2,34.642,2,2.015,2,89.62,2,1497.188,2,27.7126,2,35.1254944,2,-122.94741026,2
1396831275,04/07/2014 00:41:15,2,docr,2390.01,2,1.812,2,34.642,2,2.013,2,89.62,2,1497.039,2,27.7124,2,35.125534,2,-122.9474,2
1396831290,04/07/2014 00:41:30,2,docr,2380.89,2,1.815,2,34.642,2,2.009,2,89.61,2,1496.895,2,27.7121,2,35.12557286,2,-122.94743006,2
1396831305,04/07/2014 00:41:45,2,docr,2371.76,2,1.82,2,34.642,2,2.003,2,89.6,2,1496.759,2,27.7117,2,35.12559193,2,-122.94743793,2
1396831320,04/07/2014 00:42:00,2,docr,2362.53,2,1.824,2,34.642,2,1.995,2,89.6,2,1496.618,2,27.7113,2,35.125607,2,-122.947459,2
1396831335,04/07/2014 00:42:15,2,docr,2353.5,2,1.826,2,34.641,2,1.991,2,89.6,2,1496.47,2,27.7103,2,35.1256098,2,-122.94745126,2
1396831350,04/07/2014 00:42:30,2,docr,2344.27,2,1.833,2,34.641,2,1.98,2,89.59,2,1496.341,2,27.7098,2,35.12560573,2,-122.9474426,2
1396831365,04/07/2014 00:42:45,2,docr,2334.95,2,1.839,2,34.64,2,1.969,2,89.58,2,1496.206,2,27.7085,2,35.125617,2,-122.947427,2
1396831380,04/07/2014 00:43:00,2,docr,2325.82,2,1.846,2,34.639,2,1.958,2,89.57,2,1496.078,2,27.7071,2,35.1256266,2,-122.9474348,2
1396831395,04/07/2014 00:43:15,2,docr,2316.49,2,1.851,2,34.637,2,1.947,2,89.58,2,1495.936,2,27.705,2,35.1256348,2,-122.9474446,2
1396831410,04/07/2014 00:43:30,2,docr,2307.07,2,1.857,2,34.637,2,1.937,2,89.58,2,1495.8,2,27.7045,2,35.125543,2,-122.947747,2
1396831425,04/07/2014 00:43:45,2,docr,2297.94,2,1.861,2,34.636,2,1.928,2,89.58,2,1495.659,2,27.7034,2,35.12543526,2,-122.9476798,2
1396831440,04/07/2014 00:44:00,2,docr,2288.61,2,1.863,2,34.636,2,1.918,2,89.6,2,1495.507,2,27.7032,2,35.125375,2,-122.947661,2
1396831455,04/07/2014 00:44:15,2,docr,2279.38,2,1.867,2,34.635,2,1.904,2,89.6,2,1495.365,2,27.702,2,35.12561606,2,-122.947292,2
1396831470,04/07/2014 00:44:30,2,docr,2270.44,2,1.873,2,34.635,2,1.889,2,89.61,2,1495.237,2,27.7015,2,35.12561053,2,-122.94733113,2
1396831485,04/07/2014 00:44:45,2,docr,2261.6,2,1.884,2,34.635,2,1.876,2,89.59,2,1495.133,2,27.7006,2,35.12561,2,-122.947417,2
1396831500,04/07/2014 00:45:00,2,docr,2252.77,2,1.892,2,34.634,2,1.868,2,89.58,2,1495.015,2,27.6992,2,35.12563366,2,-122.94740193,2
1396831515,04/07/2014 00:45:15,2,docr,2244.02,2,1.899,2,34.633,2,1.858,2,89.59,2,1494.894,2,27.6978,2,35.1256334,2,-122.94739806,2
1396831530,04/07/2014 00:45:30,2,docr,2235.38,2,1.901,2,34.632,2,1.85,2,89.57,2,1494.753,2,27.6968,2,35.125659,2,-122.947412,2
1396831545,04/07/2014 00:45:45,2,docr,2226.64,2,1.906,2,34.632,2,1.842,2,89.59,2,1494.624,2,27.6963,2,35.12566446,2,-122.9473948,2
1396831560,04/07/2014 00:46:00,2,docr,2217.9,2,1.914,2,34.629,2,1.818,2,89.61,2,1494.505,2,27.6933,2,35.12566633,2,-122.94739733,2
1396831575,04/07/2014 00:46:15,2,docr,2209.16,2,1.918,2,34.628,2,1.8,2,89.62,2,1494.371,2,27.6921,2,35.125677,2,-122.947404,2
1396831590,04/07/2014 00:46:30,2,docr,2200.51,2,1.918,2,34.627,2,1.788,2,89.62,2,1494.221,2,27.6912,2,35.12547106,2,-122.947566,2
1396831605,04/07/2014 00:46:45,2,docr,2191.97,2,1.919,2,34.626,2,1.768,2,89.62,2,1494.077,2,27.6903,2,35.12547986,2,-122.9475118,2
1396831620,04/07/2014 00:47:00,2,docr,2183.32,2,1.925,2,34.626,2,1.764,2,89.61,2,1493.955,2,27.6898,2,35.125676,2,-122.947342,2
1396831635,04/07/2014 00:47:15,2,docr,2174.78,2,1.929,2,34.626,2,1.755,2,89.61,2,1493.826,2,27.6894,2,35.12563306,2,-122.9474528,2
1396831650,04/07/2014 00:47:30,2,docr,2166.23,2,1.937,2,34.626,2,1.746,2,89.6,2,1493.714,2,27.6888,2,35.125626,2,-122.9474932,2
1396831665,04/07/2014 00:47:45,2,docr,2157.58,2,1.942,2,34.626,2,1.743,2,89.6,2,1493.587,2,27.6884,2,35.125698,2,-122.947466,2
1396831680,04/07/2014 00:48:00,2,docr,2149.03,2,1.948,2,34.625,2,1.731,2,89.6,2,1493.465,2,27.687,2,35.12578066,2,-122.94746133,2
1396831695,04/07/2014 00:48:15,2,docr,2140.49,2,1.953,2,34.624,2,1.722,2,89.59,2,1493.339,2,27.6858,2,35.125822,2,-122.947459,2
1396831710,04/07/2014 00:48:30,2,docr,2132.04,2,1.962,2,34.624,2,1.718,2,89.6,2,1493.233,2,27.6851,2,35.125822,2,-122.947459,2
1396831725,04/07/2014 00:48:45,2,docr,2123.49,2,1.972,2,34.623,2,1.708,2,89.6,2,1493.129,2,27.6835,2,35.1254152,2,-122.9472448,2
1396831740,04/07/2014 00:49:00,2,docr,2115.04,2,1.983,2,34.621,2,1.698,2,89.59,2,1493.03,2,27.681,2,35.12513086,2,-122.94719726,2
1396831755,04/07/2014 00:49:15,2,docr,2106.58,2,1.989,2,34.62,2,1.681,2,89.59,2,1492.91,2,27.6796,2,35.124947,2,-122.948531,2
1396831770,04/07/2014 00:49:30,2,docr,2098.03,2,1.992,2,34.62,2,1.672,2,89.59,2,1492.776,2,27.6794,2,35.12528593,2,-122.94785953,2
1396831785,04/07/2014 00:49:45,2,docr,2089.39,2,1.999,2,34.619,2,1.661,2,89.59,0,1492.657,2,27.678,2,35.12562,2,-122.947383,2
1396831800,04/07/2014 00:50:00,2,docr,2080.64,2,2.008,2,34.618,2,1.65,2,89.58,2,1492.545,2,27.6764,2,35.1253968,2,-122.9475504,2
1396831815,04/07/2014 00:50:15,2,docr,2072.09,2,2.015,2,34.618,2,1.637,2,89.58,2,1492.429,2,27.6758,2,35.12562306,2,-122.94752053,2
1396831830,04/07/2014 00:50:30,2,docr,2063.54,2,2.02,2,34.617,2,1.626,2,89.58,2,1492.303,2,27.6746,2,35.125782,2,-122.947512,2
1396831845,04/07/2014 00:50:45,2,docr,2054.98,2,2.025,2,34.617,2,1.615,2,89.57,2,1492.178,2,27.6742,2,35.12572426,2,-122.9474006,2
1396831860,04/07/2014 00:51:00,2,docr,2046.43,2,2.035,2,34.616,2,1.606,2,89.57,2,1492.074,2,27.6725,2,35.12568093,2,-122.94737786,2
1396831875,04/07/2014 00:51:15,2,docr,2037.88,2,2.043,2,34.615,2,1.595,2,89.58,2,1491.961,2,27.6711,2,35.125593,2,-122.947281,2
1396831890,04/07/2014 00:51:30,2,docr,2029.33,2,2.049,2,34.612,2,1.577,2,89.58,2,1491.837,2,27.6681,2,35.1255762,2,-122.94741906,2
1396831905,04/07/2014 00:51:45,2,docr,2021.07,2,2.056,2,34.611,2,1.555,2,89.58,2,1491.725,2,27.6667,2,35.12560533,2,-122.94746033,2
1396831920,04/07/2014 00:52:00,2,docr,2012.42,2,2.06,2,34.61,2,1.543,2,89.58,2,1491.593,2,27.6656,2,35.125638,2,-122.947469,2
1396831935,04/07/2014 00:52:15,2,docr,2004.06,2,2.068,2,34.609,2,1.534,2,89.56,2,1491.483,2,27.6641,2,35.12528626,2,-122.94740553,2
1396831950,04/07/2014 00:52:30,2,docr,1995.51,2,2.075,2,34.608,2,1.521,2,89.58,2,1491.366,2,27.6627,2,35.12526306,2,-122.947398,2
1396831965,04/07/2014 00:52:45,2,docr,1987.05,2,2.085,2,34.608,2,1.512,2,89.58,2,1491.265,2,27.6619,2,35.125508,2,-122.94742,2
1396831980,04/07/2014 00:53:00,2,docr,1978.59,2,2.105,2,34.607,2,1.5,2,89.58,2,1491.207,2,27.6595,2,35.12585926,2,-122.947442,2
1396831995,04/07/2014 00:53:15,2,docr,1969.94,2,2.116,2,34.605,2,1.479,2,89.58,2,1491.104,2,27.657,2,35.125987,2,-122.94745,2
1396832010,04/07/2014 00:53:30,2,docr,1961.48,2,2.128,2,34.605,2,1.463,2,89.58,2,1491.012,2,27.656,2,35.125987,2,-122.94745,2
1396832025,04/07/2014 00:53:45,2,docr,1952.93,2,2.15,2,34.604,2,1.455,2,89.57,0,1490.96,2,27.6534,2,35.125764,2,-122.94727793,2
1396832040,04/07/2014 00:54:00,2,docr,1944.47,2,2.163,2,34.602,2,1.444,2,89.59,2,1490.869,2,27.6507,2,35.12564573,2,-122.9472354,2
1396832055,04/07/2014 00:54:15,2,docr,1936.01,2,2.169,2,34.601,2,1.432,2,89.59,2,1490.75,2,27.6494,2,35.125408,2,-122.947474,2
1396832070,04/07/2014 00:54:30,2,docr,1927.45,2,2.179,2,34.599,2,1.413,2,89.57,2,1490.644,2,27.6469,2,35.12545326,2,-122.94743706,2
1396832085,04/07/2014 00:54:45,2,docr,1918.8,2,2.188,2,34.598,2,1.399,2,89.57,2,1490.534,2,27.6454,2,35.125478,2,-122.9473972,2
1396832100,04/07/2014 00:55:00,2,docr,1910.14,2,2.2,2,34.597,2,1.392,2,89.59,2,1490.437,2,27.6436,2,35.12552,2,-122.947414,2
1396832115,04/07/2014 00:55:15,2,docr,1901.68,2,2.212,2,34.596,2,1.379,2,89.59,2,1490.344,2,27.6418,2,35.12553813,2,-122.94741133,2
1396832130,04/07/2014 00:55:30,2,docr,1893.22,2,2.22,2,34.595,2,1.369,2,89.61,2,1490.233,2,27.6403,2,35.125554,2,-122.947409,2
1396832145,04/07/2014 00:55:45,2,docr,1884.67,2,2.228,2,34.595,2,1.362,2,89.61,2,1490.121,2,27.6396,2,35.125544,2,-122.9474668,2
1396832160,04/07/2014 00:56:00,2,docr,1876.21,2,2.241,2,34.594,2,1.35,2,89.6,2,1490.032,2,27.6377,2,35.1255244,2,-122.94745926,2
1396832175,04/07/2014 00:56:15,2,docr,1867.65,2,2.251,2,34.593,2,1.335,2,89.6,2,1489.928,2,27.636,2,35.125486,2,-122.947463,2
1396832190,04/07/2014 00:56:30,2,docr,1859.09,2,2.256,2,34.593,2,1.324,2,89.59,2,1489.804,2,27.6356,2,35.12550226,2,-122.9474466,2
1396832205,04/07/2014 00:56:45,2,docr,1850.72,2,2.266,2,34.592,2,1.316,2,89.58,2,1489.703,2,27.6339,2,35.1253956,2,-122.9474532,2
1396832220,04/07/2014 00:57:00,2,docr,1842.16,2,2.278,2,34.591,2,1.306,2,89.57,2,1489.608,2,27.6321,2,35.125248,2,-122.947455,2
1396832235,04/07/2014 00:57:15,2,docr,1833.5,2,2.297,2,34.59,2,1.295,2,89.58,2,1489.542,2,27.6297,2,35.12550613,2,-122.9473744,2
1396832250,04/07/2014 00:57:30,2,docr,1824.84,2,2.309,2,34.588,2,1.287,2,89.58,2,1489.444,2,27.6271,2,35.1255538,2,-122.947402,2
1396832265,04/07/2014 00:57:45,2,docr,1816.28,2,2.322,2,34.587,2,1.276,2,89.59,2,1489.353,2,27.6252,2,35.125527,2,-122.947476,2
1396832280,04/07/2014 00:58:00,2,docr,1807.72,2,2.336,2,34.586,2,1.266,2,89.58,2,1489.266,2,27.6232,2,35.12550033,2,-122.94752133,2
1396832295,04/07/2014 00:58:15,2,docr,1799.16,2,2.35,2,34.584,2,1.256,2,89.59,2,1489.178,2,27.6204,2,35.12550206,2,-122.94752686,2
1396832310,04/07/2014 00:58:30,2,docr,1790.6,2,2.356,2,34.584,2,1.247,2,89.58,2,1489.059,2,27.6199,2,35.125527,2,-122.94751,2
1396832325,04/07/2014 00:58:45,2,docr,1781.94,2,2.361,2,34.584,2,1.244,2,89.58,2,1488.933,2,27.6194,2,35.12548373,2,-122.94749893,2
1396832340,04/07/2014 00:59:00,2,docr,1773.37,2,2.373,2,34.584,2,1.236,2,89.57,2,1488.839,2,27.6184,2,35.1254682,2,-122.94751173,2
1396832355,04/07/2014 00:59:15,2,docr,1764.81,2,2.382,2,34.583,2,1.228,2,89.57,2,1488.731,2,27.6168,2,35.125499,2,-122.947524,2
1396832370,04/07/2014 00:59:30,2,docr,1756.25,2,2.4,2,34.583,2,1.22,2,89.55,2,1488.663,2,27.6153,2,35.1255018,2,-122.94752933,2
1396832385,04/07/2014 00:59:45,2,docr,1747.78,2,2.411,2,34.581,2,1.208,2,89.55,2,1488.564,2,27.6127,2,35.12552053,2,-122.94755826,2
1396832400,04/07/2014 01:00:00,2,docr,1739.12,2,2.416,2,34.578,2,1.193,2,89.55,2,1488.434,2,27.6099,2,35.125511,2,-122.947508,2
1396832415,04/07/2014 01:00:15,2,docr,1730.36,2,2.425,2,34.576,2,1.162,2,89.55,2,1488.321,2,27.6074,2,35.1255242,2,-122.9475866,2
1396832430,04/07/2014 01:00:30,2,docr,1721.4,2,2.448,2,34.572,2,1.134,2,89.55,2,1488.263,2,27.6023,2,35.12553273,2,-122.9476316,2
1396832445,04/07/2014 01:00:45,2,docr,1712.73,2,2.453,2,34.569,2,1.107,2,89.56,2,1488.134,2,27.5994,2,35.12548233,2,-122.94749346,2
1396832460,04/07/2014 01:01:00,2,docr,1704.07,2,2.468,2,34.57,2,1.094,2,89.55,2,1488.052,2,27.5989,2,35.12553446,2,-122.94751766,2
1396832475,04/07/2014 01:01:15,2,docr,1695.31,2,2.496,2,34.571,2,1.103,2,89.54,0,1488.026,2,27.5974,2,35.125575,2,-122.947548,2
1396832490,04/07/2014 01:01:30,2,docr,1686.54,2,2.51,2,34.569,2,1.101,2,89.54,2,1487.935,2,27.5945,2,35.125622,2,-122.947596,2
1396832505,04/07/2014 01:01:45,2,docr,1677.58,2,2.519,2,34.569,2,1.093,2,89.54,2,1487.821,2,27.5937,2,35.125692,2,-122.9476954,2
1396832520,04/07/2014 01:02:00,2,docr,1668.72,2,2.529,2,34.568,2,1.082,2,89.54,2,1487.713,2,27.592,2,35.125772,2,-122.947809,2
1396832535,04/07/2014 01:02:15,2,docr,1659.76,2,2.542,2,34.568,2,1.071,2,89.54,2,1487.617,2,27.5909,2,35.12569306,2,-122.94767793,2
1396832550,04/07/2014 01:02:30,2,docr,1650.7,2,2.575,2,34.565,2,1.051,2,89.54,2,1487.601,2,27.5857,2,35.1254906,2,-122.9475818,2
1396832565,04/07/2014 01:02:45,2,docr,1641.73,2,2.582,2,34.564,2,1.037,2,89.53,2,1487.478,2,27.5842,2,35.125584,2,-122.947571,2
1396832580,04/07/2014 01:03:00,2,docr,1632.87,2,2.594,2,34.563,2,1.033,2,89.54,2,1487.378,2,27.5824,2,35.12558833,2,-122.9475918,2
1396832595,04/07/2014 01:03:15,2,docr,1624.1,2,2.605,2,34.562,2,1.027,2,89.53,2,1487.275,2,27.5806,2,35.12555466,2,-122.947551,2
1396832610,04/07/2014 01:03:30,2,docr,1615.34,2,2.613,2,34.561,2,1.024,2,89.53,2,1487.159,2,27.579,2,35.125486,2,-122.947463,2
1396832625,04/07/2014 01:03:45,2,docr,1606.67,2,2.622,2,34.56,2,1.019,2,89.53,2,1487.05,2,27.5774,2,35.12573833,2,-122.94745873,2
1396832640,04/07/2014 01:04:00,2,docr,1598,2,2.636,2,34.559,2,1.012,2,89.53,2,1486.962,2,27.5754,2,35.12573786,2,-122.9475172,2
1396832655,04/07/2014 01:04:15,2,docr,1589.43,2,2.651,2,34.559,2,1.003,2,89.53,2,1486.881,2,27.574,2,35.125576,2,-122.947625,2
1396832670,04/07/2014 01:04:30,2,docr,1580.86,2,2.66,2,34.558,2,0.995,2,89.53,2,1486.773,2,27.5724,2,35.12556913,2,-122.94762666,2
1396832685,04/07/2014 01:04:45,2,docr,1572.39,2,2.669,2,34.558,2,0.994,2,89.53,2,1486.668,2,27.5716,2,35.1255754,2,-122.9476246,2
1396832700,04/07/2014 01:05:00,2,docr,1564.01,2,2.678,2,34.558,2,0.987,2,89.53,2,1486.565,2,27.5708,2,35.125561,2,-122.947659,2
1396832715,04/07/2014 01:05:15,2,docr,1555.64,2,2.695,2,34.557,2,0.977,2,89.53,2,1486.495,2,27.5685,2,35.12558033,2,-122.94767366,2
1396832730,04/07/2014 01:05:30,2,docr,1547.16,2,2.707,2,34.555,2,0.964,2,89.52,2,1486.4,2,27.5658,2,35.12558706,2,-122.9476738,2
1396832745,04/07/2014 01:05:45,2,docr,1538.69,2,2.725,2,34.554,2,0.955,2,89.52,2,1486.333,2,27.5634,2,35.125518,2,-122.947608,2
1396832760,04/07/2014 01:06:00,2,docr,1530.12,2,2.755,2,34.553,2,0.947,2,89.53,2,1486.315,2,27.5599,2,35.12559533,2,-122.94763486,2
1396832775,04/07/2014 01:06:15,2,docr,1521.64,2,2.771,2,34.551,2,0.939,2,89.53,2,1486.238,2,27.5569,2,35.12563093,2,-122.94762706,2
1396832790,04/07/2014 01:06:30,2,docr,1513.17,2,2.788,2,34.549,2,0.933,2,89.54,2,1486.165,2,27.5538,2,35.125588,2,-122.947628,2
1396832805,04/07/2014 01:06:45,2,docr,1504.79,2,2.799,2,34.548,2,0.926,2,89.53,2,1486.069,2,27.5519,2,35.12562613,2,-122.94761253,2
1396832820,04/07/2014 01:07:00,2,docr,1496.32,2,2.806,2,34.547,2,0.918,2,89.54,2,1485.954,2,27.5505,2,35.125671,2,-122.947594,2
1396832835,04/07/2014 01:07:15,2,docr,1487.84,2,2.82,2,34.547,2,0.911,2,89.54,2,1485.871,2,27.5492,2,35.12565826,2,-122.94742566,2
1396832850,04/07/2014 01:07:30,2,docr,1479.07,2,2.844,2,34.546,2,0.899,2,89.53,2,1485.824,2,27.5462,2,35.1256522,2,-122.94749113,2
1396832865,04/07/2014 01:07:45,2,docr,1470.39,2,2.869,2,34.544,2,0.886,2,89.55,2,1485.782,2,27.5424,2,35.125645,2,-122.947597,2
1396832880,04/07/2014 01:08:00,2,docr,1461.82,2,2.886,2,34.543,2,0.877,2,89.55,2,1485.708,2,27.54,2,35.1256574,2,-122.947593,2
1396832895,04/07/2014 01:08:15,2,docr,1453.04,2,2.897,2,34.542,2,0.869,2,89.55,2,1485.605,2,27.5382,2,35.1256476,2,-122.9475302,2
1396832910,04/07/2014 01:08:30,2,docr,1444.37,2,2.91,2,34.54,2,0.86,2,89.55,2,1485.512,2,27.5354,2,35.125632,2,-122.947436,2
1396832925,04/07/2014 01:08:45,2,docr,1435.3,2,2.914,2,34.534,2,0.833,2,89.53,2,1485.368,2,27.5302,2,35.1256998,2,-122.94750966,2
1396832940,04/07/2014 01:09:00,2,docr,1426.33,2,2.928,2,34.532,2,0.796,2,89.51,2,1485.273,2,27.5273,2,35.12567113,2,-122.94754013,2
1396832955,04/07/2014 01:09:15,2,docr,1417.55,2,2.956,2,34.531,2,0.784,2,89.5,2,1485.243,2,27.524,2,35.125569,2,-122.94755,2
1396832970,04/07/2014 01:09:30,2,docr,1408.38,2,2.972,2,34.529,2,0.777,2,89.5,2,1485.154,2,27.5209,2,35.1256906,2,-122.9475516,2
1396832985,04/07/2014 01:09:45,2,docr,1399.51,2,2.989,2,34.528,2,0.771,2,89.51,2,1485.076,2,27.5185,2,35.12573673,2,-122.94756453,2
1396833000,04/07/2014 01:10:00,2,docr,1390.54,2,2.997,2,34.528,2,0.766,2,89.5,2,1484.958,2,27.5177,2,35.12578,2,-122.947599,2
1396833015,04/07/2014 01:10:15,2,docr,1381.47,2,3.032,2,34.529,2,0.764,2,89.5,2,1484.956,2,27.5153,2,35.12580553,2,-122.94764713,2
1396833030,04/07/2014 01:10:30,2,docr,1372.39,2,3.065,2,34.53,2,0.768,2,89.48,2,1484.945,2,27.5131,2,35.1258218,2,-122.9476614,2
1396833045,04/07/2014 01:10:45,2,docr,1363.42,2,3.089,2,34.53,2,0.779,2,89.48,2,1484.896,2,27.5108,2,35.12580753,2,-122.94759353,2
1396833060,04/07/2014 01:11:00,2,docr,1354.25,2,3.11,2,34.529,2,0.773,2,89.49,2,1484.829,2,27.5081,2,35.12579493,2,-122.94760506,2
1396833075,04/07/2014 01:11:15,2,docr,1345.17,2,3.14,2,34.527,2,0.761,2,89.49,2,1484.802,2,27.5037,2,35.1258116,2,-122.9476108,2
1396833090,04/07/2014 01:11:30,2,docr,1336.1,2,3.159,2,34.525,2,0.749,2,89.48,2,1484.727,2,27.5003,2,35.125822,2,-122.94759,2
1396833105,04/07/2014 01:11:45,2,docr,1326.93,2,3.178,2,34.524,2,0.741,2,89.48,2,1484.652,2,27.4977,2,35.12584373,2,-122.9475824,2
1396833120,04/07/2014 01:12:00,2,docr,1317.95,2,3.196,2,34.522,2,0.734,2,89.48,2,1484.574,2,27.4944,2,35.12586433,2,-122.94758,2
1396833135,04/07/2014 01:12:15,2,docr,1308.88,2,3.214,2,34.52,2,0.725,2,89.47,2,1484.495,2,27.4911,2,35.125887,2,-122.9475676,2
1396833150,04/07/2014 01:12:30,2,docr,1299.6,2,3.233,2,34.518,2,0.717,2,89.48,2,1484.417,2,27.4876,2,35.12585746,2,-122.9476388,2
1396833165,04/07/2014 01:12:45,2,docr,1290.72,2,3.246,2,34.518,2,0.712,2,89.47,2,1484.322,2,27.4864,2,35.125778,2,-122.947711,2
1396833180,04/07/2014 01:13:00,2,docr,1281.65,2,3.268,2,34.518,2,0.703,2,89.46,2,1484.263,2,27.4843,2,35.125868,2,-122.947344,2
1396833195,04/07/2014 01:13:15,2,docr,1272.77,2,3.28,2,34.516,2,0.698,2,89.45,2,1484.162,2,27.4815,2,35.12598426,2,-122.94746573,2
1396833210,04/07/2014 01:13:30,2,docr,1264.09,2,3.291,2,34.516,2,0.694,2,89.46,2,1484.062,2,27.4804,2,35.126127,2,-122.947602,2
1396833225,04/07/2014 01:13:45,2,docr,1255.21,2,3.311,2,34.515,2,0.685,2,89.46,2,1483.996,2,27.4777,2,35.1257426,2,-122.94755133,2
1396833240,04/07/2014 01:14:00,2,docr,1246.33,2,3.332,2,34.513,2,0.677,2,89.46,2,1483.933,2,27.474,2,35.1258094,2,-122.947594,2
1396833255,04/07/2014 01:14:15,2,docr,1237.54,2,3.346,2,34.512,2,0.668,2,89.46,0,1483.843,2,27.4719,2,35.125994,2,-122.947658,2
1396833270,04/07/2014 01:14:30,2,docr,1228.76,2,3.363,2,34.51,2,0.659,2,89.45,2,1483.764,2,27.4686,2,35.12597666,2,-122.94760513,2
1396833285,04/07/2014 01:14:45,2,docr,1219.78,2,3.374,2,34.508,2,0.651,2,89.47,0,1483.657,2,27.4659,2,35.12597966,2,-122.94759666,2
1396833300,04/07/2014 01:15:00,2,docr,1210.8,2,3.4,2,34.506,2,0.64,2,89.46,2,1483.614,2,27.4618,2,35.125991,2,-122.947596,2
1396833315,04/07/2014 01:15:15,2,docr,1201.62,2,3.423,2,34.505,2,0.632,2,89.45,2,1483.555,2,27.4587,2,35.12603726,2,-122.9475216,2
1396833330,04/07/2014 01:15:30,2,docr,1193.23,2,3.444,2,34.505,2,0.626,2,89.46,2,1483.503,2,27.4567,2,35.12605886,2,-122.9475488,2
1396833345,04/07/2014 01:15:45,2,docr,1184.94,2,3.475,2,34.504,2,0.619,2,89.45,2,1483.493,2,27.4529,2,35.125992,2,-122.947666,2
1396833360,04/07/2014 01:16:00,2,docr,1176.55,2,3.495,2,34.502,2,0.614,2,89.43,2,1483.434,2,27.4493,2,35.12600813,2,-122.9476308,2
1396833375,04/07/2014 01:16:15,2,docr,1168.16,2,3.513,2,34.5,2,0.606,2,89.45,2,1483.366,2,27.4459,2,35.1260096,2,-122.9476136,2
1396833390,04/07/2014 01:16:30,2,docr,1159.48,2,3.528,2,34.499,2,0.597,2,89.45,2,1483.282,2,27.4436,2,35.125992,2,-122.947596,2
1396833405,04/07/2014 01:16:45,2,docr,1150.89,2,3.556,2,34.498,2,0.588,2,89.44,2,1483.255,2,27.4401,2,35.12611926,2,-122.94757566,2
1396833420,04/07/2014 01:17:00,2,docr,1142.3,2,3.569,2,34.496,2,0.58,2,89.45,2,1483.163,2,27.4371,2,35.1261568,2,-122.9475502,2
1396833435,04/07/2014 01:17:15,2,docr,1133.31,2,3.59,2,34.496,2,0.574,2,89.44,2,1483.1,2,27.435,2,35.1260762,2,-122.94759613,2
1396833450,04/07/2014 01:17:30,2,docr,1124.33,2,3.623,2,34.493,2,0.563,2,89.43,2,1483.084,2,27.4294,2,35.1260186,2,-122.94759333,2
1396833465,04/07/2014 01:17:45,2,docr,1114.75,2,3.632,2,34.492,2,0.559,2,89.42,2,1482.96,2,27.4276,2,35.12595386,2,-122.9475986,2
1396833480,04/07/2014 01:18:00,2,docr,1106.66,2,3.654,2,34.49,2,0.553,2,89.41,2,1482.914,2,27.4238,2,35.126078,2,-122.947579,2
1396833495,04/07/2014 01:18:15,2,docr,1097.77,2,3.676,2,34.489,2,0.545,2,89.41,2,1482.856,2,27.4208,2,35.12606206,2,-122.94754493,2
1396833510,04/07/2014 01:18:30,2,docr,1088.98,2,3.702,2,34.488,2,0.539,2,89.4,2,1482.817,2,27.4174,2,35.126051,2,-122.947508,2
1396833525,04/07/2014 01:18:45,2,docr,1080.29,2,3.738,2,34.485,2,0.53,2,89.41,2,1482.818,2,27.4114,2,35.12601273,2,-122.94756513,2
1396833540,04/07/2014 01:19:00,2,docr,1071.3,2,3.772,2,34.483,2,0.517,2,89.38,2,1482.807,2,27.4064,2,35.12608706,2,-122.94759933,2
1396833555,04/07/2014 01:19:15,2,docr,1062.51,2,3.789,2,34.482,2,0.507,2,89.38,2,1482.73,2,27.4038,2,35.126186,2,-122.947626,2
1396833570,04/07/2014 01:19:30,2,docr,1053.53,2,3.805,2,34.481,2,0.5,2,89.38,2,1482.645,2,27.4014,2,35.1260264,2,-122.94755693,2
1396833585,04/07/2014 01:19:45,2,docr,1044.74,2,3.828,2,34.48,2,0.494,2,89.37,2,1482.593,2,27.3982,2,35.12603413,2,-122.94752346,2
1396833600,04/07/2014 01:20:00,2,docr,1036.24,2,3.846,2,34.478,2,0.484,2,89.37,2,1482.523,2,27.3947,2,35.126055,2,-122.94749,2
1396833615,04/07/2014 01:20:15,2,docr,1027.45,2,3.863,2,34.477,2,0.48,2,89.37,2,1482.445,2,27.3922,2,35.12615986,2,-122.94750693,2
1396833630,04/07/2014 01:20:30,2,docr,1018.56,2,3.899,2,34.474,2,0.47,2,89.37,2,1482.443,2,27.3861,2,35.1261454,2,-122.9474972,2
1396833645,04/07/2014 01:20:45,2,docr,1009.18,2,3.931,2,34.471,2,0.461,2,89.35,2,1482.416,2,27.3804,2,35.126057,2,-122.94751,2
1396833660,04/07/2014 01:21:00,2,docr,1000.68,2,3.955,2,34.47,2,0.454,2,89.32,2,1482.372,2,27.3771,2,35.1260914,2,-122.9474964,2
1396833675,04/07/2014 01:21:15,2,docr,992.09,2,3.99,2,34.467,2,0.445,2,89.33,2,1482.371,2,27.3711,2,35.1260928,2,-122.94748233,2
1396833690,04/07/2014 01:21:30,2,docr,983.2,2,4.014,2,34.464,2,0.438,2,89.31,2,1482.318,2,27.3662,2,35.126073,2,-122.947453,2
1396833705,04/07/2014 01:21:45,2,docr,974.2,2,4.034,2,34.463,2,0.428,2,89.31,2,1482.249,2,27.3633,2,35.12604346,2,-122.94746906,2
1396833720,04/07/2014 01:22:00,2,docr,965.02,2,4.051,2,34.463,2,0.424,2,89.3,2,1482.166,2,27.3614,2,35.1260348,2,-122.9474676,2
1396833735,04/07/2014 01:22:15,2,docr,956.12,2,4.076,2,34.46,2,0.416,2,89.3,2,1482.118,2,27.3564,2,35.12604813,2,-122.94747826,2
1396833750,04/07/2014 01:22:30,2,docr,947.43,2,4.093,2,34.459,2,0.407,2,89.3,2,1482.042,2,27.3538,2,35.12601866,2,-122.947574,2
1396833765,04/07/2014 01:22:45,2,docr,938.43,2,4.114,2,34.457,2,0.399,2,89.31,2,1481.976,2,27.35,2,35.12603086,2,-122.9475972,2
1396833780,04/07/2014 01:23:00,2,docr,929.84,2,4.13,2,34.456,2,0.394,2,89.3,2,1481.897,2,27.3474,2,35.126212,2,-122.947436,2
1396833795,04/07/2014 01:23:15,2,docr,923.51,2,4.134,2,34.453,2,0.394,2,89.31,2,1481.804,2,27.3446,2,35.12608,2,-122.94742093,2
1396833810,04/07/2014 01:23:30,2,docr,915.01,2,4.165,2,34.451,2,0.382,2,89.31,2,1481.788,2,27.3397,2,35.12598626,2,-122.9474078,2
1396833825,04/07/2014 01:23:45,2,docr,905.82,2,4.196,2,34.449,2,0.376,2,89.3,2,1481.761,2,27.3348,2,35.125972,2,-122.947385,2
1396833840,04/07/2014 01:24:00,2,docr,896.83,2,4.222,2,34.446,2,0.368,2,89.29,2,1481.714,2,27.3296,2,35.1259614,2,-122.9473614,2
1396833855,04/07/2014 01:24:15,2,docr,887.83,2,4.242,2,34.445,2,0.363,2,89.3,2,1481.645,2,27.3267,2,35.125948,2,-122.947341,2
1396833870,04/07/2014 01:24:30,2,docr,878.64,2,4.28,2,34.443,2,0.355,2,89.3,2,1481.647,2,27.321,2,35.125954,2,-122.947372,2
1396833885,04/07/2014 01:24:45,2,docr,869.74,2,4.303,2,34.44,2,0.348,2,89.3,2,1481.589,2,27.3161,2,35.12593386,2,-122.9473628,2
1396833900,04/07/2014 01:25:00,2,docr,860.55,2,4.332,2,34.438,2,0.339,2,89.3,2,1481.553,2,27.3114,2,35.125912,2,-122.947342,2
1396833915,04/07/2014 01:25:15,2,docr,851.26,2,4.365,2,34.433,2,0.326,2,89.31,2,1481.528,2,27.3038,2,35.12591213,2,-122.94729933,2
1396833930,04/07/2014 01:25:30,2,docr,842.06,2,4.4,2,34.431,2,0.318,2,89.31,2,1481.517,2,27.2984,2,35.1259106,2,-122.947264,2
1396833945,04/07/2014 01:25:45,2,docr,832.77,2,4.422,2,34.428,2,0.311,2,89.31,2,1481.448,2,27.2936,2,35.125895,2,-122.947213,2
1396833960,04/07/2014 01:26:00,2,docr,823.58,2,4.44,2,34.426,2,0.305,2,89.31,2,1481.366,2,27.29,2,35.1258832,2,-122.947241,2
1396833975,04/07/2014 01:26:15,2,docr,813.98,2,4.465,2,34.425,2,0.301,2,89.31,2,1481.308,2,27.2864,2,35.1258858,2,-122.94723106,2
1396833990,04/07/2014 01:26:30,2,docr,803.8,2,4.509,2,34.418,2,0.292,2,89.3,2,1481.31,2,27.276,2,35.125879,2,-122.947196,2
1396834005,04/07/2014 01:26:45,2,docr,795,2,4.547,2,34.416,2,0.285,2,89.32,2,1481.318,2,27.2702,2,35.1258534,2,-122.94718186,2
1396834020,04/07/2014 01:27:00,2,docr,786,2,4.575,2,34.413,2,0.28,2,89.3,2,1481.279,2,27.2647,2,35.1258422,2,-122.94717886,2
1396834035,04/07/2014 01:27:15,2,docr,777,2,4.593,2,34.408,2,0.273,2,89.32,2,1481.196,2,27.2587,2,35.12584,2,-122.947173,2
1396834050,04/07/2014 01:27:30,2,docr,767.8,2,4.645,2,34.404,2,0.261,2,89.33,0,1481.251,2,27.2498,2,35.12580773,2,-122.94716326,2
1396834065,04/07/2014 01:27:45,2,docr,758.9,2,4.675,2,34.399,2,0.255,2,89.35,2,1481.22,2,27.2424,2,35.1258038,2,-122.94715973,2
1396834080,04/07/2014 01:28:00,2,docr,749.41,2,4.638,2,34.382,2,0.246,2,89.38,2,1480.887,2,27.2329,2,35.125839,2,-122.947164,2
1396834095,04/07/2014 01:28:15,2,docr,739.81,2,4.638,2,34.382,2,0.23,2,89.42,2,1480.727,2,27.2328,2,35.12582766,2,-122.94718826,2
1396834110,04/07/2014 01:28:30,2,docr,730.32,2,4.694,2,34.383,2,0.23,2,89.41,2,1480.8,2,27.2274,2,35.1258192,2,-122.9472196,2
1396834125,04/07/2014 01:28:45,2,docr,720.72,2,4.73,2,34.382,2,0.231,2,89.41,2,1480.786,2,27.2225,2,35.12584,2,-122.947191,2
1396834140,04/07/2014 01:29:00,2,docr,711.03,2,4.771,2,34.376,2,0.229,2,89.41,2,1480.785,2,27.2131,2,35.12581953,2,-122.9472118,2
1396834155,04/07/2014 01:29:15,2,docr,702.32,2,4.804,2,34.368,2,0.222,2,89.37,2,1480.765,2,27.203,2,35.1258062,2,-122.94722966,2
1396834170,04/07/2014 01:29:30,2,docr,693.71,2,4.834,2,34.36,2,0.22,2,89.36,2,1480.734,2,27.1932,2,35.12580246,2,-122.9472306,2
1396834185,04/07/2014 01:29:45,2,docr,684.41,2,4.863,2,34.357,2,0.219,2,89.36,2,1480.693,2,27.1875,2,35.1257986,2,-122.9472792,2
1396834200,04/07/2014 01:30:00,2,docr,674.91,2,4.87,2,34.345,2,0.219,2,89.39,2,1480.548,2,27.1771,2,35.125777,2,-122.947312,2
1396834215,04/07/2014 01:30:15,2,docr,665.12,2,4.903,2,34.337,2,0.219,2,89.4,2,1480.509,2,27.1669,2,35.125723,2,-122.947222,2
1396834230,04/07/2014 01:30:30,2,docr,655.62,2,4.967,2,34.341,2,0.22,2,89.41,2,1480.618,2,27.1628,2,35.12575053,2,-122.94720286,2
1396834245,04/07/2014 01:30:45,2,docr,646.22,2,5.007,2,34.338,2,0.219,2,89.41,2,1480.62,2,27.1558,2,35.125782,2,-122.947181,2
1396834260,04/07/2014 01:31:00,2,docr,636.32,2,5.105,2,34.346,2,0.218,2,89.41,0,1480.865,2,27.1508,2,35.12578546,2,-122.9472994,2
1396834275,04/07/2014 01:31:15,2,docr,627.02,2,5.195,2,34.339,2,0.217,2,89.4,2,1481.066,2,27.1347,2,35.12578473,2,-122.94731306,2
1396834290,04/07/2014 01:31:30,2,docr,617.52,2,5.227,2,34.334,2,0.219,2,89.4,2,1481.031,2,27.127,2,35.12578,2,-122.947318,2
1396834305,04/07/2014 01:31:45,2,docr,607.32,2,5.309,2,34.336,2,0.221,2,89.4,2,1481.196,2,27.1188,2,35.12577566,2,-122.94731713,2
1396834320,04/07/2014 01:32:00,2,docr,598.22,2,5.392,2,34.335,2,0.221,2,89.39,2,1481.379,2,27.1082,2,35.125775,2,-122.94733966,2
1396834335,04/07/2014 01:32:15,2,docr,589.01,2,5.45,2,34.331,2,0.223,2,89.4,2,1481.454,2,27.098,2,35.125775,2,-122.947385,2
1396834350,04/07/2014 01:32:30,2,docr,579.51,2,5.491,2,34.327,2,0.227,2,89.38,2,1481.456,2,27.0899,2,35.12574,2,-122.9473564,2
1396834365,04/07/2014 01:32:45,2,docr,570.01,2,5.536,2,34.319,2,0.23,2,89.38,2,1481.469,2,27.078,2,35.12573413,2,-122.94735653,2
1396834380,04/07/2014 01:33:00,2,docr,560.9,2,5.539,2,34.302,2,0.242,2,89.38,0,1481.308,2,27.0641,2,35.125751,2,-122.947466,2
1396834395,04/07/2014 01:33:15,2,docr,551.49,2,5.551,2,34.295,2,0.263,2,89.39,2,1481.19,2,27.057,2,35.12571293,2,-122.9473866,2
1396834410,04/07/2014 01:33:30,2,docr,541.99,2,5.603,2,34.28,2,0.271,2,89.38,2,1481.222,2,27.0388,2,35.125701,2,-122.9473726,2
1396834425,04/07/2014 01:33:45,2,docr,532.88,2,5.635,2,34.261,2,0.303,2,89.36,2,1481.175,2,27.0198,2,35.125697,2,-122.947403,2
1396834440,04/07/2014 01:34:00,2,docr,523.38,2,5.71,2,34.257,2,0.327,2,89.35,0,1481.312,2,27.0074,2,35.12570506,2,-122.9474182,2
1396834455,04/07/2014 01:34:15,2,docr,513.57,2,5.795,2,34.26,2,0.329,2,89.33,2,1481.493,2,26.9992,2,35.12569653,2,-122.94742766,2
1396834470,04/07/2014 01:34:30,2,docr,502.98,2,5.819,2,34.245,2,0.335,2,89.33,2,1481.394,2,26.9843,2,35.125618,2,-122.94741,2
1396834485,04/07/2014 01:34:45,2,docr,492.18,2,5.849,2,34.242,2,0.363,2,89.31,2,1481.33,2,26.9781,2,35.12562206,2,-122.94743466,2
1396834500,04/07/2014 01:35:00,2,docr,481.78,2,5.906,2,34.237,2,0.376,2,89.31,2,1481.379,2,26.967,2,35.12562506,2,-122.94744633,2
1396834515,04/07/2014 01:35:15,2,docr,471.48,2,6.046,2,34.232,2,0.4,2,89.29,2,1481.758,2,26.9454,2,35.125598,2,-122.947479,2
1396834530,04/07/2014 01:35:30,2,docr,461.38,2,6.149,2,34.228,2,0.421,2,89.29,2,1481.994,2,26.9291,2,35.1255868,2,-122.94747153,2
1396834545,04/07/2014 01:35:45,2,docr,451.28,2,6.232,2,34.234,2,0.433,2,89.29,2,1482.162,2,26.9231,2,35.125577,2,-122.947465,2
1396834560,04/07/2014 01:36:00,2,docr,441.37,2,6.345,2,34.235,2,0.435,2,89.22,0,1482.445,2,26.9092,2,35.1255584,2,-122.9474628,2
1396834575,04/07/2014 01:36:15,2,docr,431.57,2,6.421,2,34.239,2,0.436,2,89.19,2,1482.587,2,26.9024,2,35.12555113,2,-122.94746066,2
1396834590,04/07/2014 01:36:30,2,docr,421.86,2,6.505,2,34.238,2,0.451,2,89.2,2,1482.754,2,26.8905,2,35.125537,2,-122.947466,2
1396834605,04/07/2014 01:36:45,2,docr,412.25,2,6.565,2,34.233,2,0.474,2,89.2,2,1482.824,2,26.8786,2,35.12550526,2,-122.94747813,2
1396834620,04/07/2014 01:37:00,2,docr,402.84,2,6.67,2,34.233,2,0.5,2,89.2,2,1483.079,2,26.8645,2,35.1254974,2,-122.9474846,2
1396834635,04/07/2014 01:37:15,2,docr,393.72,2,6.778,2,34.231,2,0.513,2,89.17,2,1483.347,2,26.8484,2,35.125489,2,-122.947493,2
1396834650,04/07/2014 01:37:30,2,docr,384.8,2,6.859,2,34.227,2,0.538,2,89.17,2,1483.509,2,26.8342,2,35.12549506,2,-122.94753893,2
1396834665,04/07/2014 01:37:45,2,docr,375.59,2,6.935,2,34.222,2,0.567,2,89.17,2,1483.645,2,26.8199,2,35.125496,2,-122.947546,2
1396834680,04/07/2014 01:38:00,2,docr,366.37,2,7.025,2,34.218,2,0.596,2,89.13,2,1483.837,2,26.8043,2,35.125496,2,-122.947546,2
1396834695,04/07/2014 01:38:15,2,docr,357.45,2,7.087,2,34.215,2,0.618,2,89.13,2,1483.925,2,26.7933,2,35.1255112,2,-122.9474796,2
1396834710,04/07/2014 01:38:30,2,docr,348.73,2,7.139,2,34.212,2,0.645,2,89.13,2,1483.978,2,26.7836,2,35.12551313,2,-122.9474686,2
1396834725,04/07/2014 01:38:45,2,docr,341,2,7.224,2,34.209,2,0.677,2,89.12,2,1484.174,2,26.7694,2,35.125528,2,-122.947482,2
1396834740,04/07/2014 01:39:00,2,docr,333.47,2,7.329,2,34.207,2,0.712,2,89.11,2,1484.451,2,26.753,2,35.12551973,2,-122.9474744,2
1396834755,04/07/2014 01:39:15,2,docr,325.64,2,7.359,2,34.181,2,0.777,2,89.05,2,1484.404,2,26.7282,2,35.1255208,2,-122.94746,2
1396834770,04/07/2014 01:39:30,2,docr,317.32,2,7.413,2,34.177,2,0.851,2,89,2,1484.468,2,26.7173,2,35.12551733,2,-122.9474168,2
1396834785,04/07/2014 01:39:45,2,docr,309.59,2,7.475,2,34.175,2,0.88,2,88.99,0,1484.575,2,26.7069,2,35.12552066,2,-122.94739933,2
1396834800,04/07/2014 01:40:00,2,docr,301.36,2,7.573,2,34.173,2,0.916,2,88.99,0,1484.811,2,26.6912,2,35.12552133,2,-122.94739253,2
1396834815,04/07/2014 01:40:15,2,docr,293.13,2,7.699,2,34.168,2,0.97,2,89.05,2,1485.15,2,26.6691,2,35.125508,2,-122.947388,2
1396834830,04/07/2014 01:40:30,2,docr,285.1,2,7.8,2,34.162,2,1.021,2,89.11,2,1485.393,2,26.6496,2,35.12551206,2,-122.947403,2
1396834845,04/07/2014 01:40:45,2,docr,276.68,2,7.874,2,34.155,2,1.066,2,89.1,2,1485.526,2,26.6332,2,35.12550593,2,-122.947431,2
1396834860,04/07/2014 01:41:00,2,docr,267.95,2,7.929,2,34.152,2,1.098,2,89.06,2,1485.586,2,26.6226,2,35.1255182,2,-122.9473966,2
1396834875,04/07/2014 01:41:15,2,docr,259.62,2,7.982,2,34.144,2,1.143,2,89.06,2,1485.639,2,26.6084,2,35.12552706,2,-122.94738486,2
1396834890,04/07/2014 01:41:30,2,docr,251,2,8.022,2,34.141,2,1.175,2,89.05,2,1485.643,2,26.6,2,35.125535,2,-122.947376,2
1396834905,04/07/2014 01:41:45,2,docr,242.37,2,8.125,2,34.13,2,1.238,2,89.01,2,1485.876,2,26.5759,2,35.1255304,2,-122.94739473,2
1396834920,04/07/2014 01:42:00,2,docr,233.94,2,8.229,2,34.113,2,1.327,2,89,2,1486.106,2,26.5469,2,35.12553726,2,-122.94739306,2
1396834935,04/07/2014 01:42:15,2,docr,225.32,2,8.282,2,34.097,2,1.428,2,89.04,2,1486.143,2,26.5262,2,35.125551,2,-122.947384,2
1396834950,04/07/2014 01:42:30,2,docr,216.69,2,8.319,2,34.078,2,1.536,2,89.03,2,1486.115,2,26.5056,2,35.12554166,2,-122.94737813,2
1396834965,04/07/2014 01:42:45,2,docr,207.96,2,8.344,2,34.064,2,1.632,2,89.04,0,1486.047,2,26.4907,2,35.1255434,2,-122.9473816,2
1396834980,04/07/2014 01:43:00,2,docr,199.34,2,8.358,2,34.037,2,1.778,2,89.04,2,1485.923,2,26.4672,2,35.125547,2,-122.947387,2
1396834995,04/07/2014 01:43:15,2,docr,190.51,2,8.382,2,34.02,2,1.893,2,89.03,2,1485.845,2,26.4501,2,35.12554786,2,-122.94737053,2
1396835010,04/07/2014 01:43:30,2,docr,181.68,2,8.454,2,34,2,1.994,2,88.99,2,1485.944,2,26.4233,2,35.125547,2,-122.94738046,2
1396835025,04/07/2014 01:43:45,2,docr,173.25,2,8.585,2,33.973,2,2.104,2,88.93,0,1486.26,2,26.382,2,35.125551,2,-122.947417,2
1396835040,04/07/2014 01:44:00,2,docr,164.92,2,8.769,2,33.95,2,2.187,2,88.87,2,1486.778,2,26.3353,2,35.12552833,2,-122.9474034,2
1396835055,04/07/2014 01:44:15,2,docr,156.59,2,8.956,2,33.931,2,2.209,2,88.79,2,1487.31,2,26.291,2,35.1255226,2,-122.94738666,2
1396835070,04/07/2014 01:44:30,2,docr,148.25,2,9.188,2,33.92,2,2.177,2,88.71,2,1488.013,2,26.2454,2,35.12552,2,-122.94739,2
1396835085,04/07/2014 01:44:45,2,docr,139.92,2,9.332,2,33.894,2,2.163,2,88.65,0,1488.371,2,26.2017,2,35.12552,2,-122.94737753,2
1396835100,04/07/2014 01:45:00,2,docr,131.79,2,9.421,2,33.859,2,2.301,2,88.63,2,1488.519,2,26.1598,2,35.12551846,2,-122.9473676,2
1396835115,04/07/2014 01:45:15,2,docr,123.65,2,9.576,2,33.841,2,2.349,2,88.63,2,1488.927,2,26.1202,2,35.12551,2,-122.947339,2
1396835130,04/07/2014 01:45:30,2,docr,115.91,2,9.809,2,33.789,2,2.436,2,88.58,2,1489.581,2,26.041,2,35.12551066,2,-122.9473498,2
1396835145,04/07/2014 01:45:45,2,docr,108.37,2,9.845,2,33.723,2,2.595,2,88.6,0,1489.505,2,25.9833,2,35.12550846,2,-122.94735133,2
1396835160,04/07/2014 01:46:00,2,docr,101.23,2,9.829,2,33.649,2,3.005,2,88.63,2,1489.239,2,25.928,2,35.12551886,2,-122.9473392,2
1396835175,04/07/2014 01:46:15,2,docr,97.96,2,9.993,2,33.64,2,3.086,2,88.58,2,1489.765,2,25.8935,2,35.1255172,2,-122.9473424,2
1396835190,04/07/2014 01:46:30,2,docr,96.07,2,10.112,2,33.618,2,3.161,2,88.56,2,1490.136,2,25.8562,2,35.1255112,2,-122.94734326,2
1396835205,04/07/2014 01:46:45,2,docr,92.3,2,10.16,2,33.616,2,3.184,2,88.54,0,1490.243,2,25.8465,2,35.12543,2,-122.947337,2
1396835220,04/07/2014 01:47:00,2,docr,86.54,2,10.34,2,33.569,2,3.257,2,88.5,2,1490.735,2,25.779,2,35.12542773,2,-122.94733166,2
1396835235,04/07/2014 01:47:15,2,docr,79.1,2,10.276,2,33.444,2,3.762,2,88.64,0,1490.231,2,25.6923,2,35.125427,2,-122.947328,2
1396835250,04/07/2014 01:47:30,2,docr,71.76,2,10.713,2,33.434,2,4.008,2,88.52,2,1491.653,2,25.6088,2,35.1254164,2,-122.9473206,2
1396835265,04/07/2014 01:47:45,2,docr,64.81,2,11.223,2,33.431,2,4.281,2,88.33,2,1493.328,2,25.5158,2,35.12540746,2,-122.94731253,2
1396835280,04/07/2014 01:48:00,2,docr,58.16,2,11.723,2,33.371,2,4.637,2,88.11,0,1494.882,2,25.3776,2,35.1254,2,-122.947296,2
1396835295,04/07/2014 01:48:15,2,docr,51.32,2,12.612,2,33.421,2,5.017,2,87.17,0,1497.863,2,25.2478,2,35.1253668,2,-122.94725906,2
1396835310,04/07/2014 01:48:30,2,docr,44.47,2,13.461,2,33.43,2,5.446,2,85.57,2,1500.593,2,25.0864,2,35.12535093,2,-122.94724146,2
1396835325,04/07/2014 01:48:45,2,docr,39.6,2,13.682,2,33.41,2,5.684,2,85.1,2,1501.217,2,25.0259,2,35.125332,2,-122.947224,2
1396835340,04/07/2014 01:49:00,2,docr,36.13,2,13.721,2,33.391,2,5.716,2,84.98,2,1501.264,2,25.0031,2,35.1252794,2,-122.94717466,2
1396835355,04/07/2014 01:49:15,2,docr,35.73,2,13.712,2,33.393,2,5.719,2,85.03,0,1501.231,2,25.0065,2,35.12522466,2,-122.94712866,2
1396835370,04/07/2014 01:49:30,2,docr,35.54,2,13.707,2,33.396,2,5.717,2,85.03,2,1501.214,2,25.0098,2,35.125148,2,-122.947074,2
1396835385,04/07/2014 01:49:45,2,docr,35.24,2,13.711,2,33.392,2,5.72,2,85.1,2,1501.218,2,25.0059,2,35.1250112,2,-122.9469868,2
1396835400,04/07/2014 01:50:00,2,docr,32.76,2,13.755,2,33.393,2,5.737,2,84.55,0,1501.322,2,24.9976,2,35.12497566,2,-122.94696366,2
1396835415,04/07/2014 01:50:15,2,docr,28.79,2,13.841,2,33.395,2,5.771,2,84.15,2,1501.54,2,24.9813,2,35.124968,2,-122.946966,2
1396835430,04/07/2014 01:50:30,2,docr,23.92,2,13.859,2,33.394,2,5.782,2,84.02,0,1501.516,2,24.9767,2,35.12495513,2,-122.94691013,2
1396835445,04/07/2014 01:50:45,2,docr,18.86,2,13.877,2,33.395,2,5.787,2,83.95,2,1501.492,2,24.9736,2,35.1249434,2,-122.9468984,2
1396835460,04/07/2014 01:51:00,2,docr,15.78,2,13.884,2,33.396,2,5.79,2,83.97,2,1501.465,2,24.9729,2,35.124921,2,-122.94694,2
1396835475,04/07/2014 01:51:15,2,docr,12.51,2,13.886,2,33.396,2,5.792,2,83.96,0,1501.417,2,24.9724,2,35.124909,2,-122.94691,2
1396835490,04/07/2014 01:51:30,2,docr,8.24,2,13.885,2,33.396,2,5.796,2,83.87,0,1501.343,2,24.9724,2,35.1249046,2,-122.94688406,2
1396835505,04/07/2014 01:51:45,2,docr,9.53,2,13.886,2,33.397,2,5.798,2,83.94,2,1501.368,2,24.9731,2,35.124915,2,-122.946813,2
1396835520,04/07/2014 01:52:00,2,docr,10.13,2,13.869,2,33.394,2,5.797,2,84.06,2,1501.319,2,24.9742,2,35.12484993,2,-122.94661226,2
1396835535,04/07/2014 01:52:15,2,docr,4.76,2,13.868,2,33.397,2,5.794,2,83.98,2,1501.23,2,24.9766,2,35.124819,2,-122.946334,2
