usec,rovCtdDtg,rovCtdDtgFlag,vehicle,depth,depthFlag,temper,temperFlag,salin,salinFlag,oxyg,oxygFlag,light,lightFlag,sound,soundFlag,sigmatheta,sigmathetaFlag,lat,latFlag,lon,lonFlag
1273844190,05/14/2010 13:36:30,2,docr,2.78,0,13.481,0,32.987,0,5.588,0,27.71,0,1499.443,0,24.7386,0,36.738465,2,-122.085482,2
1273844205,05/14/2010 13:36:45,2,docr,2.78,0,13.481,0,32.241,0,5.398,0,17.11,0,1498.564,0,24.1618,0,36.738465,2,-122.085482,2
1273844220,05/14/2010 13:37:00,2,docr,2.78,0,13.457,0,32.917,0,5.31,0,26.47,0,1499.281,0,24.6893,0,36.738465,2,-122.085482,2
1273844235,05/14/2010 13:37:15,2,docr,2.98,0,13.443,0,32.969,0,5.291,0,32.97,0,1499.3,0,24.7323,0,36.738465,2,-122.085482,2
1273844250,05/14/2010 13:37:30,2,docr,7.35,2,13.433,2,33.123,2,5.258,0,78.96,2,1499.521,2,24.8535,2,36.738465,2,-122.085482,2
1273844265,05/14/2010 13:37:45,2,docr,14.2,2,13.409,2,33.146,2,5.569,2,81.88,2,1499.583,2,24.8764,2,36.738465,2,-122.085482,2
1273844280,05/14/2010 13:38:00,2,docr,14.69,2,13.405,2,33.105,2,5.606,2,82.02,2,1499.529,2,24.8454,2,36.4236124,2,-122.2715684,2
1273844295,05/14/2010 13:38:15,2,docr,16.97,2,13.402,2,33.145,2,5.607,2,81.96,2,1499.604,2,24.877,2,35.164202,2,-123.015914,2
1273844310,05/14/2010 13:38:30,2,docr,16.88,2,13.4,2,33.144,2,5.602,2,82.01,2,1499.595,2,24.8767,2,35.164202,2,-123.015914,2
1273844325,05/14/2010 13:38:45,2,docr,21.44,2,13.399,2,33.136,2,5.609,2,81.87,2,1499.658,2,24.8708,2,35.164178,2,-123.0159028,2
1273844340,05/14/2010 13:39:00,2,docr,22.93,2,13.4,2,33.144,2,5.602,2,81.82,2,1499.696,2,24.8769,2,35.164137,2,-123.015889,2
1273844355,05/14/2010 13:39:15,2,docr,25.51,2,13.401,2,33.145,2,5.596,2,82.03,2,1499.743,2,24.8775,2,35.1640906,2,-123.01587573,2
1273844370,05/14/2010 13:39:30,2,docr,26.9,2,13.402,2,33.146,2,5.588,2,81.97,2,1499.771,2,24.8781,2,35.164071,2,-123.0158422,2
1273844385,05/14/2010 13:39:45,2,docr,29.38,2,13.404,2,33.147,2,5.584,2,82.08,2,1499.82,2,24.8786,2,35.16404433,2,-123.01581826,2
1273844400,05/14/2010 13:40:00,2,docr,29.38,2,13.404,2,33.146,2,5.58,2,82,2,1499.819,2,24.8778,2,35.163972,2,-123.015799,2
1273844415,05/14/2010 13:40:15,2,docr,32.86,2,13.403,2,33.146,2,5.578,2,81.98,2,1499.873,2,24.8781,2,35.16394106,2,-123.01577633,2
1273844430,05/14/2010 13:40:30,2,docr,33.25,2,13.404,2,33.146,2,5.583,2,82.02,2,1499.883,2,24.8779,2,35.1638834,2,-123.01575666,2
1273844445,05/14/2010 13:40:45,2,docr,35.24,2,13.405,2,33.146,2,5.582,2,82.03,2,1499.919,2,24.8777,2,35.163815,2,-123.015745,2
1273844460,05/14/2010 13:41:00,2,docr,38.71,2,13.406,2,33.147,2,5.582,2,82.1,2,1499.982,2,24.8784,2,35.16382686,2,-123.0157644,2
1273844475,05/14/2010 13:41:15,2,docr,39.31,2,13.407,2,33.147,2,5.582,2,82.1,2,1499.995,2,24.8782,2,35.16379393,2,-123.015729,2
1273844490,05/14/2010 13:41:30,2,docr,41.19,2,13.411,2,33.148,2,5.586,2,82.1,2,1500.041,2,24.8782,2,35.1637664,2,-123.0156982,2
1273844505,05/14/2010 13:41:45,2,docr,43.08,2,13.412,2,33.148,2,5.589,2,82.09,2,1500.076,2,24.8781,2,35.163752,2,-123.015703,2
1273844520,05/14/2010 13:42:00,2,docr,46.95,2,13.413,2,33.15,2,5.591,2,82.13,2,1500.146,2,24.8795,2,35.163752,2,-123.015703,2
1273844535,05/14/2010 13:42:15,2,docr,53,2,13.415,2,33.152,2,5.601,2,81.96,2,1500.255,2,24.8809,2,35.16373866,2,-123.0156986,2
1273844550,05/14/2010 13:42:30,2,docr,59.65,2,13.413,2,33.153,2,5.602,2,81.89,2,1500.361,2,24.8822,2,35.163652,2,-123.01567,2
1273844565,05/14/2010 13:42:45,2,docr,66,2,13.388,2,33.149,2,5.603,2,82.18,2,1500.379,2,24.8843,2,35.16390446,2,-123.01591273,2
1273844580,05/14/2010 13:43:00,2,docr,70.37,2,13.323,2,33.143,2,5.599,2,82.29,2,1500.229,2,24.8928,2,35.16387473,2,-123.01591553,2
1273844595,05/14/2010 13:43:15,2,docr,74.64,2,13.274,2,33.134,2,5.594,2,82.45,2,1500.127,2,24.8958,2,35.1638488,2,-123.015916,2
1273844610,05/14/2010 13:43:30,2,docr,79.8,2,12.666,2,33.122,2,5.486,2,83.5,2,1498.163,2,25.0063,2,35.163848,2,-123.01592,2
1273844625,05/14/2010 13:43:45,2,docr,85.16,2,11.858,2,33.185,2,4.994,2,83.73,2,1495.574,2,25.2087,2,35.1637864,2,-123.015892,2
1273844640,05/14/2010 13:44:00,2,docr,90.41,2,11.491,2,33.247,2,4.637,2,83.73,2,1494.466,2,25.3247,2,35.1637868,2,-123.0158962,2
1273844655,05/14/2010 13:44:15,2,docr,94.78,2,11.165,2,33.302,2,4.309,2,83.85,2,1493.467,2,25.4265,2,35.163829,2,-123.015917,2
1273844670,05/14/2010 13:44:30,2,docr,95.47,2,10.992,2,33.339,2,4.136,2,83.9,2,1492.916,2,25.4862,2,35.16381473,2,-123.0159114,2
1273844685,05/14/2010 13:44:45,2,docr,95.18,2,10.943,2,33.349,2,4.058,2,83.92,2,1492.751,2,25.5026,2,35.1638212,2,-123.01591693,2
1273844700,05/14/2010 13:45:00,2,docr,95.18,2,10.944,2,33.349,2,4.031,2,83.95,2,1492.754,2,25.5025,2,35.16382566,2,-123.01591806,2
1273844715,05/14/2010 13:45:15,2,docr,95.28,2,10.899,2,33.357,2,4.003,2,83.94,2,1492.607,2,25.5166,2,35.163787,2,-123.015885,2
1273844730,05/14/2010 13:45:30,2,docr,95.77,2,10.888,2,33.36,2,3.982,2,83.96,2,1492.58,2,25.5209,2,35.1638038,2,-123.01589193,2
1273844745,05/14/2010 13:45:45,2,docr,99.05,2,10.866,2,33.347,2,3.999,2,83.96,2,1492.541,2,25.5148,2,35.16379193,2,-123.0158766,2
1273844760,05/14/2010 13:46:00,2,docr,104.7,2,10.571,2,33.32,2,4.027,2,84.02,2,1491.558,2,25.5454,2,35.163777,2,-123.015854,2
1273844775,05/14/2010 13:46:15,2,docr,111.65,2,10.199,2,33.335,2,4.076,2,84.13,2,1490.362,2,25.621,2,35.163839,2,-123.01586886,2
1273844790,05/14/2010 13:46:30,2,docr,118.89,2,10.12,2,33.41,2,3.931,2,84.11,2,1490.29,2,25.693,2,35.1638272,2,-123.0158544,2
1273844805,05/14/2010 13:46:45,2,docr,125.74,2,10.052,2,33.473,2,3.729,2,84.19,2,1490.236,2,25.7538,2,35.16381733,2,-123.0158474,2
1273844820,05/14/2010 13:47:00,2,docr,131.59,2,9.936,2,33.525,2,3.583,2,84.21,2,1489.978,2,25.8139,2,35.16383326,2,-123.01585633,2
1273844835,05/14/2010 13:47:15,2,docr,137.05,2,9.779,2,33.579,2,3.441,2,84.23,2,1489.566,2,25.8823,2,35.16383466,2,-123.01583153,2
1273844850,05/14/2010 13:47:30,2,docr,142.3,2,9.665,2,33.645,2,3.309,2,84.25,2,1489.32,2,25.9528,2,35.16384966,2,-123.01581986,2
1273844865,05/14/2010 13:47:45,2,docr,145.08,2,9.579,2,33.686,2,3.166,2,84.28,2,1489.104,2,25.999,2,35.163877,2,-123.015833,2
1273844880,05/14/2010 13:48:00,2,docr,144.29,2,9.547,2,33.698,2,3.123,2,84.28,2,1488.989,2,26.0136,2,35.16383533,2,-123.01580853,2
1273844895,05/14/2010 13:48:15,2,docr,146.07,2,9.526,2,33.71,2,3.091,2,84.32,2,1488.956,2,26.0264,2,35.16383953,2,-123.015811,2
1273844910,05/14/2010 13:48:30,2,docr,150.93,2,9.559,2,33.738,2,3.018,2,84.27,2,1489.192,2,26.043,2,35.1638386,2,-123.0158094,2
1273844925,05/14/2010 13:48:45,2,docr,156.69,2,9.573,2,33.803,2,2.79,2,84.32,2,1489.418,2,26.0916,2,35.1637834,2,-123.0157774,2
1273844940,05/14/2010 13:49:00,2,docr,162.84,2,9.421,2,33.839,2,2.63,2,84.43,2,1489.009,2,26.1447,2,35.16383913,2,-123.01578153,2
1273844955,05/14/2010 13:49:15,2,docr,168.59,2,9.267,2,33.869,2,2.544,2,84.48,2,1488.578,2,26.1932,2,35.1638446,2,-123.0157714,2
1273844970,05/14/2010 13:49:30,2,docr,173.85,2,9.187,2,33.904,2,2.497,2,84.47,2,1488.414,2,26.2335,2,35.163839,2,-123.015748,2
1273844985,05/14/2010 13:49:45,2,docr,179,2,9.148,2,33.934,2,2.38,2,84.51,2,1488.393,2,26.2633,2,35.16376486,2,-123.01571546,2
1273845000,05/14/2010 13:50:00,2,docr,184.06,2,9.032,2,33.937,2,2.355,2,84.54,2,1488.053,2,26.2842,2,35.1637668,2,-123.0157182,2
1273845015,05/14/2010 13:50:15,2,docr,189.12,2,8.91,2,33.954,2,2.375,2,84.58,2,1487.707,2,26.3168,2,35.1637584,2,-123.0157154,2
1273845030,05/14/2010 13:50:30,2,docr,194.08,2,8.841,2,33.977,2,2.305,2,84.62,2,1487.562,2,26.3457,2,35.16376853,2,-123.01571793,2
1273845045,05/14/2010 13:50:45,2,docr,198.94,2,8.777,2,33.995,2,2.272,2,84.64,2,1487.428,2,26.3699,2,35.16368106,2,-123.01567293,2
1273845060,05/14/2010 13:51:00,2,docr,203.8,2,8.715,2,34.01,2,2.2,2,84.67,2,1487.297,2,26.3914,2,35.16367086,2,-123.0156702,2
1273845075,05/14/2010 13:51:15,2,docr,208.86,2,8.649,2,34.023,2,2.122,2,84.67,2,1487.151,2,26.4119,2,35.163707,2,-123.015693,2
1273845090,05/14/2010 13:51:30,2,docr,213.81,2,8.6,2,34.031,2,2.095,2,84.66,2,1487.061,2,26.4258,2,35.163636,2,-123.015647,2
1273845105,05/14/2010 13:51:45,2,docr,218.38,2,8.584,2,34.034,2,2.068,2,84.7,2,1487.08,2,26.4307,2,35.16364833,2,-123.01566093,2
1273845120,05/14/2010 13:52:00,2,docr,222.04,2,8.52,2,34.034,2,2.053,2,84.69,2,1486.902,2,26.4406,2,35.1636638,2,-123.0156752,2
1273845135,05/14/2010 13:52:15,2,docr,227,2,8.443,2,34.033,2,2.062,2,84.72,2,1486.695,2,26.4516,2,35.16362126,2,-123.01565653,2
1273845150,05/14/2010 13:52:30,2,docr,232.46,2,8.365,2,34.036,2,2.085,2,84.73,2,1486.497,2,26.4659,2,35.1636476,2,-123.01565026,2
1273845165,05/14/2010 13:52:45,2,docr,238.01,2,8.328,2,34.039,2,2.09,2,84.74,2,1486.454,2,26.474,2,35.16358386,2,-123.0156312,2
1273845180,05/14/2010 13:53:00,2,docr,243.66,2,8.256,2,34.044,2,2.063,2,84.74,2,1486.284,2,26.4888,2,35.163474,2,-123.015601,2
1273845195,05/14/2010 13:53:15,2,docr,249.11,2,8.185,2,34.052,2,1.988,2,84.77,2,1486.117,2,26.5058,2,35.16359633,2,-123.01569206,2
1273845210,05/14/2010 13:53:30,2,docr,254.67,2,8.085,2,34.059,2,1.899,2,84.79,2,1485.84,2,26.5263,2,35.16357133,2,-123.01569246,2
1273845225,05/14/2010 13:53:45,2,docr,260.61,2,7.973,2,34.051,2,1.866,2,84.82,2,1485.506,2,26.5367,2,35.16356446,2,-123.0156908,2
1273845240,05/14/2010 13:54:00,2,docr,267.65,2,7.745,2,34.035,2,1.85,2,84.88,2,1484.736,2,26.5575,2,35.163555,2,-123.015685,2
1273845255,05/14/2010 13:54:15,2,docr,275.88,2,7.573,2,34.037,2,1.849,2,84.89,2,1484.219,2,26.5839,2,35.1635614,2,-123.015685,2
1273845270,05/14/2010 13:54:30,2,docr,284.41,2,7.505,2,34.044,2,1.79,2,84.89,2,1484.109,2,26.5992,2,35.1635314,2,-123.015677,2
1273845285,05/14/2010 13:54:45,2,docr,293.13,2,7.429,2,34.056,2,1.701,2,84.89,2,1483.977,2,26.6195,2,35.163484,2,-123.015674,2
1273845300,05/14/2010 13:55:00,2,docr,301.85,2,7.317,2,34.057,2,1.629,2,84.9,2,1483.692,2,26.6362,2,35.163489,2,-123.015677,2
1273845315,05/14/2010 13:55:15,2,docr,310.78,2,7.189,2,34.066,2,1.573,2,84.91,2,1483.358,2,26.6612,2,35.16354473,2,-123.01570093,2
1273845330,05/14/2010 13:55:30,2,docr,319.6,2,7.164,2,34.081,2,1.475,2,84.89,2,1483.426,2,26.6766,2,35.163557,2,-123.0157064,2
1273845345,05/14/2010 13:55:45,2,docr,328.32,2,7.165,2,34.101,2,1.384,2,84.9,2,1483.6,2,26.6924,2,35.163461,2,-123.015668,2
1273845360,05/14/2010 13:56:00,2,docr,337.14,2,7.16,2,34.116,2,1.289,2,84.9,2,1483.746,2,26.705,2,35.16357186,2,-123.0157248,2
1273845375,05/14/2010 13:56:15,2,docr,345.46,2,7.101,2,34.12,2,1.207,2,84.9,2,1483.661,2,26.7164,2,35.163615,2,-123.01574286,2
1273845390,05/14/2010 13:56:30,2,docr,353.79,2,6.94,2,34.114,2,1.179,2,84.92,2,1483.167,2,26.7338,2,35.163629,2,-123.015737,2
1273845405,05/14/2010 13:56:45,2,docr,362.81,2,6.962,2,34.147,2,1.121,2,84.91,2,1483.444,2,26.7569,2,35.163632,2,-123.01573,2
1273845420,05/14/2010 13:57:00,2,docr,372.32,2,6.976,2,34.169,2,0.988,2,84.9,2,1483.684,2,26.7725,2,35.163641,2,-123.01573666,2
1273845435,05/14/2010 13:57:15,2,docr,381.73,2,6.881,2,34.165,2,0.935,2,84.9,2,1483.466,2,26.7823,2,35.1636328,2,-123.0157354,2
1273845450,05/14/2010 13:57:30,2,docr,391.24,2,6.755,2,34.161,2,0.915,2,84.93,2,1483.128,2,26.7963,2,35.163568,2,-123.015709,2
1273845465,05/14/2010 13:57:45,2,docr,400.56,2,6.699,2,34.168,2,0.892,2,84.93,2,1483.072,2,26.8094,2,35.16358026,2,-123.01569593,2
1273845480,05/14/2010 13:58:00,2,docr,409.87,2,6.646,2,34.178,2,0.84,2,84.93,2,1483.032,2,26.8244,2,35.163528,2,-123.0157372,2
1273845495,05/14/2010 13:58:15,2,docr,419.18,2,6.586,2,34.196,2,0.78,2,84.94,2,1482.975,2,26.8467,2,35.163438,2,-123.015817,2
1273845510,05/14/2010 13:58:30,2,docr,428.5,2,6.515,2,34.202,2,0.717,2,84.95,2,1482.858,2,26.8609,2,35.163435,2,-123.01582,2
1273845525,05/14/2010 13:58:45,2,docr,437.71,2,6.459,2,34.204,2,0.693,2,84.96,2,1482.794,2,26.8699,2,35.1634362,2,-123.0158122,2
1273845540,05/14/2010 13:59:00,2,docr,447.02,2,6.414,2,34.214,2,0.664,2,84.98,2,1482.784,2,26.8838,2,35.16343613,2,-123.0157552,2
1273845555,05/14/2010 13:59:15,2,docr,456.33,2,6.377,2,34.223,2,0.623,2,84.98,2,1482.805,2,26.8958,2,35.163428,2,-123.015554,2
1273845570,05/14/2010 13:59:30,2,docr,465.64,2,6.328,2,34.229,2,0.59,2,84.98,2,1482.774,2,26.907,2,35.1634312,2,-123.0155428,2
1273845585,05/14/2010 13:59:45,2,docr,475.05,2,6.262,2,34.231,2,0.562,2,84.99,2,1482.672,2,26.9172,2,35.1634212,2,-123.0155388,2
1273845600,05/14/2010 14:00:00,2,docr,484.36,2,6.189,2,34.235,2,0.544,2,85,2,1482.543,2,26.9298,2,35.163405,2,-123.015537,2
1273845615,05/14/2010 14:00:15,2,docr,493.67,2,6.138,2,34.24,2,0.522,2,85.01,2,1482.502,2,26.9403,2,35.163405,2,-123.0155462,2
1273845630,05/14/2010 14:00:30,2,docr,503.08,2,6.101,2,34.244,2,0.503,2,85.01,2,1482.517,2,26.9483,2,35.1633306,2,-123.015727,2
1273845645,05/14/2010 14:00:45,2,docr,512.38,2,6.076,2,34.249,2,0.489,2,85.02,2,1482.579,2,26.9555,2,35.1632786,2,-123.0158466,2
1273845660,05/14/2010 14:01:00,2,docr,521.69,2,6.011,2,34.247,2,0.474,2,85.02,2,1482.473,2,26.9622,2,35.16326153,2,-123.01584406,2
1273845675,05/14/2010 14:01:15,2,docr,530.9,2,5.917,2,34.248,2,0.464,2,85.04,2,1482.253,2,26.9748,2,35.16324046,2,-123.01580506,2
1273845690,05/14/2010 14:01:30,2,docr,540.21,2,5.869,2,34.254,2,0.447,2,85.04,2,1482.224,2,26.9856,2,35.163331,2,-123.01575306,2
1273845705,05/14/2010 14:01:45,2,docr,549.41,2,5.785,2,34.258,2,0.429,2,85.05,2,1482.047,2,26.9993,2,35.163598,2,-123.015627,2
1273845720,05/14/2010 14:02:00,2,docr,558.72,2,5.732,2,34.264,2,0.41,2,85.05,2,1481.998,2,27.0106,2,35.1635494,2,-123.0157714,2
1273845735,05/14/2010 14:02:15,2,docr,568.13,2,5.714,2,34.274,2,0.39,2,85.05,2,1482.095,2,27.0208,2,35.1634972,2,-123.0157544,2
1273845750,05/14/2010 14:02:30,2,docr,577.53,2,5.612,2,34.268,2,0.381,2,85.06,2,1481.835,2,27.0286,2,35.1634652,2,-123.0157428,2
1273845765,05/14/2010 14:02:45,2,docr,586.84,2,5.552,2,34.271,2,0.374,2,85.07,2,1481.752,2,27.0383,2,35.16347,2,-123.015746,2
1273845780,05/14/2010 14:03:00,2,docr,596.04,2,5.401,2,34.255,2,0.371,2,85.08,2,1481.276,2,27.0437,2,35.1634708,2,-123.0157652,2
1273845795,05/14/2010 14:03:15,2,docr,605.34,2,5.245,2,34.247,2,0.379,2,85.1,2,1480.79,2,27.0558,2,35.1634742,2,-123.01576,2
1273845810,05/14/2010 14:03:30,2,docr,614.05,2,5.203,2,34.254,2,0.374,2,85.11,2,1480.774,2,27.0663,2,35.163479,2,-123.015745,2
1273845825,05/14/2010 14:03:45,2,docr,622.07,2,5.197,2,34.269,2,0.357,2,85.1,2,1480.902,2,27.079,2,35.16355593,2,-123.01574506,2
1273845840,05/14/2010 14:04:00,2,docr,629.69,2,5.179,2,34.275,2,0.338,2,85.11,2,1480.964,2,27.0859,2,35.1635494,2,-123.0157086,2
1273845855,05/14/2010 14:04:15,2,docr,637.41,2,5.147,2,34.283,2,0.325,2,85.12,2,1480.973,2,27.096,2,35.16355493,2,-123.01568926,2
1273845870,05/14/2010 14:04:30,2,docr,645.23,2,5.15,2,34.292,2,0.315,2,85.12,2,1481.127,2,27.1029,2,35.16359506,2,-123.015706,2
1273845885,05/14/2010 14:04:45,2,docr,653.74,2,5.145,2,34.302,2,0.305,2,85.12,2,1481.261,2,27.1115,2,35.1635926,2,-123.0157028,2
1273845900,05/14/2010 14:05:00,2,docr,662.74,2,5.121,2,34.312,2,0.293,2,85.12,2,1481.326,2,27.1223,2,35.1634352,2,-123.01561866,2
1273845915,05/14/2010 14:05:15,2,docr,671.55,2,5.07,2,34.312,2,0.284,2,85.12,2,1481.266,2,27.1282,2,35.163006,2,-123.015403,2
1273845930,05/14/2010 14:05:30,2,docr,680.36,2,5.047,2,34.319,2,0.283,2,85.12,2,1481.328,2,27.1365,2,35.163233,2,-123.015833,2
1273845945,05/14/2010 14:05:45,2,docr,689.36,2,5.028,2,34.327,2,0.278,2,85.13,2,1481.411,2,27.1451,2,35.1634682,2,-123.0156692,2
1273845960,05/14/2010 14:06:00,2,docr,698.36,2,4.988,2,34.331,2,0.274,2,85.13,2,1481.403,2,27.1529,2,35.1636244,2,-123.0155586,2
1273845975,05/14/2010 14:06:15,2,docr,707.27,2,4.95,2,34.332,2,0.272,2,85.12,2,1481.398,2,27.1581,2,35.163622,2,-123.015553,2
1273845990,05/14/2010 14:06:30,2,docr,716.07,2,4.924,2,34.338,2,0.271,2,85.13,2,1481.446,2,27.1659,2,35.1636164,2,-123.0155546,2
1273846005,05/14/2010 14:06:45,2,docr,724.88,2,4.899,2,34.34,2,0.271,2,85.12,2,1481.494,2,27.1704,2,35.1632898,2,-123.0157414,2
1273846020,05/14/2010 14:07:00,2,docr,733.78,2,4.872,2,34.345,2,0.268,2,85.14,2,1481.538,2,27.1774,2,35.162802,2,-123.016021,2
1273846035,05/14/2010 14:07:15,2,docr,742.88,2,4.809,2,34.343,2,0.269,2,85.14,2,1481.43,2,27.183,2,35.162865,2,-123.016031,2
1273846050,05/14/2010 14:07:30,2,docr,750.99,2,4.762,2,34.351,2,0.265,2,85.14,2,1481.383,2,27.1946,2,35.1628728,2,-123.0160514,2
1273846065,05/14/2010 14:07:45,2,docr,758.11,2,4.74,2,34.353,2,0.266,2,85.14,2,1481.414,2,27.1987,2,35.1628036,2,-123.0160638,2
1273846080,05/14/2010 14:08:00,2,docr,764.93,2,4.727,2,34.36,2,0.269,2,85.14,2,1481.484,2,27.2058,2,35.16253773,2,-123.0161262,2
1273846095,05/14/2010 14:08:15,2,docr,772.65,2,4.715,2,34.363,2,0.268,2,85.14,2,1481.567,2,27.2096,2,35.1626216,2,-123.0161382,2
1273846110,05/14/2010 14:08:30,2,docr,782.54,2,4.65,2,34.367,2,0.267,2,85.14,2,1481.47,2,27.22,2,35.16264493,2,-123.0161428,2
1273846125,05/14/2010 14:08:45,2,docr,793.42,2,4.633,2,34.378,2,0.271,2,85.14,2,1481.596,2,27.2307,2,35.16265,2,-123.016153,2
1273846140,05/14/2010 14:09:00,2,docr,804.19,2,4.584,2,34.383,2,0.278,2,85.14,2,1481.581,2,27.2401,2,35.16233953,2,-123.01610486,2
1273846155,05/14/2010 14:09:15,2,docr,814.38,2,4.52,2,34.384,2,0.281,2,85.15,2,1481.489,2,27.2479,2,35.1623166,2,-123.01603526,2
1273846170,05/14/2010 14:09:30,2,docr,824.37,2,4.464,2,34.386,2,0.284,2,85.15,2,1481.427,2,27.2556,2,35.1622844,2,-123.0159812,2
1273846185,05/14/2010 14:09:45,2,docr,833.96,2,4.435,2,34.392,2,0.291,2,85.16,2,1481.475,2,27.2636,2,35.162294,2,-123.016014,2
1273846200,05/14/2010 14:10:00,2,docr,843.55,2,4.419,2,34.4,2,0.296,2,85.15,2,1481.58,2,27.2718,2,35.1622932,2,-123.015982,2
1273846215,05/14/2010 14:10:15,2,docr,851.85,2,4.393,2,34.401,2,0.301,2,85.16,2,1481.613,2,27.2754,2,35.16229833,2,-123.01600186,2
1273846230,05/14/2010 14:10:30,2,docr,859.36,2,4.372,2,34.401,2,0.303,2,85.16,2,1481.651,2,27.2777,2,35.162308,2,-123.016051,2
1273846245,05/14/2010 14:10:45,2,docr,866.88,2,4.374,2,34.408,2,0.304,2,85.15,2,1481.794,2,27.2831,2,35.162292,2,-123.015978,2
1273846260,05/14/2010 14:11:00,2,docr,876.07,2,4.365,2,34.41,2,0.315,2,85.15,2,1481.913,2,27.2858,2,35.16229753,2,-123.0159912,2
1273846275,05/14/2010 14:11:15,2,docr,886.55,2,4.321,2,34.412,2,0.319,2,85.15,2,1481.909,2,27.2921,2,35.1625512,2,-123.0159376,2
1273846290,05/14/2010 14:11:30,2,docr,897.22,2,4.295,2,34.417,2,0.326,2,85.16,2,1481.986,2,27.2989,2,35.16355013,2,-123.0156916,2
1273846305,05/14/2010 14:11:45,2,docr,907.8,2,4.266,2,34.421,2,0.338,2,85.16,2,1482.048,2,27.3052,2,35.162514,2,-123.0159606,2
1273846320,05/14/2010 14:12:00,2,docr,918.18,2,4.206,2,34.42,2,0.346,2,85.16,2,1481.971,2,27.3108,2,35.162259,2,-123.016014,2
1273846335,05/14/2010 14:12:15,2,docr,928.16,2,4.158,2,34.424,2,0.345,2,85.17,2,1481.944,2,27.3191,2,35.162265,2,-123.015993,2
1273846350,05/14/2010 14:12:30,2,docr,937.94,2,4.168,2,34.436,2,0.362,2,85.16,2,1482.165,2,27.3277,2,35.16226566,2,-123.01599093,2
1273846365,05/14/2010 14:12:45,2,docr,947.53,2,4.153,2,34.437,2,0.377,2,85.16,2,1482.265,2,27.3301,2,35.162275,2,-123.0160346,2
1273846380,05/14/2010 14:13:00,2,docr,957.01,2,4.106,2,34.441,2,0.389,2,85.17,2,1482.233,2,27.3382,2,35.1622826,2,-123.0160554,2
1273846395,05/14/2010 14:13:15,2,docr,966.1,2,4.068,2,34.444,2,0.402,2,85.17,2,1482.231,2,27.3446,2,35.1625498,2,-123.0160866,2
1273846410,05/14/2010 14:13:30,2,docr,975.39,2,4.037,2,34.447,2,0.411,2,85.17,2,1482.261,2,27.3502,2,35.1623954,2,-123.0159062,2
1273846425,05/14/2010 14:13:45,2,docr,984.18,2,4.003,2,34.449,2,0.42,2,85.17,2,1482.269,2,27.3554,2,35.1623226,2,-123.015855,2
1273846440,05/14/2010 14:14:00,2,docr,993.17,2,3.983,2,34.451,2,0.426,2,85.16,2,1482.339,2,27.3591,2,35.162316,2,-123.015846,2
1273846455,05/14/2010 14:14:15,2,docr,1001.97,2,3.962,2,34.454,2,0.444,2,85.18,2,1482.402,2,27.3637,2,35.162319,2,-123.015832,2
1273846470,05/14/2010 14:14:30,2,docr,1010.66,2,3.935,2,34.455,2,0.444,2,85.18,2,1482.437,2,27.3673,2,35.162319,2,-123.015832,2
1273846485,05/14/2010 14:14:45,2,docr,1019.25,2,3.908,2,34.458,2,0.451,2,85.18,2,1482.472,2,27.3724,2,35.162319,2,-123.015832,2
1273846500,05/14/2010 14:15:00,2,docr,1027.95,2,3.886,2,34.461,2,0.466,2,85.16,2,1482.529,2,27.3771,2,35.162319,2,-123.015832,2
1273846515,05/14/2010 14:15:15,2,docr,1036.74,2,3.866,2,34.464,2,0.473,2,85.04,2,1482.597,2,27.3816,2,35.162807,2,-123.0149356,2
1273846530,05/14/2010 14:15:30,2,docr,1045.82,2,3.846,2,34.465,2,0.48,2,85.05,2,1482.667,2,27.3845,2,35.1630454,2,-123.0144982,2
1273846545,05/14/2010 14:15:45,2,docr,1054.81,2,3.819,2,34.467,2,0.494,2,85.06,2,1482.707,2,27.3888,2,35.163037,2,-123.014521,2
1273846560,05/14/2010 14:16:00,2,docr,1063.9,2,3.795,2,34.47,2,0.501,2,85.06,2,1482.763,2,27.3937,2,35.163043,2,-123.014509,2
1273846575,05/14/2010 14:16:15,2,docr,1073.18,2,3.777,2,34.473,2,0.515,2,85.06,2,1482.847,2,27.3979,2,35.1630446,2,-123.0145046,2
1273846590,05/14/2010 14:16:30,2,docr,1082.27,2,3.758,2,34.476,2,0.523,2,85.07,2,1482.924,2,27.4023,2,35.1628494,2,-123.0147406,2
1273846605,05/14/2010 14:16:45,2,docr,1091.45,2,3.746,2,34.479,2,0.538,2,85.08,2,1483.031,2,27.4059,2,35.16212066,2,-123.015717,2
1273846620,05/14/2010 14:17:00,2,docr,1100.53,2,3.739,2,34.482,2,0.547,2,85.08,2,1483.159,2,27.4091,2,35.1619362,2,-123.0156892,2
1273846635,05/14/2010 14:17:15,2,docr,1109.91,2,3.729,2,34.487,2,0.562,2,85.08,2,1483.281,2,27.4141,2,35.16190506,2,-123.01568133,2
1273846650,05/14/2010 14:17:30,2,docr,1119.2,2,3.708,2,34.489,2,0.575,2,85.09,2,1483.351,2,27.4179,2,35.161987,2,-123.015682,2
1273846665,05/14/2010 14:17:45,2,docr,1128.28,2,3.685,2,34.491,2,0.586,2,85.09,2,1483.409,2,27.4218,2,35.16200046,2,-123.01570126,2
1273846680,05/14/2010 14:18:00,2,docr,1137.26,2,3.665,2,34.492,2,0.595,2,85.09,2,1483.478,2,27.4246,2,35.16197593,2,-123.0157034,2
1273846695,05/14/2010 14:18:15,2,docr,1145.95,2,3.643,2,34.494,2,0.604,2,85.09,2,1483.534,2,27.4284,2,35.1619144,2,-123.01568713,2
1273846710,05/14/2010 14:18:30,2,docr,1155.03,2,3.623,2,34.495,2,0.611,2,85.2,2,1483.603,2,27.4312,2,35.161894,2,-123.015607,2
1273846725,05/14/2010 14:18:45,2,docr,1163.62,2,3.598,2,34.498,2,0.623,2,85.22,2,1483.646,2,27.4361,2,35.16188666,2,-123.0156766,2
1273846740,05/14/2010 14:19:00,2,docr,1172.7,2,3.563,2,34.5,2,0.636,2,85.19,2,1483.654,2,27.4412,2,35.1619648,2,-123.01571246,2
1273846755,05/14/2010 14:19:15,2,docr,1181.68,2,3.534,2,34.502,2,0.649,2,85.2,2,1483.685,2,27.4456,2,35.162028,2,-123.015728,2
1273846770,05/14/2010 14:19:30,2,docr,1190.77,2,3.517,2,34.502,2,0.655,2,85.21,2,1483.766,2,27.4473,2,35.16194433,2,-123.01570313,2
1273846785,05/14/2010 14:19:45,2,docr,1199.85,2,3.487,2,34.503,2,0.661,2,85.23,2,1483.794,2,27.4511,2,35.1619578,2,-123.015688,2
1273846800,05/14/2010 14:20:00,2,docr,1208.73,2,3.469,2,34.505,2,0.67,2,85.23,2,1483.87,2,27.4544,2,35.16193626,2,-123.01565753,2
1273846815,05/14/2010 14:20:15,2,docr,1217.81,2,3.462,2,34.508,2,0.678,2,85.23,2,1483.997,2,27.4576,2,35.161874,2,-123.015547,2
1273846830,05/14/2010 14:20:30,2,docr,1226.99,2,3.442,2,34.509,2,0.685,2,85.23,2,1484.068,2,27.4603,2,35.16172726,2,-123.01557593,2
1273846845,05/14/2010 14:20:45,2,docr,1236.26,2,3.42,2,34.509,2,0.691,2,85.23,2,1484.131,2,27.4625,2,35.16170666,2,-123.01562533,2
1273846860,05/14/2010 14:21:00,2,docr,1245.34,2,3.395,2,34.51,2,0.694,2,85.22,2,1484.179,2,27.4657,2,35.161734,2,-123.015659,2
1273846875,05/14/2010 14:21:15,2,docr,1254.61,2,3.37,2,34.512,2,0.701,2,85.22,2,1484.232,2,27.4697,2,35.16166706,2,-123.0156274,2
1273846890,05/14/2010 14:21:30,2,docr,1264.19,2,3.335,2,34.516,2,0.718,2,85.23,2,1484.25,2,27.4763,2,35.1616746,2,-123.0156194,2
1273846905,05/14/2010 14:21:45,2,docr,1273.66,2,3.313,2,34.517,2,0.731,2,85.22,2,1484.318,2,27.4792,2,35.16169153,2,-123.01563606,2
1273846920,05/14/2010 14:22:00,2,docr,1283.03,2,3.285,2,34.518,2,0.74,2,85.22,2,1484.358,2,27.4827,2,35.1616482,2,-123.015554,2
1273846935,05/14/2010 14:22:15,2,docr,1292.7,2,3.245,2,34.517,2,0.745,2,85.23,2,1484.35,2,27.4857,2,35.16173886,2,-123.01553393,2
1273846950,05/14/2010 14:22:30,2,docr,1302.17,2,3.192,2,34.51,2,0.73,2,85.25,2,1484.275,2,27.485,2,35.16178573,2,-123.01554966,2
1273846965,05/14/2010 14:22:45,2,docr,1311.64,2,3.143,2,34.509,2,0.701,2,85.26,2,1484.225,2,27.4888,2,35.161758,2,-123.015582,2
1273846980,05/14/2010 14:23:00,2,docr,1320.91,2,3.122,2,34.512,2,0.698,2,85.26,2,1484.295,2,27.4932,2,35.16183286,2,-123.0156218,2
1273846995,05/14/2010 14:23:15,2,docr,1330.28,2,3.109,2,34.513,2,0.702,2,85.26,2,1484.399,2,27.4952,2,35.16188233,2,-123.01564406,2
1273847010,05/14/2010 14:23:30,2,docr,1339.55,2,3.074,2,34.514,2,0.716,2,85.26,2,1484.408,2,27.4992,2,35.16190386,2,-123.0156798,2
1273847025,05/14/2010 14:23:45,2,docr,1348.92,2,3.055,2,34.517,2,0.725,2,85.27,2,1484.489,2,27.5034,2,35.16185,2,-123.015623,2
1273847040,05/14/2010 14:24:00,2,docr,1358.29,2,3.04,2,34.519,2,0.732,2,85.26,2,1484.586,2,27.5064,2,35.1617884,2,-123.01570166,2
1273847055,05/14/2010 14:24:15,2,docr,1367.27,2,3.028,2,34.523,2,0.749,2,85.26,2,1484.691,2,27.5108,2,35.16172353,2,-123.01574013,2
1273847070,05/14/2010 14:24:30,2,docr,1375.84,2,3.049,2,34.532,2,0.784,2,85.24,2,1484.938,2,27.5161,2,35.161673,2,-123.015705,2
1273847085,05/14/2010 14:24:45,2,docr,1384.13,2,3.025,2,34.531,2,0.815,2,85.25,2,1484.974,2,27.5176,2,35.16169046,2,-123.01572546,2
1273847100,05/14/2010 14:25:00,2,docr,1392.81,2,3.033,2,34.537,2,0.838,2,85.24,2,1485.162,2,27.5217,2,35.16168633,2,-123.0157078,2
1273847115,05/14/2010 14:25:15,2,docr,1401.19,2,3.02,2,34.536,2,0.862,2,85.24,2,1485.247,2,27.5221,2,35.16169846,2,-123.01569506,2
1273847130,05/14/2010 14:25:30,2,docr,1409.96,2,2.992,2,34.538,2,0.867,2,85.24,2,1485.278,2,27.5263,2,35.16164,2,-123.015752,2
1273847145,05/14/2010 14:25:45,2,docr,1418.64,2,2.979,2,34.538,2,0.882,2,85.24,2,1485.37,2,27.5275,2,35.16156186,2,-123.01571546,2
1273847160,05/14/2010 14:26:00,2,docr,1427.41,2,2.955,2,34.539,2,0.882,2,85.24,2,1485.416,2,27.5305,2,35.1615798,2,-123.0157026,2
1273847175,05/14/2010 14:26:15,2,docr,1436.29,2,2.933,2,34.538,2,0.886,2,85.24,2,1485.471,2,27.5317,2,35.161599,2,-123.015678,2
1273847190,05/14/2010 14:26:30,2,docr,1445.06,2,2.904,2,34.538,2,0.887,2,85.25,2,1485.495,2,27.5343,2,35.161529,2,-123.01569486,2
1273847205,05/14/2010 14:26:45,2,docr,1453.73,2,2.883,2,34.54,2,0.888,2,85.24,2,1485.554,2,27.5379,2,35.1615888,2,-123.01567506,2
1273847220,05/14/2010 14:27:00,2,docr,1462.41,2,2.866,2,34.54,2,0.892,2,85.25,2,1485.628,2,27.5394,2,35.1616136,2,-123.01564846,2
1273847235,05/14/2010 14:27:15,2,docr,1471.18,2,2.85,2,34.542,2,0.897,2,85.24,2,1485.711,2,27.5425,2,35.16157,2,-123.015617,2
1273847250,05/14/2010 14:27:30,2,docr,1479.46,2,2.843,2,34.544,2,0.91,2,85.25,2,1485.823,2,27.5447,2,35.16155453,2,-123.01561846,2
1273847265,05/14/2010 14:27:45,2,docr,1486.85,2,2.824,2,34.543,2,0.917,2,85.24,2,1485.866,2,27.5456,2,35.16155706,2,-123.0156302,2
1273847280,05/14/2010 14:28:00,2,docr,1497.1,2,2.81,2,34.547,2,0.928,2,85.25,2,1485.984,2,27.5501,2,35.161557,2,-123.015591,2
1273847295,05/14/2010 14:28:15,2,docr,1505.88,2,2.796,2,34.549,2,0.953,2,85.26,2,1486.075,2,27.553,2,35.16165426,2,-123.0155642,2
1273847310,05/14/2010 14:28:30,2,docr,1514.05,2,2.779,2,34.551,2,0.968,2,85.26,2,1486.144,2,27.5561,2,35.1616054,2,-123.0155252,2
1273847325,05/14/2010 14:28:45,2,docr,1522.04,2,2.764,2,34.551,2,0.982,2,85.26,2,1486.214,2,27.5575,2,35.16158233,2,-123.0154824,2
1273847340,05/14/2010 14:29:00,2,docr,1530.02,2,2.745,2,34.553,2,0.988,2,85.26,2,1486.271,2,27.5608,2,35.161619,2,-123.0154,2
1273847355,05/14/2010 14:29:15,2,docr,1538.69,2,2.732,2,34.555,2,1,2,85.26,2,1486.364,2,27.5636,2,35.16170333,2,-123.0154502,2
1273847370,05/14/2010 14:29:30,2,docr,1547.36,2,2.723,2,34.555,2,1.007,2,85.27,2,1486.472,2,27.5644,2,35.16170213,2,-123.01544386,2
1273847385,05/14/2010 14:29:45,2,docr,1555.93,2,2.713,2,34.556,2,1.016,2,85.27,2,1486.576,2,27.5661,2,35.161657,2,-123.015386,2
1273847400,05/14/2010 14:30:00,2,docr,1564.51,2,2.697,2,34.556,2,1.021,2,85.27,2,1486.653,2,27.5675,2,35.16181,2,-123.015297,2
1273847415,05/14/2010 14:30:15,2,docr,1573.27,2,2.678,2,34.557,2,1.025,2,85.27,2,1486.721,2,27.57,2,35.161852,2,-123.015315,2
1273847430,05/14/2010 14:30:30,2,docr,1582.24,2,2.664,2,34.558,2,1.03,2,85.26,2,1486.814,2,27.5721,2,35.1619184,2,-123.0153406,2
1273847445,05/14/2010 14:30:45,2,docr,1591.2,2,2.644,2,34.559,2,1.031,2,85.26,2,1486.881,2,27.5746,2,35.161848,2,-123.015299,2
1273847460,05/14/2010 14:31:00,2,docr,1600.17,2,2.625,2,34.559,2,1.04,2,85.26,2,1486.951,2,27.5763,2,35.1615992,2,-123.01526006,2
1273847475,05/14/2010 14:31:15,2,docr,1609.13,2,2.606,2,34.561,2,1.05,2,85.26,2,1487.024,2,27.5796,2,35.1614128,2,-123.0152478,2
1273847490,05/14/2010 14:31:30,2,docr,1618.1,2,2.59,2,34.562,2,1.058,2,85.26,2,1487.108,2,27.5818,2,35.161222,2,-123.015249,2
1273847505,05/14/2010 14:31:45,2,docr,1627.06,2,2.575,2,34.564,2,1.072,2,85.26,2,1487.198,2,27.5847,2,35.161225,2,-123.015258,2
1273847520,05/14/2010 14:32:00,2,docr,1636.12,2,2.563,2,34.565,2,1.081,2,85.26,2,1487.302,2,27.5866,2,35.16122873,2,-123.01526973,2
1273847535,05/14/2010 14:32:15,2,docr,1645.08,2,2.548,2,34.566,2,1.089,2,85.27,2,1487.39,2,27.5887,2,35.1612338,2,-123.0152738,2
1273847550,05/14/2010 14:32:30,2,docr,1654.05,2,2.53,2,34.566,2,1.097,2,85.27,2,1487.465,2,27.5903,2,35.161241,2,-123.015249,2
1273847565,05/14/2010 14:32:45,2,docr,1663.2,2,2.515,2,34.568,2,1.109,2,85.28,2,1487.558,2,27.5932,2,35.16146073,2,-123.01541593,2
1273847580,05/14/2010 14:33:00,2,docr,1672.17,2,2.504,2,34.569,2,1.119,2,85.27,2,1487.664,2,27.5949,2,35.16146893,2,-123.01545806,2
1273847595,05/14/2010 14:33:15,2,docr,1681.23,2,2.492,2,34.57,2,1.128,2,85.28,2,1487.768,2,27.5968,2,35.161513,2,-123.015465,2
1273847610,05/14/2010 14:33:30,2,docr,1690.48,2,2.48,2,34.571,2,1.138,2,85.28,2,1487.875,2,27.5987,2,35.1616466,2,-123.01543773,2
1273847625,05/14/2010 14:33:45,2,docr,1699.93,2,2.47,2,34.572,2,1.146,2,85.28,2,1487.993,2,27.6003,2,35.1616428,2,-123.0154332,2
1273847640,05/14/2010 14:34:00,2,docr,1708.89,2,2.454,2,34.573,2,1.156,2,85.28,2,1488.078,2,27.6025,2,35.161555,2,-123.0153902,2
1273847655,05/14/2010 14:34:15,2,docr,1717.95,2,2.439,2,34.574,2,1.17,2,85.28,2,1488.168,2,27.6046,2,35.161199,2,-123.015295,2
1273847670,05/14/2010 14:34:30,2,docr,1727.3,2,2.427,2,34.576,2,1.184,2,85.29,2,1488.278,2,27.6073,2,35.1609486,2,-123.015243,2
1273847685,05/14/2010 14:34:45,2,docr,1736.56,2,2.417,2,34.577,2,1.197,2,85.29,2,1488.394,2,27.609,2,35.160886,2,-123.01523,2
1273847700,05/14/2010 14:35:00,2,docr,1745.81,2,2.404,2,34.578,2,1.209,2,85.29,2,1488.496,2,27.6109,2,35.160886,2,-123.01523,2
1273847715,05/14/2010 14:35:15,2,docr,1755.16,2,2.392,2,34.579,2,1.219,2,85.29,2,1488.605,2,27.6127,2,35.160736,2,-123.014889,2
1273847730,05/14/2010 14:35:30,2,docr,1764.42,2,2.385,2,34.58,2,1.227,2,85.29,2,1488.733,2,27.6142,2,35.1610324,2,-123.0148932,2
1273847745,05/14/2010 14:35:45,2,docr,1773.47,2,2.373,2,34.581,2,1.234,2,85.3,2,1488.837,2,27.616,2,35.161336,2,-123.0148686,2
1273847760,05/14/2010 14:36:00,2,docr,1781.84,2,2.362,2,34.581,2,1.246,2,85.29,2,1488.931,2,27.6169,2,35.16176,2,-123.014759,2
1273847775,05/14/2010 14:36:15,2,docr,1790.01,2,2.35,2,34.583,2,1.256,2,85.29,2,1489.021,2,27.6196,2,35.1618,2,-123.0148254,2
1273847790,05/14/2010 14:36:30,2,docr,1797.88,2,2.338,2,34.583,2,1.266,2,85.3,2,1489.103,2,27.6206,2,35.1617944,2,-123.01484426,2
1273847805,05/14/2010 14:36:45,2,docr,1805.66,2,2.325,2,34.584,2,1.277,2,85.3,2,1489.181,2,27.6225,2,35.161753,2,-123.014874,2
1273847820,05/14/2010 14:37:00,2,docr,1813.33,2,2.304,2,34.586,2,1.292,2,85.3,2,1489.223,2,27.6258,2,35.1616408,2,-123.01461073,2
1273847835,05/14/2010 14:37:15,2,docr,1820.91,2,2.292,2,34.587,2,1.306,2,85.3,2,1489.301,2,27.6276,2,35.16117093,2,-123.0145284,2
1273847850,05/14/2010 14:37:30,2,docr,1828.68,2,2.282,2,34.588,2,1.316,2,85.3,2,1489.392,2,27.6293,2,35.16071493,2,-123.0144666,2
1273847865,05/14/2010 14:37:45,2,docr,1836.36,2,2.275,2,34.589,2,1.325,2,85.3,2,1489.493,2,27.6307,2,35.160635,2,-123.014397,2
1273847880,05/14/2010 14:38:00,2,docr,1844.23,2,2.268,2,34.59,2,1.331,2,85.3,2,1489.599,2,27.6321,2,35.160635,2,-123.014397,2
1273847895,05/14/2010 14:38:15,2,docr,1852.1,2,2.259,2,34.591,2,1.342,2,85.3,2,1489.695,2,27.6337,2,35.160811,2,-123.0145166,2
1273847910,05/14/2010 14:38:30,2,docr,1859.78,2,2.251,2,34.592,2,1.35,2,85.3,2,1489.793,2,27.6352,2,35.161075,2,-123.014696,2
1273847925,05/14/2010 14:38:45,2,docr,1867.55,2,2.245,2,34.592,2,1.358,2,85.3,2,1489.899,2,27.6357,2,35.160952,2,-123.014698,2
1273847940,05/14/2010 14:39:00,2,docr,1875.42,2,2.239,2,34.593,2,1.365,2,85.3,2,1490.009,2,27.637,2,35.1610336,2,-123.01474,2
1273847955,05/14/2010 14:39:15,2,docr,1883.19,2,2.231,2,34.593,2,1.372,2,85.3,2,1490.107,2,27.6377,2,35.1610174,2,-123.0147972,2
1273847970,05/14/2010 14:39:30,2,docr,1891.16,2,2.217,2,34.594,2,1.383,2,85.31,2,1490.183,2,27.6397,2,35.160735,2,-123.014914,2
1273847985,05/14/2010 14:39:45,2,docr,1898.83,2,2.203,2,34.596,2,1.395,2,85.31,2,1490.256,2,27.6425,2,35.160735,2,-123.014914,2
1273848000,05/14/2010 14:40:00,2,docr,1906.6,2,2.192,2,34.597,2,1.41,2,85.29,2,1490.342,2,27.6442,2,35.160735,2,-123.014914,2
1273848015,05/14/2010 14:40:15,2,docr,1914.37,2,2.187,2,34.598,2,1.421,2,85.31,2,1490.454,2,27.6454,2,35.160735,2,-123.014914,2
1273848030,05/14/2010 14:40:30,2,docr,1922.24,2,2.181,2,34.598,2,1.426,2,85.31,2,1490.562,2,27.6459,2,35.16067413,2,-123.014617,2
1273848045,05/14/2010 14:40:45,2,docr,1929.91,2,2.166,2,34.598,2,1.433,2,85.31,2,1490.628,2,27.6472,2,35.1607984,2,-123.014452,2
1273848060,05/14/2010 14:41:00,2,docr,1938.08,2,2.159,2,34.6,2,1.442,2,85.31,2,1490.74,2,27.6494,2,35.160903,2,-123.0143838,2
1273848075,05/14/2010 14:41:15,2,docr,1946.04,2,2.153,2,34.6,2,1.448,2,85.31,2,1490.85,2,27.6499,2,35.160931,2,-123.014263,2
1273848090,05/14/2010 14:41:30,2,docr,1954.21,2,2.141,2,34.601,2,1.458,2,85.31,2,1490.938,2,27.6517,2,35.160931,2,-123.014263,2
1273848105,05/14/2010 14:41:45,2,docr,1962.27,2,2.128,2,34.602,2,1.471,2,85.31,2,1491.021,2,27.6536,2,35.160931,2,-123.014263,2
1273848120,05/14/2010 14:42:00,2,docr,1970.33,2,2.116,2,34.603,2,1.485,2,85.31,2,1491.108,2,27.6554,2,35.160931,2,-123.014263,2
1273848135,05/14/2010 14:42:15,2,docr,1978.4,2,2.108,2,34.604,2,1.494,2,85.31,2,1491.212,2,27.6568,2,35.160931,2,-123.014263,2
1273848150,05/14/2010 14:42:30,2,docr,1986.36,2,2.1,2,34.605,2,1.508,2,85.31,2,1491.315,2,27.6583,2,35.160931,2,-123.014263,2
1273848165,05/14/2010 14:42:45,2,docr,1994.33,2,2.091,2,34.606,2,1.521,2,85.31,2,1491.413,2,27.6599,2,35.160931,2,-123.014263,2
1273848180,05/14/2010 14:43:00,2,docr,2001.6,2,2.083,2,34.607,2,1.536,2,85.32,2,1491.504,2,27.6613,2,35.160931,2,-123.014263,2
1273848195,05/14/2010 14:43:15,2,docr,2008.48,2,2.075,2,34.608,2,1.551,2,85.32,2,1491.588,2,27.6628,2,35.160931,2,-123.014263,2
1273848210,05/14/2010 14:43:30,2,docr,2015.66,2,2.068,2,34.609,2,1.566,2,85.31,2,1491.682,2,27.6642,2,35.1608386,2,-123.01419086,2
1273848225,05/14/2010 14:43:45,2,docr,2022.84,2,2.063,2,34.609,2,1.573,2,85.31,2,1491.783,2,27.6646,2,35.160698,2,-123.014124,2
1273848240,05/14/2010 14:44:00,2,docr,2029.92,2,2.059,2,34.61,2,1.581,2,85.32,2,1491.888,2,27.6658,2,35.16068946,2,-123.0140872,2
1273848255,05/14/2010 14:44:15,2,docr,2037.29,2,2.053,2,34.61,2,1.589,2,85.32,2,1491.988,2,27.6663,2,35.160734,2,-123.01418206,2
1273848270,05/14/2010 14:44:30,2,docr,2044.56,2,2.048,2,34.611,2,1.597,2,85.32,2,1492.092,2,27.6675,2,35.16073486,2,-123.01424973,2
1273848285,05/14/2010 14:44:45,2,docr,2051.25,2,2.044,2,34.612,2,1.605,2,85.31,2,1492.191,2,27.6687,2,35.16069,2,-123.014179,2
1273848300,05/14/2010 14:45:00,2,docr,2058.13,2,2.04,2,34.612,2,1.61,2,85.32,2,1492.291,2,27.669,2,35.16101106,2,-123.01425686,2
1273848315,05/14/2010 14:45:15,2,docr,2065.01,2,2.036,2,34.613,2,1.618,2,85.32,2,1492.393,2,27.6702,2,35.16109213,2,-123.0142996,2
1273848330,05/14/2010 14:45:30,2,docr,2071.99,2,2.031,2,34.613,2,1.622,2,85.32,2,1492.491,2,27.6706,2,35.161144,2,-123.014326,2
1273848345,05/14/2010 14:45:45,2,docr,2078.87,2,2.024,2,34.614,2,1.63,2,85.32,2,1492.579,2,27.672,2,35.1609856,2,-123.01431386,2
1273848360,05/14/2010 14:46:00,2,docr,2086.34,2,2.017,2,34.615,2,1.638,2,85.32,2,1492.678,2,27.6734,2,35.1609428,2,-123.0142778,2
1273848375,05/14/2010 14:46:15,2,docr,2094.59,2,2.009,2,34.616,2,1.648,2,85.31,2,1492.786,2,27.6748,2,35.16095,2,-123.014263,2
1273848390,05/14/2010 14:46:30,2,docr,2102.85,2,2.003,2,34.616,2,1.662,2,85.31,2,1492.901,2,27.6754,2,35.16095,2,-123.014263,2
1273848405,05/14/2010 14:46:45,2,docr,2111.01,2,2,2,34.616,2,1.67,2,85.32,2,1493.028,2,27.6756,2,35.1604612,2,-123.01390993,2
1273848420,05/14/2010 14:47:00,2,docr,2119.36,2,1.994,2,34.617,2,1.675,2,85.32,2,1493.147,2,27.677,2,35.16037326,2,-123.0138218,2
1273848435,05/14/2010 14:47:15,2,docr,2127.71,2,1.986,2,34.618,2,1.686,2,85.32,2,1493.256,2,27.6784,2,35.1604,2,-123.013745,2
1273848450,05/14/2010 14:47:30,2,docr,2136.16,2,1.978,2,34.619,2,1.698,2,85.32,2,1493.368,2,27.6799,2,35.160378,2,-123.01385433,2
1273848465,05/14/2010 14:47:45,2,docr,2144.51,2,1.97,2,34.62,2,1.71,2,85.32,2,1493.477,2,27.6813,2,35.16041733,2,-123.01391526,2
1273848480,05/14/2010 14:48:00,2,docr,2152.67,2,1.962,2,34.621,2,1.721,2,85.32,2,1493.584,2,27.6828,2,35.1604184,2,-123.0139476,2
1273848495,05/14/2010 14:48:15,2,docr,2160.43,2,1.957,2,34.621,2,1.731,2,85.33,2,1493.695,2,27.6832,2,35.16024053,2,-123.0139484,2
1273848510,05/14/2010 14:48:30,2,docr,2168.68,2,1.951,2,34.622,2,1.742,2,85.32,2,1493.812,2,27.6845,2,35.1601004,2,-123.01384493,2
1273848525,05/14/2010 14:48:45,2,docr,2177.72,2,1.947,2,34.623,2,1.757,2,85.32,2,1493.951,2,27.6857,2,35.1600346,2,-123.0138338,2
1273848540,05/14/2010 14:49:00,2,docr,2186.76,2,1.94,2,34.624,2,1.772,2,85.31,2,1494.077,2,27.6871,2,35.160001,2,-123.013913,2
1273848555,05/14/2010 14:49:15,2,docr,2196.09,2,1.934,2,34.625,2,1.784,2,85.32,2,1494.212,2,27.6884,2,35.16013,2,-123.01404,2
1273848570,05/14/2010 14:49:30,2,docr,2204.93,2,1.929,2,34.625,2,1.795,2,85.32,2,1494.342,2,27.6889,2,35.1601934,2,-123.0140736,2
1273848585,05/14/2010 14:49:45,2,docr,2213.87,2,1.925,2,34.625,2,1.802,2,85.32,2,1494.479,2,27.6892,2,35.160269,2,-123.014132,2
1273848600,05/14/2010 14:50:00,2,docr,2222.71,2,1.922,2,34.626,2,1.809,2,85.26,2,1494.619,2,27.6903,2,35.160269,2,-123.014132,2
1273848615,05/14/2010 14:50:15,2,docr,2230.77,2,1.916,2,34.626,2,1.815,2,85.32,2,1494.731,2,27.6908,2,35.160269,2,-123.014132,2
1273848630,05/14/2010 14:50:30,2,docr,2238.13,2,1.913,2,34.627,2,1.822,2,85.33,2,1494.846,2,27.6919,2,35.160269,2,-123.014132,2
1273848645,05/14/2010 14:50:45,2,docr,2245.6,2,1.908,2,34.627,2,1.829,2,85.33,2,1494.952,2,27.6923,2,35.160269,2,-123.014132,2
1273848660,05/14/2010 14:51:00,2,docr,2253.26,2,1.901,2,34.628,2,1.837,2,85.33,2,1495.055,2,27.6937,2,35.160269,2,-123.014132,2
1273848675,05/14/2010 14:51:15,2,docr,2261.01,2,1.896,2,34.628,2,1.847,2,85.32,2,1495.166,2,27.6941,2,35.16036846,2,-123.01398746,2
1273848690,05/14/2010 14:51:30,2,docr,2268.77,2,1.892,2,34.629,2,1.855,2,85.32,2,1495.284,2,27.6953,2,35.1606814,2,-123.0137822,2
1273848705,05/14/2010 14:51:45,2,docr,2276.43,2,1.888,2,34.629,2,1.863,2,85.32,2,1495.398,2,27.6956,2,35.160571,2,-123.013775,2
1273848720,05/14/2010 14:52:00,2,docr,2284.19,2,1.883,2,34.63,2,1.872,2,85.32,2,1495.511,2,27.6968,2,35.160571,2,-123.013775,2
1273848735,05/14/2010 14:52:15,2,docr,2291.95,2,1.881,2,34.63,2,1.881,2,85.32,2,1495.636,2,27.697,2,35.160571,2,-123.013775,2
1273848750,05/14/2010 14:52:30,2,docr,2299.7,2,1.876,2,34.631,2,1.889,2,85.31,2,1495.749,2,27.6983,2,35.160571,2,-123.013775,2
1273848765,05/14/2010 14:52:45,2,docr,2307.46,2,1.874,2,34.632,2,1.903,2,85.31,2,1495.875,2,27.6993,2,35.160438,2,-123.01372,2
1273848780,05/14/2010 14:53:00,2,docr,2315.22,2,1.87,2,34.632,2,1.914,2,85.31,2,1495.991,2,27.6996,2,35.1604296,2,-123.0137164,2
1273848795,05/14/2010 14:53:15,2,docr,2323.07,2,1.867,2,34.633,2,1.921,2,85.32,2,1496.114,2,27.7007,2,35.1601606,2,-123.0137192,2
1273848810,05/14/2010 14:53:30,2,docr,2330.14,2,1.86,2,34.633,2,1.932,2,85.31,2,1496.205,2,27.7013,2,35.159107,2,-123.01374,2
1273848825,05/14/2010 14:53:45,2,docr,2336.62,2,1.854,2,34.634,2,1.944,2,85.32,2,1496.292,2,27.7025,2,35.15982185,2,-123.01377771,2
1273848840,05/14/2010 14:54:00,2,docr,2343.49,2,1.849,2,34.635,2,1.955,2,85.31,2,1496.39,2,27.7038,2,35.1601426,2,-123.0137592,2
1273848855,05/14/2010 14:54:15,2,docr,2350.95,2,1.847,2,34.635,2,1.962,2,85.31,2,1496.51,2,27.704,2,35.160445,2,-123.013722,2
1273848870,05/14/2010 14:54:30,2,docr,2358.41,2,1.843,2,34.636,2,1.968,2,85.32,2,1496.622,2,27.7051,2,35.16039828,2,-123.01359614,2
1273848885,05/14/2010 14:54:45,2,docr,2365.28,2,1.842,2,34.636,2,1.974,2,85.31,2,1496.736,2,27.7052,2,35.16035566,2,-123.01354753,2
1273848900,05/14/2010 14:55:00,2,docr,2371.95,2,1.838,2,34.636,2,1.98,2,85.31,2,1496.834,2,27.7056,2,35.16037,2,-123.0135922,2
1273848915,05/14/2010 14:55:15,2,docr,2380.2,2,1.833,2,34.637,2,1.988,2,85.32,2,1496.955,2,27.7068,2,35.16018133,2,-123.01375806,2
1273848930,05/14/2010 14:55:30,2,docr,2390.11,2,1.831,2,34.637,2,1.995,2,85.32,2,1497.118,2,27.707,2,35.16026633,2,-123.0137356,2
1273848945,05/14/2010 14:55:45,2,docr,2400.32,2,1.824,2,34.637,2,2.002,2,85.32,2,1497.263,2,27.7076,2,35.1601676,2,-123.0137098,2
1273848960,05/14/2010 14:56:00,2,docr,2410.82,2,1.818,2,34.638,2,2.012,2,85.32,2,1497.419,2,27.7089,2,35.159987,2,-123.013681,2
1273848975,05/14/2010 14:56:15,2,docr,2420.73,2,1.812,2,34.639,2,2.022,2,85.32,2,1497.565,2,27.7102,2,35.160571,2,-123.01382493,2
1273848990,05/14/2010 14:56:30,2,docr,2430.64,2,1.806,2,34.639,2,2.031,2,85.32,2,1497.71,2,27.7107,2,35.160535,2,-123.01381,2
1273849005,05/14/2010 14:56:45,2,docr,2440.16,2,1.801,2,34.64,2,2.039,2,85.33,2,1497.854,2,27.7119,2,35.160535,2,-123.01381,2
1273849020,05/14/2010 14:57:00,2,docr,2449.28,2,1.798,2,34.64,2,2.048,2,85.33,2,1497.998,2,27.7122,2,35.160535,2,-123.01381,2
1273849035,05/14/2010 14:57:15,2,docr,2458.11,2,1.794,2,34.64,2,2.053,2,85.34,2,1498.133,2,27.7126,2,35.160535,2,-123.01381,2
1273849050,05/14/2010 14:57:30,2,docr,2466.65,2,1.79,2,34.641,2,2.06,2,85.34,2,1498.264,2,27.7137,2,35.160535,2,-123.01381,2
1273849065,05/14/2010 14:57:45,2,docr,2475.18,2,1.787,2,34.641,2,2.067,2,85.34,2,1498.399,2,27.714,2,35.160535,2,-123.01381,2
1273849080,05/14/2010 14:58:00,2,docr,2483.72,2,1.785,2,34.641,2,2.074,2,85.33,2,1498.537,2,27.7142,2,35.160535,2,-123.01381,2
1273849095,05/14/2010 14:58:15,2,docr,2492.45,2,1.783,2,34.642,2,2.082,2,85.33,2,1498.681,2,27.7152,2,35.160535,2,-123.01381,2
1273849110,05/14/2010 14:58:30,2,docr,2500.49,2,1.78,2,34.642,2,2.09,2,85.34,2,1498.807,2,27.7155,2,35.160535,2,-123.01381,2
1273849125,05/14/2010 14:58:45,2,docr,2508.73,2,1.777,2,34.642,2,2.095,2,85.33,2,1498.936,2,27.7158,2,35.160535,2,-123.01381,2
1273849140,05/14/2010 14:59:00,2,docr,2517.07,2,1.774,2,34.643,2,2.098,2,85.34,2,1499.068,2,27.7168,2,35.160535,2,-123.01381,2
1273849155,05/14/2010 14:59:15,2,docr,2525.11,2,1.772,2,34.643,2,2.105,2,85.33,2,1499.199,2,27.717,2,35.160535,2,-123.01381,2
1273849170,05/14/2010 14:59:30,2,docr,2533.16,2,1.769,2,34.644,2,2.122,2,85.32,2,1499.326,2,27.7181,2,35.160535,2,-123.01381,2
1273849185,05/14/2010 14:59:45,2,docr,2541.49,2,1.764,2,34.645,2,2.14,2,85.31,2,1499.45,2,27.7193,2,35.160535,2,-123.01381,2
1273849200,05/14/2010 15:00:00,2,docr,2549.83,2,1.762,2,34.645,2,2.151,2,85.32,2,1499.585,2,27.7195,2,35.160535,2,-123.01381,2
1273849215,05/14/2010 15:00:15,2,docr,2557.87,2,1.758,2,34.645,2,2.157,2,85.32,2,1499.707,2,27.7199,2,35.160535,2,-123.01381,2
1273849230,05/14/2010 15:00:30,2,docr,2566.3,2,1.756,2,34.645,2,2.163,2,85.32,2,1499.844,2,27.7201,2,35.160535,2,-123.01381,2
1273849245,05/14/2010 15:00:45,2,docr,2574.54,2,1.753,2,34.646,2,2.167,2,85.31,2,1499.975,2,27.7212,2,35.160535,2,-123.01381,2
1273849260,05/14/2010 15:01:00,2,docr,2582.88,2,1.749,2,34.646,2,2.174,2,85.31,2,1500.101,2,27.7215,2,35.160535,2,-123.01381,2
1273849275,05/14/2010 15:01:15,2,docr,2591.21,2,1.746,2,34.647,2,2.183,2,85.32,2,1500.234,2,27.7226,2,35.160535,2,-123.01381,2
1273849290,05/14/2010 15:01:30,2,docr,2599.25,2,1.743,2,34.647,2,2.191,2,85.32,2,1500.36,2,27.7229,2,35.160535,2,-123.01381,2
1273849305,05/14/2010 15:01:45,2,docr,2607.68,2,1.739,2,34.647,2,2.197,2,85.31,2,1500.489,2,27.7232,2,35.160535,2,-123.01381,2
1273849320,05/14/2010 15:02:00,2,docr,2615.92,2,1.736,2,34.648,2,2.204,2,85.31,2,1500.619,2,27.7243,2,35.160535,2,-123.01381,2
1273849335,05/14/2010 15:02:15,2,docr,2624.15,2,1.733,2,34.648,2,2.21,2,85.3,2,1500.749,2,27.7246,2,35.160535,2,-123.01381,2
1273849350,05/14/2010 15:02:30,2,docr,2632.19,2,1.731,2,34.648,2,2.214,2,85.3,2,1500.88,2,27.7248,2,35.1604886,2,-123.0136472,2
1273849365,05/14/2010 15:02:45,2,docr,2640.23,2,1.729,2,34.648,2,2.221,2,85.3,2,1501.01,2,27.725,2,35.1604198,2,-123.0135966,2
1273849380,05/14/2010 15:03:00,2,docr,2648.56,2,1.727,2,34.649,2,2.226,2,85.29,2,1501.147,2,27.726,2,35.160367,2,-123.013596,2
1273849395,05/14/2010 15:03:15,2,docr,2656.6,2,1.723,2,34.649,2,2.232,2,85.3,2,1501.269,2,27.7263,2,35.16050786,2,-123.01383393,2
1273849410,05/14/2010 15:03:30,2,docr,2664.15,2,1.72,2,34.649,2,2.237,2,85.31,2,1501.387,2,27.7266,2,35.16054626,2,-123.01390306,2
1273849425,05/14/2010 15:03:45,2,docr,2670.72,2,1.718,2,34.65,2,2.243,2,85.31,2,1501.493,2,27.7276,2,35.1604806,2,-123.0139502,2
1273849440,05/14/2010 15:04:00,2,docr,2677.48,2,1.714,2,34.65,2,2.249,2,85.3,2,1501.593,2,27.7279,2,35.16018193,2,-123.01390033,2
1273849455,05/14/2010 15:04:15,2,docr,2685.52,2,1.712,2,34.65,2,2.256,2,85.3,2,1501.723,2,27.7281,2,35.1601678,2,-123.01394033,2
1273849470,05/14/2010 15:04:30,2,docr,2694.14,2,1.711,2,34.65,2,2.262,2,85.31,2,1501.869,2,27.7282,2,35.160191,2,-123.0139628,2
1273849485,05/14/2010 15:04:45,2,docr,2702.96,2,1.709,2,34.651,2,2.266,2,85.32,2,1502.014,2,27.7292,2,35.160224,2,-123.013979,2
1273849500,05/14/2010 15:05:00,2,docr,2711.68,2,1.707,2,34.651,2,2.271,2,85.32,2,1502.157,2,27.7294,2,35.16023,2,-123.01393,2
1273849515,05/14/2010 15:05:15,2,docr,2720.31,2,1.705,2,34.651,2,2.274,2,85.33,2,1502.298,2,27.7296,2,35.16024846,2,-123.01394766,2
1273849530,05/14/2010 15:05:30,2,docr,2728.64,2,1.702,2,34.651,2,2.28,2,85.32,2,1502.429,2,27.7299,2,35.16024613,2,-123.0140638,2
1273849545,05/14/2010 15:05:45,2,docr,2736.77,2,1.699,2,34.652,2,2.287,2,85.32,2,1502.559,2,27.731,2,35.160143,2,-123.014732,2
1273849560,05/14/2010 15:06:00,2,docr,2745.59,2,1.697,2,34.652,2,2.291,2,85.32,2,1502.703,2,27.7312,2,35.1601574,2,-123.01474,2
1273849575,05/14/2010 15:06:15,2,docr,2754.7,2,1.693,2,34.652,2,2.298,2,85.31,2,1502.844,2,27.7315,2,35.160161,2,-123.014742,2
1273849590,05/14/2010 15:06:30,2,docr,2764.1,2,1.691,2,34.652,2,2.302,2,85.32,2,1502.998,2,27.7317,2,35.160161,2,-123.014742,2
1273849605,05/14/2010 15:06:45,2,docr,2773.51,2,1.689,2,34.652,2,2.311,2,85.31,2,1503.153,2,27.7319,2,35.160161,2,-123.014742,2
1273849620,05/14/2010 15:07:00,2,docr,2782.91,2,1.686,2,34.653,2,2.316,2,85.31,2,1503.305,2,27.733,2,35.160161,2,-123.014742,2
1273849635,05/14/2010 15:07:15,2,docr,2792.42,2,1.683,2,34.653,2,2.323,2,85.32,2,1503.457,2,27.7333,2,35.160161,2,-123.014742,2
1273849650,05/14/2010 15:07:30,2,docr,2801.92,2,1.677,2,34.653,2,2.332,2,85.31,2,1503.596,2,27.7338,2,35.160161,2,-123.014742,2
1273849665,05/14/2010 15:07:45,2,docr,2811.22,2,1.675,2,34.654,2,2.341,2,85.31,2,1503.75,2,27.7348,2,35.160161,2,-123.014742,2
1273849680,05/14/2010 15:08:00,2,docr,2820.63,2,1.673,2,34.654,2,2.345,2,85.31,2,1503.905,2,27.735,2,35.160161,2,-123.014742,2
1273849695,05/14/2010 15:08:15,2,docr,2829.83,2,1.669,2,34.654,2,2.353,2,85.32,2,1504.047,2,27.7354,2,35.160161,2,-123.014742,2
1273849710,05/14/2010 15:08:30,2,docr,2839.04,2,1.662,2,34.655,2,2.362,2,85.31,2,1504.178,2,27.7367,2,35.160161,2,-123.014742,2
1273849725,05/14/2010 15:08:45,2,docr,2848.15,2,1.66,2,34.655,2,2.37,2,85.31,2,1504.328,2,27.7369,2,35.160161,2,-123.014742,2
1273849740,05/14/2010 15:09:00,2,docr,2856.57,2,1.657,2,34.656,2,2.377,2,85.32,2,1504.463,2,27.738,2,35.160161,2,-123.014742,2
1273849755,05/14/2010 15:09:15,2,docr,2865.58,2,1.657,2,34.656,2,2.383,2,85.32,2,1504.619,2,27.7381,2,35.160161,2,-123.014742,2
1273849770,05/14/2010 15:09:30,2,docr,2875.47,2,1.654,2,34.656,2,2.386,2,85.32,2,1504.778,2,27.7383,2,35.160161,2,-123.014742,2
1273849785,05/14/2010 15:09:45,2,docr,2884.48,2,1.652,2,34.656,2,2.389,2,85.31,2,1504.926,2,27.7385,2,35.160161,2,-123.014742,2
1273849800,05/14/2010 15:10:00,2,docr,2893.68,2,1.65,2,34.657,2,2.396,2,85.31,2,1505.079,2,27.7396,2,35.160161,2,-123.014742,2
1273849815,05/14/2010 15:10:15,2,docr,2903.08,2,1.647,2,34.657,2,2.401,2,85.32,2,1505.23,2,27.7398,2,35.160161,2,-123.014742,2
1273849830,05/14/2010 15:10:30,2,docr,2912.29,2,1.645,2,34.657,2,2.405,2,85.32,2,1505.381,2,27.74,2,35.160161,2,-123.014742,2
1273849845,05/14/2010 15:10:45,2,docr,2921.59,2,1.643,2,34.657,2,2.411,2,85.32,2,1505.535,2,27.7402,2,35.160161,2,-123.014742,2
1273849860,05/14/2010 15:11:00,2,docr,2930.79,2,1.64,2,34.658,2,2.418,2,85.32,2,1505.683,2,27.7413,2,35.160161,2,-123.014742,2
1273849875,05/14/2010 15:11:15,2,docr,2939.8,2,1.638,2,34.658,2,2.425,2,85.33,2,1505.831,2,27.7415,2,35.160161,2,-123.014742,2
1273849890,05/14/2010 15:11:30,2,docr,2948.9,2,1.636,2,34.658,2,2.428,2,85.33,2,1505.981,2,27.7417,2,35.160161,2,-123.014742,2
1273849905,05/14/2010 15:11:45,2,docr,2958.1,2,1.633,2,34.658,2,2.432,2,85.33,2,1506.129,2,27.742,2,35.160161,2,-123.014742,2
1273849920,05/14/2010 15:12:00,2,docr,2967.11,2,1.631,2,34.659,2,2.436,2,85.32,2,1506.278,2,27.743,2,35.160161,2,-123.014742,2
1273849935,05/14/2010 15:12:15,2,docr,2976.11,2,1.631,2,34.659,2,2.439,2,85.33,2,1506.435,2,27.7431,2,35.160161,2,-123.014742,2
1273849950,05/14/2010 15:12:30,2,docr,2984.92,2,1.631,2,34.659,2,2.441,2,85.32,2,1506.589,2,27.7431,2,35.160161,2,-123.014742,2
1273849965,05/14/2010 15:12:45,2,docr,2993.93,2,1.626,2,34.659,2,2.448,2,85.33,2,1506.724,2,27.7436,2,35.160161,2,-123.014742,2
1273849980,05/14/2010 15:13:00,2,docr,3002.83,2,1.624,2,34.659,2,2.454,2,85.32,2,1506.871,2,27.7438,2,35.160161,2,-123.014742,2
1273849995,05/14/2010 15:13:15,2,docr,3011.54,2,1.623,2,34.659,2,2.459,2,85.32,2,1507.018,2,27.7439,2,35.160161,2,-123.014742,2
1273850010,05/14/2010 15:13:30,2,docr,3020.54,2,1.622,2,34.659,2,2.462,2,85.33,2,1507.171,2,27.744,2,35.160161,2,-123.014742,2
1273850025,05/14/2010 15:13:45,2,docr,3029.35,2,1.621,2,34.66,2,2.467,2,85.33,2,1507.322,2,27.745,2,35.160161,2,-123.014742,2
1273850040,05/14/2010 15:14:00,2,docr,3038.16,2,1.62,2,34.66,2,2.47,2,85.32,2,1507.471,2,27.7451,2,35.160161,2,-123.014742,2
1273850055,05/14/2010 15:14:15,2,docr,3047.26,2,1.619,2,34.66,2,2.471,2,85.33,2,1507.626,2,27.7452,2,35.160161,2,-123.014742,2
1273850070,05/14/2010 15:14:30,2,docr,3056.55,2,1.617,2,34.66,2,2.478,2,85.34,2,1507.779,2,27.7454,2,35.160161,2,-123.014742,2
1273850085,05/14/2010 15:14:45,2,docr,3065.75,2,1.616,2,34.66,2,2.485,2,85.34,2,1507.936,2,27.7456,2,35.160161,2,-123.014742,2
1273850100,05/14/2010 15:15:00,2,docr,3074.85,2,1.615,2,34.661,2,2.492,2,85.34,2,1508.092,2,27.7465,2,35.160161,2,-123.014742,2
1273850115,05/14/2010 15:15:15,2,docr,3084.63,2,1.613,2,34.661,2,2.497,2,85.34,2,1508.254,2,27.7467,2,35.160161,2,-123.014742,2
1273850130,05/14/2010 15:15:30,2,docr,3094.32,2,1.609,2,34.661,2,2.498,2,85.34,2,1508.406,2,27.7471,2,35.160161,2,-123.014742,2
1273850145,05/14/2010 15:15:45,2,docr,3104.1,2,1.608,2,34.661,2,2.503,2,85.34,2,1508.572,2,27.7472,2,35.160161,2,-123.014742,2
1273850160,05/14/2010 15:16:00,2,docr,3113.59,2,1.607,2,34.661,2,2.506,2,85.34,2,1508.734,2,27.7473,2,35.160161,2,-123.014742,2
1273850175,05/14/2010 15:16:15,2,docr,3123.07,2,1.606,2,34.661,2,2.509,2,85.34,2,1508.895,2,27.7475,2,35.160161,2,-123.014742,2
1273850190,05/14/2010 15:16:30,2,docr,3132.37,2,1.602,2,34.661,2,2.513,2,85.34,2,1509.04,2,27.7478,2,35.160161,2,-123.014742,2
1273850205,05/14/2010 15:16:45,2,docr,3141.66,2,1.601,2,34.661,2,2.514,2,85.34,2,1509.198,2,27.748,2,35.160161,2,-123.014742,2
1273850220,05/14/2010 15:17:00,2,docr,3151.05,2,1.599,2,34.662,2,2.517,2,85.34,2,1509.355,2,27.749,2,35.160161,2,-123.014742,2
1273850235,05/14/2010 15:17:15,2,docr,3160.44,2,1.598,2,34.662,2,2.521,2,85.34,2,1509.515,2,27.7491,2,35.160161,2,-123.014742,2
1273850250,05/14/2010 15:17:30,2,docr,3169.73,2,1.597,2,34.662,2,2.525,2,85.34,2,1509.673,2,27.7492,2,35.160161,2,-123.014742,2
1273850265,05/14/2010 15:17:45,2,docr,3179.21,2,1.596,2,34.663,2,2.531,2,85.34,2,1509.836,2,27.7502,2,35.160161,2,-123.014742,2
1273850280,05/14/2010 15:18:00,2,docr,3188.7,2,1.595,2,34.662,2,2.531,2,85.35,2,1509.997,2,27.7495,2,35.160161,2,-123.014742,2
1273850295,05/14/2010 15:18:15,2,docr,3196.91,2,1.593,2,34.662,2,2.536,2,85.35,2,1510.132,2,27.7497,2,35.160161,2,-123.014742,2
1273850310,05/14/2010 15:18:30,2,docr,3205.12,2,1.592,2,34.663,2,2.537,2,85.34,2,1510.273,2,27.7506,2,35.160161,2,-123.014742,2
1273850325,05/14/2010 15:18:45,2,docr,3213.63,2,1.591,2,34.663,2,2.542,2,85.34,2,1510.417,2,27.7508,2,35.160161,2,-123.014742,2
1273850340,05/14/2010 15:19:00,2,docr,3222.53,2,1.589,2,34.663,2,2.543,2,85.35,2,1510.564,2,27.751,2,35.160161,2,-123.014742,2
1273850355,05/14/2010 15:19:15,2,docr,3231.72,2,1.587,2,34.663,2,2.55,2,85.34,2,1510.716,2,27.7512,2,35.160161,2,-123.014742,2
1273850370,05/14/2010 15:19:30,2,docr,3241.2,2,1.585,2,34.663,2,2.553,2,85.35,2,1510.874,2,27.7514,2,35.160161,2,-123.014742,2
1273850385,05/14/2010 15:19:45,2,docr,3250.49,2,1.583,2,34.663,2,2.557,2,85.35,2,1511.028,2,27.7516,2,35.160161,2,-123.014742,2
1273850400,05/14/2010 15:20:00,2,docr,3259.38,2,1.582,2,34.663,2,2.561,2,85.35,2,1511.179,2,27.7517,2,35.160161,2,-123.014742,2
1273850415,05/14/2010 15:20:15,2,docr,3268.86,2,1.581,2,34.664,2,2.564,2,85.36,2,1511.343,2,27.7527,2,35.160161,2,-123.014742,2
1273850430,05/14/2010 15:20:30,2,docr,3278.54,2,1.58,2,34.664,2,2.568,2,85.36,2,1511.508,2,27.7528,2,35.160161,2,-123.014742,2
1273850445,05/14/2010 15:20:45,2,docr,3288.12,2,1.578,2,34.664,2,2.57,2,85.35,2,1511.667,2,27.753,2,35.160161,2,-123.014742,2
1273850460,05/14/2010 15:21:00,2,docr,3297.7,2,1.576,2,34.664,2,2.574,2,85.36,2,1511.826,2,27.7532,2,35.160161,2,-123.014742,2
1273850475,05/14/2010 15:21:15,2,docr,3307.27,2,1.575,2,34.665,2,2.577,2,85.36,2,1511.991,2,27.7542,2,35.160161,2,-123.014742,2
1273850490,05/14/2010 15:21:30,2,docr,3316.75,2,1.574,2,34.665,2,2.582,2,85.35,2,1512.153,2,27.7543,2,35.160161,2,-123.014742,2
1273850505,05/14/2010 15:21:45,2,docr,3326.13,2,1.574,2,34.665,2,2.585,2,85.35,2,1512.318,2,27.7544,2,35.160161,2,-123.014742,2
1273850520,05/14/2010 15:22:00,2,docr,3335.61,2,1.571,2,34.665,2,2.588,2,85.34,2,1512.471,2,27.7546,2,35.160161,2,-123.014742,2
1273850535,05/14/2010 15:22:15,2,docr,3345.19,2,1.568,2,34.665,2,2.592,2,85.35,2,1512.626,2,27.7549,2,35.160161,2,-123.014742,2
1273850550,05/14/2010 15:22:30,2,docr,3354.86,2,1.567,2,34.665,2,2.597,2,85.35,2,1512.792,2,27.7551,2,35.160161,2,-123.014742,2
1273850565,05/14/2010 15:22:45,2,docr,3364.53,2,1.567,2,34.665,2,2.6,2,85.34,2,1512.962,2,27.7551,2,35.160161,2,-123.014742,2
1273850580,05/14/2010 15:23:00,2,docr,3374.21,2,1.566,2,34.665,2,2.602,2,85.34,2,1513.127,2,27.7553,2,35.160161,2,-123.014742,2
1273850595,05/14/2010 15:23:15,2,docr,3383.98,2,1.564,2,34.665,2,2.605,2,85.35,2,1513.29,2,27.7555,2,35.160161,2,-123.014742,2
1273850610,05/14/2010 15:23:30,2,docr,3393.55,2,1.562,2,34.665,2,2.61,2,85.34,2,1513.45,2,27.7557,2,35.160161,2,-123.014742,2
1273850625,05/14/2010 15:23:45,2,docr,3403.22,2,1.562,2,34.666,2,2.614,2,85.34,2,1513.621,2,27.7566,2,35.160161,2,-123.014742,2
1273850640,05/14/2010 15:24:00,2,docr,3412.7,2,1.561,2,34.666,2,2.618,2,85.32,2,1513.783,2,27.7567,2,35.160161,2,-123.014742,2
1273850655,05/14/2010 15:24:15,2,docr,3422.37,2,1.561,2,34.666,2,2.621,2,85.32,2,1513.953,2,27.7568,2,35.160161,2,-123.014742,2
1273850670,05/14/2010 15:24:30,2,docr,3431.65,2,1.56,2,34.666,2,2.625,2,85.32,2,1514.112,2,27.7569,2,35.160161,2,-123.014742,2
1273850685,05/14/2010 15:24:45,2,docr,3441.12,2,1.557,2,34.667,2,2.63,2,85.31,2,1514.267,2,27.758,2,35.160161,2,-123.014742,2
1273850700,05/14/2010 15:25:00,2,docr,3450.59,2,1.554,2,34.667,2,2.636,2,85.3,2,1514.42,2,27.7583,2,35.160161,2,-123.014742,2
1273850715,05/14/2010 15:25:15,2,docr,3459.97,2,1.551,2,34.667,2,2.64,2,85.31,2,1514.572,2,27.7585,2,35.160161,2,-123.014742,2
1273850730,05/14/2010 15:25:30,2,docr,3469.44,2,1.549,2,34.668,2,2.647,2,85.3,2,1514.731,2,27.7595,2,35.160161,2,-123.014742,2
1273850745,05/14/2010 15:25:45,2,docr,3478.92,2,1.547,2,34.668,2,2.654,2,85.3,2,1514.889,2,27.7597,2,35.160161,2,-123.014742,2
1273850760,05/14/2010 15:26:00,2,docr,3488.49,2,1.545,2,34.668,2,2.657,2,85.29,2,1515.049,2,27.7599,2,35.160161,2,-123.014742,2
1273850775,05/14/2010 15:26:15,2,docr,3498.25,2,1.542,2,34.668,2,2.661,2,85.29,2,1515.208,2,27.7602,2,35.160161,2,-123.014742,2
1273850790,05/14/2010 15:26:30,2,docr,3508.11,2,1.541,2,34.669,2,2.667,2,85.29,2,1515.378,2,27.7612,2,35.160161,2,-123.014742,2
1273850805,05/14/2010 15:26:45,2,docr,3517.68,2,1.54,2,34.669,2,2.67,2,85.29,2,1515.542,2,27.7613,2,35.160161,2,-123.014742,2
1273850820,05/14/2010 15:27:00,2,docr,3527.44,2,1.54,2,34.669,2,2.675,2,85.28,2,1515.714,2,27.7614,2,35.160161,2,-123.014742,2
1273850835,05/14/2010 15:27:15,2,docr,3537.11,2,1.54,2,34.669,2,2.676,2,85.29,2,1515.884,2,27.7614,2,35.160161,2,-123.014742,2
1273850850,05/14/2010 15:27:30,2,docr,3546.68,2,1.539,2,34.669,2,2.679,2,85.29,2,1516.049,2,27.7616,2,35.160161,2,-123.014742,2
1273850865,05/14/2010 15:27:45,2,docr,3556.44,2,1.537,2,34.669,2,2.684,2,85.29,2,1516.212,2,27.7618,2,35.160161,2,-123.014742,2
1273850880,05/14/2010 15:28:00,2,docr,3566.3,2,1.536,2,34.67,2,2.688,2,85.29,2,1516.383,2,27.7627,2,35.160161,2,-123.014742,2
1273850895,05/14/2010 15:28:15,2,docr,3576.06,2,1.536,2,34.67,2,2.691,2,85.3,2,1516.555,2,27.7628,2,35.160161,2,-123.014742,2
1273850910,05/14/2010 15:28:30,2,docr,3585.72,2,1.536,2,34.67,2,2.694,2,85.29,2,1516.725,2,27.7629,2,35.160161,2,-123.014742,2
1273850925,05/14/2010 15:28:45,2,docr,3595.38,2,1.535,2,34.669,2,2.696,2,85.28,2,1516.89,2,27.7622,2,35.160161,2,-123.014742,2
1273850940,05/14/2010 15:29:00,2,docr,3605.05,2,1.533,2,34.669,2,2.7,2,85.29,2,1517.051,2,27.7624,2,35.160161,2,-123.014742,2
1273850955,05/14/2010 15:29:15,2,docr,3614.71,2,1.531,2,34.67,2,2.704,2,85.29,2,1517.214,2,27.7634,2,35.160161,2,-123.014742,2
1273850970,05/14/2010 15:29:30,2,docr,3624.27,2,1.53,2,34.67,2,2.707,2,85.27,2,1517.379,2,27.7636,2,35.160161,2,-123.014742,2
1273850985,05/14/2010 15:29:45,2,docr,3633.93,2,1.529,2,34.671,2,2.711,2,85.27,2,1517.546,2,27.7645,2,35.160161,2,-123.014742,2
1273851000,05/14/2010 15:30:00,2,docr,3643.69,2,1.528,2,34.671,2,2.715,2,85.25,2,1517.714,2,27.7647,2,35.160161,2,-123.014742,2
1273851015,05/14/2010 15:30:15,2,docr,3653.25,2,1.527,2,34.671,2,2.718,2,85.25,2,1517.878,2,27.7648,2,35.160161,2,-123.014742,2
1273851030,05/14/2010 15:30:30,2,docr,3663.01,2,1.526,2,34.671,2,2.722,2,85.24,2,1518.046,2,27.7649,2,35.160161,2,-123.014742,2
1273851045,05/14/2010 15:30:45,2,docr,3672.57,2,1.525,2,34.671,2,2.726,2,85.25,2,1518.211,2,27.7651,2,35.160161,2,-123.014742,2
1273851060,05/14/2010 15:31:00,2,docr,3682.33,2,1.523,2,34.671,2,2.731,2,85.25,2,1518.374,2,27.7653,2,35.160161,2,-123.014742,2
1273851075,05/14/2010 15:31:15,2,docr,3691.99,2,1.522,2,34.671,2,2.737,2,85.27,2,1518.54,2,27.7654,2,35.160161,2,-123.014742,2
1273851090,05/14/2010 15:31:30,2,docr,3701.55,2,1.521,2,34.671,2,2.743,2,85.27,2,1518.705,2,27.7656,2,35.160161,2,-123.014742,2
1273851105,05/14/2010 15:31:45,2,docr,3711.01,2,1.52,2,34.671,2,2.746,2,85.27,2,1518.868,2,27.7657,2,35.160161,2,-123.014742,2
1273851120,05/14/2010 15:32:00,2,docr,3720.37,2,1.52,2,34.672,2,2.75,2,85.26,2,1519.035,2,27.7666,2,35.160161,2,-123.014742,2
1273851135,05/14/2010 15:32:15,2,docr,3729.93,2,1.52,2,34.672,2,2.753,2,85.25,2,1519.203,2,27.7667,2,35.160161,2,-123.014742,2
1273851150,05/14/2010 15:32:30,2,docr,3739.3,2,1.519,2,34.672,2,2.757,2,85.22,2,1519.365,2,27.7668,2,35.160161,2,-123.014742,2
1273851165,05/14/2010 15:32:45,2,docr,3748.86,2,1.518,2,34.672,2,2.759,2,85.21,2,1519.529,2,27.7669,2,35.160161,2,-123.014742,2
1273851180,05/14/2010 15:33:00,2,docr,3758.02,2,1.517,2,34.672,2,2.763,2,85.2,2,1519.687,2,27.7671,2,35.160161,2,-123.014742,2
1273851195,05/14/2010 15:33:15,2,docr,3766.41,2,1.515,2,34.673,2,2.767,2,85.2,2,1519.828,2,27.7681,2,35.160161,2,-123.014742,2
1273851210,05/14/2010 15:33:30,2,docr,3773.53,2,1.515,2,34.673,2,2.771,2,85.2,2,1519.954,2,27.7681,2,35.160161,2,-123.014742,2
