usec,rovCtdDtg,rovCtdDtgFlag,vehicle,depth,depthFlag,temper,temperFlag,salin,salinFlag,oxyg,oxygFlag,light,lightFlag,sound,soundFlag,sigmatheta,sigmathetaFlag,lat,latFlag,lon,lonFlag
1321747200,11/20/2011 00:00:00,2,docr,3953.38,2,1.501,2,34.681,2,2.798,2,87.41,2,1523.089,2,27.7769,2,35.160233,2,-122.96129,2
1321747215,11/20/2011 00:00:15,2,docr,3944.52,2,1.5,2,34.681,2,2.798,2,87.47,2,1522.927,2,27.7769,2,35.16035873,2,-122.96133653,2
1321747230,11/20/2011 00:00:30,2,docr,3937.31,2,1.502,2,34.68,2,2.799,2,87.58,2,1522.807,2,27.7759,2,35.16039106,2,-122.9613688,2
1321747245,11/20/2011 00:00:45,2,docr,3929.61,2,1.503,2,34.68,2,2.797,2,87.6,2,1522.675,2,27.7758,2,35.160387,2,-122.961401,2
1321747260,11/20/2011 00:01:00,2,docr,3921.71,2,1.504,2,34.68,2,2.794,2,87.6,2,1522.539,2,27.7756,2,35.1604182,2,-122.96146273,2
1321747275,11/20/2011 00:01:15,2,docr,3913.62,2,1.504,2,34.68,2,2.787,2,87.6,2,1522.396,2,27.7756,2,35.1604274,2,-122.96150146,2
1321747290,11/20/2011 00:01:30,2,docr,3905.44,2,1.505,2,34.68,2,2.783,2,87.61,2,1522.255,2,27.7754,2,35.160391,2,-122.961563,2
1321747305,11/20/2011 00:01:45,2,docr,3897.15,2,1.505,2,34.679,2,2.781,2,87.61,2,1522.107,2,27.7746,2,35.160391,2,-122.961563,2
1321747320,11/20/2011 00:02:00,2,docr,3889.06,2,1.505,2,34.68,2,2.779,2,87.61,2,1521.965,2,27.7753,2,35.1603956,2,-122.96156313,2
1321747335,11/20/2011 00:02:15,2,docr,3880.58,2,1.506,2,34.679,2,2.772,2,87.61,2,1521.817,2,27.7744,2,35.16044,2,-122.961581,2
1321747350,11/20/2011 00:02:30,2,docr,3871.42,2,1.507,2,34.679,2,2.767,2,87.61,2,1521.66,2,27.7742,2,35.1605372,2,-122.96145906,2
1321747365,11/20/2011 00:02:45,2,docr,3863.62,2,1.507,2,34.679,2,2.763,2,87.61,2,1521.521,2,27.7742,2,35.160663,2,-122.961359,2
1321747380,11/20/2011 00:03:00,2,docr,3855.82,2,1.508,2,34.679,2,2.758,2,87.62,2,1521.388,2,27.774,2,35.160638,2,-122.961701,2
1321747395,11/20/2011 00:03:15,2,docr,3847.93,2,1.508,2,34.679,2,2.755,2,87.61,2,1521.248,2,27.774,2,35.16052253,2,-122.961783,2
1321747410,11/20/2011 00:03:30,2,docr,3839.35,2,1.509,2,34.679,2,2.752,2,87.61,2,1521.1,2,27.7739,2,35.160454,2,-122.961871,2
1321747425,11/20/2011 00:03:45,2,docr,3831.45,2,1.509,2,34.678,2,2.748,2,87.62,2,1520.959,2,27.773,2,35.160548,2,-122.961937,2
1321747440,11/20/2011 00:04:00,2,docr,3823.36,2,1.509,2,34.679,2,2.745,2,87.62,2,1520.817,2,27.7737,2,35.16057113,2,-122.96196746,2
1321747455,11/20/2011 00:04:15,2,docr,3814.97,2,1.51,2,34.678,2,2.741,2,87.61,2,1520.672,2,27.7728,2,35.160575,2,-122.962014,2
1321747470,11/20/2011 00:04:30,2,docr,3806.98,2,1.512,2,34.678,2,2.735,2,87.62,2,1520.539,2,27.7726,2,35.16058626,2,-122.9620868,2
1321747485,11/20/2011 00:04:45,2,docr,3798.69,2,1.513,2,34.678,2,2.728,2,87.61,2,1520.397,2,27.7725,2,35.1605878,2,-122.96213333,2
1321747500,11/20/2011 00:05:00,2,docr,3790.21,2,1.515,2,34.678,2,2.722,2,87.6,2,1520.255,2,27.7723,2,35.160585,2,-122.962202,2
1321747515,11/20/2011 00:05:15,2,docr,3781.82,2,1.516,2,34.677,2,2.715,2,87.59,2,1520.11,2,27.7713,2,35.1606186,2,-122.9622564,2
1321747530,11/20/2011 00:05:30,2,docr,3773.72,2,1.518,2,34.677,2,2.708,2,87.6,2,1519.976,2,27.7711,2,35.160627,2,-122.96227,2
1321747545,11/20/2011 00:05:45,2,docr,3765.53,2,1.52,2,34.677,2,2.701,2,87.6,2,1519.839,2,27.771,2,35.160627,2,-122.96227,2
1321747560,11/20/2011 00:06:00,2,docr,3757.54,2,1.521,2,34.677,2,2.696,2,87.61,2,1519.702,2,27.7708,2,35.16042166,2,-122.96237706,2
1321747575,11/20/2011 00:06:15,2,docr,3749.93,2,1.522,2,34.677,2,2.692,2,87.61,2,1519.572,2,27.7707,2,35.1603476,2,-122.9624162,2
1321747590,11/20/2011 00:06:30,2,docr,3741.93,2,1.523,2,34.676,2,2.689,2,87.61,2,1519.434,2,27.7698,2,35.16035,2,-122.962417,2
1321747605,11/20/2011 00:06:45,2,docr,3733.93,2,1.524,2,34.677,2,2.684,2,87.62,2,1519.298,2,27.7704,2,35.16062426,2,-122.962331,2
1321747620,11/20/2011 00:07:00,2,docr,3725.45,2,1.525,2,34.676,2,2.682,2,87.62,2,1519.151,2,27.7695,2,35.160769,2,-122.9622944,2
1321747635,11/20/2011 00:07:15,2,docr,3717.55,2,1.525,2,34.676,2,2.678,2,87.63,2,1519.012,2,27.7694,2,35.160722,2,-122.962332,2
1321747650,11/20/2011 00:07:30,2,docr,3709.45,2,1.525,2,34.676,2,2.675,2,87.62,2,1518.869,2,27.7694,2,35.1607662,2,-122.96247693,2
1321747665,11/20/2011 00:07:45,2,docr,3701.16,2,1.525,2,34.676,2,2.673,2,87.63,2,1518.722,2,27.7693,2,35.16079433,2,-122.96258066,2
1321747680,11/20/2011 00:08:00,2,docr,3692.77,2,1.526,2,34.675,2,2.67,2,87.64,2,1518.577,2,27.7684,2,35.160765,2,-122.962566,2
1321747695,11/20/2011 00:08:15,2,docr,3684.38,2,1.527,2,34.675,2,2.667,2,87.65,2,1518.433,2,27.7683,2,35.16073913,2,-122.96263513,2
1321747710,11/20/2011 00:08:30,2,docr,3675.79,2,1.528,2,34.675,2,2.663,2,87.65,2,1518.286,2,27.7681,2,35.160701,2,-122.962693,2
1321747725,11/20/2011 00:08:45,2,docr,3667.3,2,1.529,2,34.675,2,2.659,2,87.65,2,1518.14,2,27.768,2,35.16065,2,-122.962816,2
1321747740,11/20/2011 00:09:00,2,docr,3659.11,2,1.53,2,34.675,2,2.654,2,87.65,2,1518,2,27.7679,2,35.16065,2,-122.962816,2
1321747755,11/20/2011 00:09:15,2,docr,3650.91,2,1.531,2,34.675,2,2.65,2,87.64,2,1517.86,2,27.7677,2,35.16065,2,-122.962816,2
1321747770,11/20/2011 00:09:30,2,docr,3642.52,2,1.532,2,34.675,2,2.647,2,87.65,2,1517.716,2,27.7676,2,35.16065,2,-122.962816,2
1321747785,11/20/2011 00:09:45,2,docr,3634.13,2,1.534,2,34.674,2,2.642,2,87.65,2,1517.575,2,27.7666,2,35.1606564,2,-122.9628108,2
1321747800,11/20/2011 00:10:00,2,docr,3625.64,2,1.534,2,34.674,2,2.637,2,87.67,2,1517.426,2,27.7665,2,35.160666,2,-122.962803,2
1321747815,11/20/2011 00:10:15,2,docr,3617.15,2,1.536,2,34.674,2,2.632,2,87.66,2,1517.285,2,27.7663,2,35.1606588,2,-122.9628214,2
1321747830,11/20/2011 00:10:30,2,docr,3608.75,2,1.538,2,34.673,2,2.626,2,87.67,2,1517.144,2,27.7653,2,35.16073,2,-122.96291533,2
1321747845,11/20/2011 00:10:45,2,docr,3600.26,2,1.539,2,34.674,2,2.623,2,87.66,2,1517,2,27.766,2,35.160876,2,-122.963094,2
1321747860,11/20/2011 00:11:00,2,docr,3591.67,2,1.54,2,34.674,2,2.619,2,87.66,2,1516.853,2,27.7659,2,35.1608472,2,-122.9631492,2
1321747875,11/20/2011 00:11:15,2,docr,3582.79,2,1.541,2,34.673,2,2.615,2,87.66,2,1516.699,2,27.7649,2,35.16083066,2,-122.9631988,2
1321747890,11/20/2011 00:11:30,2,docr,3574.11,2,1.543,2,34.673,2,2.612,2,87.65,2,1516.555,2,27.7647,2,35.160863,2,-122.963377,2
1321747905,11/20/2011 00:11:45,2,docr,3565.71,2,1.545,2,34.673,2,2.61,2,87.65,2,1516.416,2,27.7645,2,35.16085613,2,-122.96343786,2
1321747920,11/20/2011 00:12:00,2,docr,3557.12,2,1.546,2,34.673,2,2.609,2,87.65,2,1516.269,2,27.7644,2,35.16086593,2,-122.9634802,2
1321747935,11/20/2011 00:12:15,2,docr,3548.73,2,1.546,2,34.673,2,2.605,2,87.65,2,1516.121,2,27.7643,2,35.160903,2,-122.963509,2
1321747950,11/20/2011 00:12:30,2,docr,3540.33,2,1.547,2,34.673,2,2.604,2,87.65,2,1515.977,2,27.7642,2,35.1609218,2,-122.9635438,2
1321747965,11/20/2011 00:12:45,2,docr,3531.84,2,1.548,2,34.673,2,2.6,2,87.65,2,1515.832,2,27.7641,2,35.16093506,2,-122.96358333,2
1321747980,11/20/2011 00:13:00,2,docr,3523.15,2,1.55,2,34.672,2,2.596,2,87.65,2,1515.686,2,27.7631,2,35.16094113,2,-122.96369946,2
1321747995,11/20/2011 00:13:15,2,docr,3514.85,2,1.551,2,34.672,2,2.591,2,87.66,2,1515.545,2,27.763,2,35.16094806,2,-122.96370713,2
1321748010,11/20/2011 00:13:30,2,docr,3506.16,2,1.553,2,34.672,2,2.586,2,87.66,2,1515.4,2,27.7627,2,35.1609542,2,-122.96371466,2
1321748025,11/20/2011 00:13:45,2,docr,3497.66,2,1.556,2,34.672,2,2.581,2,87.65,2,1515.264,2,27.7625,2,35.160978,2,-122.963794,2
1321748040,11/20/2011 00:14:00,2,docr,3489.17,2,1.557,2,34.671,2,2.577,2,87.66,2,1515.117,2,27.7615,2,35.16098066,2,-122.96376546,2
1321748055,11/20/2011 00:14:15,2,docr,3480.38,2,1.556,2,34.672,2,2.575,2,87.66,2,1514.96,2,27.7624,2,35.160984,2,-122.963738,2
1321748070,11/20/2011 00:14:30,2,docr,3471.49,2,1.557,2,34.672,2,2.572,2,87.66,2,1514.808,2,27.7622,2,35.16092666,2,-122.96377626,2
1321748085,11/20/2011 00:14:45,2,docr,3462.7,2,1.557,2,34.672,2,2.57,2,87.66,2,1514.653,2,27.7622,2,35.16102406,2,-122.9637878,2
1321748100,11/20/2011 00:15:00,2,docr,3454.01,2,1.559,2,34.671,2,2.567,2,87.66,2,1514.507,2,27.7612,2,35.161119,2,-122.963821,2
1321748115,11/20/2011 00:15:15,2,docr,3445.61,2,1.559,2,34.672,2,2.562,2,87.66,2,1514.361,2,27.7619,2,35.16103113,2,-122.96406166,2
1321748130,11/20/2011 00:15:30,2,docr,3435.94,2,1.56,2,34.671,2,2.56,2,87.66,2,1514.194,2,27.761,2,35.16101693,2,-122.964052,2
1321748145,11/20/2011 00:15:45,2,docr,3426.18,2,1.561,2,34.671,2,2.558,2,87.66,2,1514.027,2,27.7608,2,35.161017,2,-122.96401,2
1321748160,11/20/2011 00:16:00,2,docr,3417.09,2,1.565,2,34.671,2,2.554,2,87.66,2,1513.884,2,27.7605,2,35.1610092,2,-122.96404553,2
1321748175,11/20/2011 00:16:15,2,docr,3410.45,2,1.564,2,34.67,2,2.554,2,87.65,2,1513.762,2,27.7597,2,35.1610384,2,-122.96401033,2
1321748190,11/20/2011 00:16:30,2,docr,3402.05,2,1.565,2,34.67,2,2.55,2,87.66,2,1513.619,2,27.7596,2,35.161108,2,-122.963993,2
1321748205,11/20/2011 00:16:45,2,docr,3393.06,2,1.566,2,34.67,2,2.546,2,87.66,2,1513.465,2,27.7594,2,35.1610104,2,-122.9639938,2
1321748220,11/20/2011 00:17:00,2,docr,3385.25,2,1.57,2,34.67,2,2.544,2,87.65,2,1513.345,2,27.7591,2,35.16097546,2,-122.96401413,2
1321748235,11/20/2011 00:17:15,2,docr,3377.24,2,1.573,2,34.67,2,2.542,2,87.65,2,1513.218,2,27.7588,2,35.160943,2,-122.964069,2
1321748250,11/20/2011 00:17:30,2,docr,3368.54,2,1.57,2,34.67,2,2.541,2,87.66,2,1513.052,2,27.759,2,35.16107073,2,-122.964002,2
1321748265,11/20/2011 00:17:45,2,docr,3360.82,2,1.57,2,34.67,2,2.537,2,87.65,2,1512.916,2,27.7589,2,35.1611078,2,-122.9639912,2
1321748280,11/20/2011 00:18:00,2,docr,3353.4,2,1.572,2,34.67,2,2.534,2,87.65,2,1512.795,2,27.7587,2,35.161142,2,-122.964168,2
1321748295,11/20/2011 00:18:15,2,docr,3345.58,2,1.58,2,34.67,2,2.532,2,87.65,2,1512.692,2,27.7581,2,35.161125,2,-122.964147,2
1321748310,11/20/2011 00:18:30,2,docr,3338.06,2,1.576,2,34.67,2,2.529,2,87.65,2,1512.543,2,27.7583,2,35.161108,2,-122.96406466,2
1321748325,11/20/2011 00:18:45,2,docr,3330.04,2,1.58,2,34.669,2,2.525,2,87.65,2,1512.418,2,27.7572,2,35.161033,2,-122.963747,2
1321748340,11/20/2011 00:19:00,2,docr,3321.83,2,1.579,2,34.669,2,2.519,2,87.65,2,1512.27,2,27.7572,2,35.160997,2,-122.96375893,2
1321748355,11/20/2011 00:19:15,2,docr,3313.04,2,1.58,2,34.669,2,2.516,2,87.65,2,1512.12,2,27.7571,2,35.16096513,2,-122.9637648,2
1321748370,11/20/2011 00:19:30,2,docr,3305.03,2,1.58,2,34.669,2,2.51,2,87.65,2,1511.979,2,27.757,2,35.1607986,2,-122.963682,2
1321748385,11/20/2011 00:19:45,2,docr,3297.11,2,1.582,2,34.669,2,2.505,2,87.64,2,1511.849,2,27.7568,2,35.16077273,2,-122.96367126,2
1321748400,11/20/2011 00:20:00,2,docr,3288.7,2,1.582,2,34.668,2,2.503,2,87.64,2,1511.7,2,27.7559,2,35.16076,2,-122.963647,2
1321748415,11/20/2011 00:20:15,2,docr,3280.79,2,1.582,2,34.669,2,2.498,2,87.64,2,1511.563,2,27.7567,2,35.1608544,2,-122.96368473,2
1321748430,11/20/2011 00:20:30,2,docr,3272.77,2,1.584,2,34.669,2,2.495,2,87.64,2,1511.431,2,27.7565,2,35.16085873,2,-122.963661,2
1321748445,11/20/2011 00:20:45,2,docr,3264.27,2,1.585,2,34.668,2,2.491,2,87.64,2,1511.285,2,27.7556,2,35.160868,2,-122.96364,2
1321748460,11/20/2011 00:21:00,2,docr,3255.37,2,1.586,2,34.669,2,2.49,2,87.64,2,1511.135,2,27.7562,2,35.1610084,2,-122.96354933,2
1321748475,11/20/2011 00:21:15,2,docr,3246.58,2,1.589,2,34.668,2,2.487,2,87.63,2,1510.992,2,27.7552,2,35.16097566,2,-122.96359426,2
1321748490,11/20/2011 00:21:30,2,docr,3238.75,2,1.589,2,34.668,2,2.486,2,87.63,2,1510.855,2,27.7551,2,35.16091,2,-122.963665,2
1321748505,11/20/2011 00:21:45,2,docr,3229.96,2,1.589,2,34.668,2,2.484,2,87.62,2,1510.701,2,27.755,2,35.1608976,2,-122.96369386,2
1321748520,11/20/2011 00:22:00,2,docr,3221.55,2,1.591,2,34.668,2,2.482,2,87.63,2,1510.563,2,27.7548,2,35.16088033,2,-122.96367886,2
1321748535,11/20/2011 00:22:15,2,docr,3213.04,2,1.591,2,34.668,2,2.479,2,87.63,2,1510.414,2,27.7548,2,35.160882,2,-122.963666,2
1321748550,11/20/2011 00:22:30,2,docr,3204.73,2,1.592,2,34.668,2,2.477,2,87.63,2,1510.272,2,27.7547,2,35.1609096,2,-122.96368933,2
1321748565,11/20/2011 00:22:45,2,docr,3196.52,2,1.594,2,34.667,2,2.475,2,87.63,2,1510.136,2,27.7537,2,35.16090466,2,-122.96368353,2
1321748580,11/20/2011 00:23:00,2,docr,3188.01,2,1.595,2,34.668,2,2.472,2,87.62,2,1509.993,2,27.7543,2,35.160876,2,-122.963622,2
1321748595,11/20/2011 00:23:15,2,docr,3179.6,2,1.597,2,34.667,2,2.47,2,87.62,2,1509.853,2,27.7533,2,35.16089646,2,-122.9636292,2
1321748610,11/20/2011 00:23:30,2,docr,3171.39,2,1.598,2,34.667,2,2.466,2,87.63,2,1509.714,2,27.7532,2,35.1608998,2,-122.9636208,2
1321748625,11/20/2011 00:23:45,2,docr,3162.78,2,1.598,2,34.667,2,2.463,2,87.62,2,1509.563,2,27.7531,2,35.160865,2,-122.963592,2
1321748640,11/20/2011 00:24:00,2,docr,3154.37,2,1.599,2,34.667,2,2.461,2,87.63,2,1509.42,2,27.753,2,35.160865,2,-122.963592,2
1321748655,11/20/2011 00:24:15,2,docr,3145.77,2,1.6,2,34.667,2,2.457,2,87.64,2,1509.274,2,27.7529,2,35.16087473,2,-122.9636216,2
1321748670,11/20/2011 00:24:30,2,docr,3137.35,2,1.601,2,34.666,2,2.451,2,87.63,2,1509.13,2,27.7519,2,35.16094753,2,-122.96384433,2
1321748685,11/20/2011 00:24:45,2,docr,3128.55,2,1.602,2,34.667,2,2.447,2,87.63,2,1508.982,2,27.7526,2,35.1609508,2,-122.96387746,2
1321748700,11/20/2011 00:25:00,2,docr,3120.24,2,1.604,2,34.666,2,2.446,2,87.63,2,1508.844,2,27.7516,2,35.16093553,2,-122.9638892,2
1321748715,11/20/2011 00:25:15,2,docr,3111.92,2,1.605,2,34.666,2,2.442,2,87.63,2,1508.703,2,27.7515,2,35.1608834,2,-122.9637656,2
1321748730,11/20/2011 00:25:30,2,docr,3103.61,2,1.607,2,34.666,2,2.439,2,87.63,2,1508.566,2,27.7513,2,35.16087606,2,-122.96377606,2
1321748745,11/20/2011 00:25:45,2,docr,3094.81,2,1.609,2,34.666,2,2.436,2,87.64,2,1508.421,2,27.7511,2,35.160855,2,-122.963789,2
1321748760,11/20/2011 00:26:00,2,docr,3086,2,1.61,2,34.666,2,2.434,2,87.63,2,1508.271,2,27.751,2,35.1609272,2,-122.96367146,2
1321748775,11/20/2011 00:26:15,2,docr,3077.78,2,1.613,2,34.666,2,2.431,2,87.64,2,1508.141,2,27.7507,2,35.16089533,2,-122.96369506,2
1321748790,11/20/2011 00:26:30,2,docr,3069.08,2,1.614,2,34.666,2,2.429,2,87.63,2,1507.993,2,27.7506,2,35.160832,2,-122.963702,2
1321748805,11/20/2011 00:26:45,2,docr,3060.86,2,1.614,2,34.665,2,2.426,2,87.64,2,1507.848,2,27.7497,2,35.16094013,2,-122.9637852,2
1321748820,11/20/2011 00:27:00,2,docr,3052.54,2,1.617,2,34.666,2,2.418,2,87.63,2,1507.717,2,27.7502,2,35.16094766,2,-122.96374166,2
1321748835,11/20/2011 00:27:15,2,docr,3042.37,2,1.62,2,34.665,2,2.414,2,87.63,2,1507.551,2,27.7491,2,35.160942,2,-122.963663,2
1321748850,11/20/2011 00:27:30,2,docr,3033.56,2,1.619,2,34.665,2,2.411,2,87.63,2,1507.393,2,27.7491,2,35.1608822,2,-122.96363093,2
1321748865,11/20/2011 00:27:45,2,docr,3025.34,2,1.619,2,34.664,2,2.403,2,87.64,2,1507.248,2,27.7483,2,35.16094653,2,-122.96369053,2
1321748880,11/20/2011 00:28:00,2,docr,3017.22,2,1.621,2,34.665,2,2.398,2,87.63,2,1507.117,2,27.7489,2,35.161108,2,-122.96389,2
1321748895,11/20/2011 00:28:15,2,docr,3008.8,2,1.624,2,34.665,2,2.401,2,87.63,2,1506.983,2,27.7486,2,35.16105146,2,-122.96384586,2
1321748910,11/20/2011 00:28:30,2,docr,2999.7,2,1.627,2,34.665,2,2.402,2,87.63,2,1506.837,2,27.7483,2,35.16099946,2,-122.96381026,2
1321748925,11/20/2011 00:28:45,2,docr,2991.19,2,1.629,2,34.664,2,2.397,2,87.62,2,1506.696,2,27.7473,2,35.160905,2,-122.963752,2
1321748940,11/20/2011 00:29:00,2,docr,2982.87,2,1.629,2,34.664,2,2.394,2,87.63,2,1506.551,2,27.7473,2,35.1608968,2,-122.96375133,2
1321748955,11/20/2011 00:29:15,2,docr,2974.25,2,1.632,2,34.664,2,2.39,2,87.62,2,1506.414,2,27.747,2,35.1608872,2,-122.963746,2
1321748970,11/20/2011 00:29:30,2,docr,2965.64,2,1.634,2,34.664,2,2.386,2,87.62,2,1506.273,2,27.7468,2,35.16088586,2,-122.96371506,2
1321748985,11/20/2011 00:29:45,2,docr,2956.93,2,1.636,2,34.664,2,2.382,2,87.62,2,1506.129,2,27.7466,2,35.160904,2,-122.96370853,2
1321749000,11/20/2011 00:30:00,2,docr,2948.51,2,1.638,2,34.664,2,2.377,2,87.61,2,1505.991,2,27.7464,2,35.1609198,2,-122.96366406,2
1321749015,11/20/2011 00:30:15,2,docr,2940.19,2,1.64,2,34.663,2,2.373,2,87.61,2,1505.854,2,27.7454,2,35.16097,2,-122.963406,2
1321749030,11/20/2011 00:30:30,2,docr,2931.48,2,1.642,2,34.663,2,2.371,2,87.62,2,1505.711,2,27.7452,2,35.1609236,2,-122.96353586,2
1321749045,11/20/2011 00:30:45,2,docr,2922.96,2,1.645,2,34.663,2,2.366,2,87.61,2,1505.575,2,27.7449,2,35.160886,2,-122.963634,2
1321749060,11/20/2011 00:31:00,2,docr,2914.44,2,1.648,2,34.662,2,2.359,2,87.61,2,1505.439,2,27.7439,2,35.160886,2,-122.963634,2
1321749075,11/20/2011 00:31:15,2,docr,2905.24,2,1.65,2,34.662,2,2.355,2,87.61,2,1505.287,2,27.7437,2,35.1605612,2,-122.96400306,2
1321749090,11/20/2011 00:31:30,2,docr,2896.43,2,1.652,2,34.662,2,2.35,2,87.6,2,1505.143,2,27.7435,2,35.160277,2,-122.964326,2
1321749105,11/20/2011 00:31:45,2,docr,2887.52,2,1.655,2,34.662,2,2.345,2,87.6,2,1505,2,27.7432,2,35.160862,2,-122.9636976,2
1321749120,11/20/2011 00:32:00,2,docr,2878.41,2,1.657,2,34.662,2,2.34,2,87.6,2,1504.851,2,27.743,2,35.16084426,2,-122.96369266,2
1321749135,11/20/2011 00:32:15,2,docr,2869.3,2,1.659,2,34.662,2,2.337,2,87.6,2,1504.701,2,27.7428,2,35.160824,2,-122.963682,2
1321749150,11/20/2011 00:32:30,2,docr,2860.49,2,1.66,2,34.662,2,2.332,2,87.61,2,1504.552,2,27.7426,2,35.160824,2,-122.963682,2
1321749165,11/20/2011 00:32:45,2,docr,2852.36,2,1.662,2,34.661,2,2.328,2,87.61,2,1504.418,2,27.7416,2,35.160824,2,-122.963682,2
1321749180,11/20/2011 00:33:00,2,docr,2844.04,2,1.663,2,34.661,2,2.325,2,87.61,2,1504.277,2,27.7415,2,35.160824,2,-122.963682,2
1321749195,11/20/2011 00:33:15,2,docr,2835.22,2,1.665,2,34.661,2,2.322,2,87.61,2,1504.133,2,27.7413,2,35.16071473,2,-122.9636386,2
1321749210,11/20/2011 00:33:30,2,docr,2826.8,2,1.668,2,34.661,2,2.318,2,87.61,2,1503.999,2,27.741,2,35.16071493,2,-122.96363793,2
1321749225,11/20/2011 00:33:45,2,docr,2818.08,2,1.671,2,34.66,2,2.312,2,87.61,2,1503.86,2,27.74,2,35.160756,2,-122.963639,2
1321749240,11/20/2011 00:34:00,2,docr,2808.38,2,1.675,2,34.66,2,2.304,2,87.61,2,1503.709,2,27.7396,2,35.16074593,2,-122.96364773,2
1321749255,11/20/2011 00:34:15,2,docr,2799.37,2,1.678,2,34.66,2,2.297,2,87.6,2,1503.565,2,27.7393,2,35.1607204,2,-122.9636476,2
1321749270,11/20/2011 00:34:30,2,docr,2790.75,2,1.68,2,34.66,2,2.292,2,87.6,2,1503.424,2,27.7391,2,35.16066,2,-122.963642,2
1321749285,11/20/2011 00:34:45,2,docr,2782.52,2,1.681,2,34.659,2,2.288,2,87.6,2,1503.284,2,27.7382,2,35.1606658,2,-122.96373306,2
1321749300,11/20/2011 00:35:00,2,docr,2774,2,1.683,2,34.659,2,2.282,2,87.6,2,1503.145,2,27.738,2,35.1606654,2,-122.9637668,2
1321749315,11/20/2011 00:35:15,2,docr,2765.08,2,1.684,2,34.659,2,2.281,2,87.6,2,1502.994,2,27.7379,2,35.16065913,2,-122.96367173,2
1321749330,11/20/2011 00:35:30,2,docr,2756.66,2,1.686,2,34.659,2,2.277,2,87.59,2,1502.856,2,27.7377,2,35.16065733,2,-122.96364086,2
1321749345,11/20/2011 00:35:45,2,docr,2748.13,2,1.687,2,34.659,2,2.273,2,87.6,2,1502.713,2,27.7375,2,35.16065393,2,-122.9636394,2
1321749360,11/20/2011 00:36:00,2,docr,2739.51,2,1.691,2,34.658,2,2.268,2,87.6,2,1502.579,2,27.7364,2,35.16067546,2,-122.96320793,2
1321749375,11/20/2011 00:36:15,2,docr,2730.5,2,1.694,2,34.658,2,2.262,2,87.6,2,1502.436,2,27.7361,2,35.16069426,2,-122.96331593,2
1321749390,11/20/2011 00:36:30,2,docr,2721.19,2,1.696,2,34.658,2,2.255,2,87.6,2,1502.283,2,27.7359,2,35.16068946,2,-122.9634464,2
1321749405,11/20/2011 00:36:45,2,docr,2712.47,2,1.699,2,34.658,2,2.25,2,87.6,2,1502.145,2,27.7356,2,35.1607444,2,-122.96353,2
1321749420,11/20/2011 00:37:00,2,docr,2704.24,2,1.702,2,34.657,2,2.244,2,87.6,2,1502.014,2,27.7346,2,35.16079506,2,-122.96353253,2
1321749435,11/20/2011 00:37:15,2,docr,2695.51,2,1.703,2,34.657,2,2.239,2,87.6,2,1501.867,2,27.7344,2,35.160838,2,-122.963533,2
1321749450,11/20/2011 00:37:30,2,docr,2686.5,2,1.708,2,34.657,2,2.235,2,87.6,2,1501.732,2,27.734,2,35.16075673,2,-122.963499,2
1321749465,11/20/2011 00:37:45,2,docr,2678.26,2,1.711,2,34.656,2,2.225,2,87.6,2,1501.601,2,27.7329,2,35.16071226,2,-122.9635038,2
1321749480,11/20/2011 00:38:00,2,docr,2669.54,2,1.714,2,34.656,2,2.221,2,87.6,2,1501.463,2,27.7327,2,35.160658,2,-122.963511,2
1321749495,11/20/2011 00:38:15,2,docr,2661.01,2,1.715,2,34.656,2,2.217,2,87.6,2,1501.32,2,27.7325,2,35.16057706,2,-122.96349713,2
1321749510,11/20/2011 00:38:30,2,docr,2652.29,2,1.715,2,34.656,2,2.214,2,87.6,2,1501.168,2,27.7325,2,35.1605838,2,-122.9635208,2
1321749525,11/20/2011 00:38:45,2,docr,2643.76,2,1.719,2,34.655,2,2.209,2,87.6,2,1501.037,2,27.7313,2,35.160612,2,-122.963546,2
1321749540,11/20/2011 00:39:00,2,docr,2635.04,2,1.721,2,34.655,2,2.203,2,87.59,2,1500.894,2,27.7311,2,35.1605406,2,-122.96332913,2
1321749555,11/20/2011 00:39:15,2,docr,2626.31,2,1.725,2,34.655,2,2.198,2,87.58,2,1500.761,2,27.7308,2,35.16055846,2,-122.9633104,2
1321749570,11/20/2011 00:39:30,2,docr,2618.08,2,1.729,2,34.654,2,2.191,2,87.59,2,1500.634,2,27.7296,2,35.160595,2,-122.96335,2
1321749585,11/20/2011 00:39:45,2,docr,2609.55,2,1.733,2,34.654,2,2.183,2,87.6,2,1500.504,2,27.7293,2,35.16062033,2,-122.96339426,2
1321749600,11/20/2011 00:40:00,2,docr,2600.92,2,1.736,2,34.654,2,2.173,2,87.6,2,1500.368,2,27.729,2,35.16060806,2,-122.96342186,2
1321749615,11/20/2011 00:40:15,2,docr,2592.39,2,1.74,2,34.653,2,2.165,2,87.6,2,1500.236,2,27.7278,2,35.160578,2,-122.963471,2
1321749630,11/20/2011 00:40:30,2,docr,2583.86,2,1.743,2,34.653,2,2.156,2,87.61,2,1500.102,2,27.7276,2,35.16058693,2,-122.96345713,2
1321749645,11/20/2011 00:40:45,2,docr,2574.74,2,1.744,2,34.653,2,2.15,2,87.6,2,1499.948,2,27.7274,2,35.1605904,2,-122.9634388,2
1321749660,11/20/2011 00:41:00,2,docr,2566.11,2,1.747,2,34.652,2,2.146,2,87.59,2,1499.81,2,27.7264,2,35.16062,2,-122.963388,2
1321749675,11/20/2011 00:41:15,2,docr,2557.77,2,1.752,2,34.652,2,2.138,2,87.6,2,1499.688,2,27.7259,2,35.16061786,2,-122.96336986,2
1321749690,11/20/2011 00:41:30,2,docr,2548.75,2,1.755,2,34.652,2,2.136,2,87.6,2,1499.545,2,27.7257,2,35.16062253,2,-122.9633658,2
1321749705,11/20/2011 00:41:45,2,docr,2539.92,2,1.755,2,34.651,2,2.133,2,87.6,2,1499.391,2,27.7248,2,35.1603946,2,-122.96350273,2
1321749720,11/20/2011 00:42:00,2,docr,2530.8,2,1.756,2,34.65,2,2.121,2,87.59,2,1499.236,2,27.7239,2,35.16046433,2,-122.9635094,2
1321749735,11/20/2011 00:42:15,2,docr,2522.37,2,1.758,2,34.65,2,2.109,2,87.59,2,1499.099,2,27.7237,2,35.16054933,2,-122.9635086,2
1321749750,11/20/2011 00:42:30,2,docr,2514.23,2,1.761,2,34.65,2,2.102,2,87.6,2,1498.972,2,27.7234,2,35.1606548,2,-122.9634438,2
1321749765,11/20/2011 00:42:45,2,docr,2505.2,2,1.763,2,34.649,2,2.095,2,87.6,2,1498.823,2,27.7224,2,35.16062166,2,-122.96342606,2
1321749780,11/20/2011 00:43:00,2,docr,2496.37,2,1.765,2,34.649,2,2.09,2,87.6,2,1498.679,2,27.7222,2,35.1606,2,-122.963443,2
1321749795,11/20/2011 00:43:15,2,docr,2488.04,2,1.769,2,34.649,2,2.08,2,87.6,2,1498.553,2,27.7218,2,35.1605708,2,-122.9634056,2
1321749810,11/20/2011 00:43:30,2,docr,2479.7,2,1.77,2,34.648,2,2.072,2,87.59,2,1498.412,2,27.7209,2,35.16055813,2,-122.96337586,2
1321749825,11/20/2011 00:43:45,2,docr,2471.75,2,1.772,2,34.648,2,2.065,2,87.6,2,1498.283,2,27.7207,2,35.16055,2,-122.963344,2
1321749840,11/20/2011 00:44:00,2,docr,2463.41,2,1.774,2,34.648,2,2.061,2,87.6,2,1498.148,2,27.7205,2,35.1605848,2,-122.96349466,2
1321749855,11/20/2011 00:44:15,2,docr,2455.47,2,1.776,2,34.647,2,2.058,2,87.6,2,1498.018,2,27.7195,2,35.160663,2,-122.96354386,2
1321749870,11/20/2011 00:44:30,2,docr,2446.14,2,1.78,2,34.648,2,2.055,2,87.61,2,1497.876,2,27.7199,2,35.160745,2,-122.963627,2
1321749885,11/20/2011 00:44:45,2,docr,2437.12,2,1.787,2,34.647,2,2.051,2,87.61,2,1497.749,2,27.7186,2,35.16080553,2,-122.9635244,2
1321749900,11/20/2011 00:45:00,2,docr,2428.09,2,1.792,2,34.647,2,2.047,2,87.62,2,1497.615,2,27.7181,2,35.16080966,2,-122.96349313,2
1321749915,11/20/2011 00:45:15,2,docr,2419.45,2,1.794,2,34.647,2,2.046,2,87.63,2,1497.475,2,27.7179,2,35.160812,2,-122.963441,2
1321749930,11/20/2011 00:45:30,2,docr,2410.23,2,1.796,2,34.646,2,2.043,2,87.63,2,1497.323,2,27.7169,2,35.1608056,2,-122.9633938,2
1321749945,11/20/2011 00:45:45,2,docr,2401.2,2,1.798,2,34.646,2,2.036,2,87.63,2,1497.176,2,27.7167,2,35.16079886,2,-122.9633872,2
1321749960,11/20/2011 00:46:00,2,docr,2392.37,2,1.803,2,34.646,2,2.031,2,87.63,2,1497.046,2,27.7163,2,35.160784,2,-122.963388,2
1321749975,11/20/2011 00:46:15,2,docr,2383.54,2,1.808,2,34.646,2,2.026,2,87.63,2,1496.915,2,27.7159,2,35.16077446,2,-122.96340586,2
1321749990,11/20/2011 00:46:30,2,docr,2374.6,2,1.814,2,34.646,2,2.024,2,87.63,2,1496.788,2,27.7154,2,35.16077306,2,-122.9634196,2
1321750005,11/20/2011 00:46:45,2,docr,2365.67,2,1.818,2,34.645,2,2.021,2,87.61,2,1496.65,2,27.7142,2,35.16078,2,-122.963448,2
1321750020,11/20/2011 00:47:00,2,docr,2356.84,2,1.82,2,34.644,2,2.01,2,87.62,2,1496.505,2,27.7132,2,35.16076966,2,-122.9634222,2
1321750035,11/20/2011 00:47:15,2,docr,2348,2,1.821,2,34.644,2,1.996,2,87.61,2,1496.357,2,27.7131,2,35.1607724,2,-122.9634132,2
1321750050,11/20/2011 00:47:30,2,docr,2339.27,2,1.825,2,34.643,2,1.979,2,87.61,2,1496.223,2,27.7119,2,35.160775,2,-122.96337593,2
1321750065,11/20/2011 00:47:45,2,docr,2330.63,2,1.83,2,34.642,2,1.968,2,87.6,2,1496.094,2,27.7107,2,35.16078233,2,-122.96337706,2
1321750080,11/20/2011 00:48:00,2,docr,2322.19,2,1.833,2,34.641,2,1.952,2,87.6,2,1495.961,2,27.7096,2,35.16079626,2,-122.963372,2
1321750095,11/20/2011 00:48:15,2,docr,2313.45,2,1.835,2,34.64,2,1.935,2,87.59,2,1495.818,2,27.7086,2,35.1608816,2,-122.9632544,2
1321750110,11/20/2011 00:48:30,2,docr,2304.71,2,1.837,2,34.639,2,1.915,2,87.59,2,1495.675,2,27.7076,2,35.16085433,2,-122.96328993,2
1321750125,11/20/2011 00:48:45,2,docr,2295.87,2,1.841,2,34.639,2,1.901,2,87.58,2,1495.54,2,27.7072,2,35.160829,2,-122.963321,2
1321750140,11/20/2011 00:49:00,2,docr,2287.13,2,1.843,2,34.638,2,1.889,2,87.58,2,1495.397,2,27.7062,2,35.16087406,2,-122.96335486,2
1321750155,11/20/2011 00:49:15,2,docr,2277.71,2,1.849,2,34.637,2,1.876,2,87.58,2,1495.26,2,27.7049,2,35.1608716,2,-122.96338093,2
1321750170,11/20/2011 00:49:30,2,docr,2269.16,2,1.855,2,34.635,2,1.856,2,87.58,2,1495.136,2,27.7028,2,35.160878,2,-122.963414,2
1321750185,11/20/2011 00:49:45,2,docr,2260.82,2,1.861,2,34.635,2,1.843,2,87.58,2,1495.019,2,27.7023,2,35.16076653,2,-122.96332313,2
1321750200,11/20/2011 00:50:00,2,docr,2251.98,2,1.868,2,34.635,2,1.837,2,87.58,2,1494.897,2,27.7017,2,35.1607378,2,-122.96330866,2
1321750215,11/20/2011 00:50:15,2,docr,2242.55,2,1.872,2,34.634,2,1.83,2,87.59,2,1494.751,2,27.7006,2,35.160701,2,-122.963276,2
1321750230,11/20/2011 00:50:30,2,docr,2233.12,2,1.879,2,34.633,2,1.823,2,87.59,2,1494.619,2,27.6992,2,35.16073493,2,-122.96329673,2
1321750245,11/20/2011 00:50:45,2,docr,2224.28,2,1.885,2,34.632,2,1.81,2,87.58,2,1494.492,2,27.6979,2,35.16073466,2,-122.96330866,2
1321750260,11/20/2011 00:51:00,2,docr,2215.35,2,1.89,2,34.632,2,1.799,2,87.59,2,1494.36,2,27.6975,2,35.160724,2,-122.963324,2
1321750275,11/20/2011 00:51:15,2,docr,2206.31,2,1.896,2,34.631,2,1.788,2,87.58,2,1494.229,2,27.6961,2,35.160724,2,-122.963324,2
1321750290,11/20/2011 00:51:30,2,docr,2197.47,2,1.901,2,34.63,2,1.78,2,87.58,2,1494.098,2,27.6949,2,35.160724,2,-122.963324,2
1321750305,11/20/2011 00:51:45,2,docr,2188.82,2,1.906,2,34.629,2,1.767,2,87.58,2,1493.97,2,27.6937,2,35.160724,2,-122.963324,2
1321750320,11/20/2011 00:52:00,2,docr,2180.18,2,1.91,2,34.629,2,1.758,2,87.55,2,1493.839,2,27.6933,2,35.160724,2,-122.963324,2
1321750335,11/20/2011 00:52:15,2,docr,2171.43,2,1.912,2,34.629,2,1.752,2,87.58,2,1493.698,2,27.6931,2,35.160724,2,-122.963324,2
1321750350,11/20/2011 00:52:30,2,docr,2162.79,2,1.915,2,34.628,2,1.745,2,87.58,2,1493.561,2,27.692,2,35.160724,2,-122.963324,2
1321750365,11/20/2011 00:52:45,2,docr,2153.95,2,1.917,2,34.628,2,1.741,2,87.58,2,1493.418,2,27.6918,2,35.160724,2,-122.963324,2
1321750380,11/20/2011 00:53:00,2,docr,2145.1,2,1.924,2,34.627,2,1.734,2,87.57,2,1493.295,2,27.6904,2,35.160724,2,-122.963324,2
1321750395,11/20/2011 00:53:15,2,docr,2136.26,2,1.93,2,34.627,2,1.727,2,87.57,2,1493.17,2,27.6899,2,35.160724,2,-122.963324,2
1321750410,11/20/2011 00:53:30,2,docr,2127.42,2,1.935,2,34.627,2,1.722,2,87.56,2,1493.04,2,27.6895,2,35.160724,2,-122.963324,2
1321750425,11/20/2011 00:53:45,2,docr,2118.57,2,1.942,2,34.625,2,1.713,2,87.56,2,1492.916,2,27.6873,2,35.160724,2,-122.963324,2
1321750440,11/20/2011 00:54:00,2,docr,2109.63,2,1.946,2,34.625,2,1.706,2,87.56,2,1492.78,2,27.6869,2,35.1608968,2,-122.9634328,2
1321750455,11/20/2011 00:54:15,2,docr,2100.88,2,1.952,2,34.624,2,1.699,2,87.54,2,1492.655,2,27.6856,2,35.16092413,2,-122.9634756,2
1321750470,11/20/2011 00:54:30,2,docr,2092.14,2,1.957,2,34.624,2,1.692,2,87.56,2,1492.527,2,27.6852,2,35.160911,2,-122.96349,2
1321750485,11/20/2011 00:54:45,2,docr,2083.19,2,1.965,2,34.623,2,1.681,2,87.56,2,1492.407,2,27.6837,2,35.1609092,2,-122.9635024,2
1321750500,11/20/2011 00:55:00,2,docr,2074.25,2,1.973,2,34.622,2,1.67,2,87.57,2,1492.288,2,27.6823,2,35.16084053,2,-122.96343333,2
1321750515,11/20/2011 00:55:15,2,docr,2065.31,2,1.976,2,34.622,2,1.661,2,87.57,2,1492.148,2,27.682,2,35.16075,2,-122.963336,2
1321750530,11/20/2011 00:55:30,2,docr,2056.46,2,1.981,2,34.621,2,1.657,2,87.57,2,1492.016,2,27.6807,2,35.16070013,2,-122.96329653,2
1321750545,11/20/2011 00:55:45,2,docr,2047.71,2,1.988,2,34.621,2,1.649,2,87.57,2,1491.897,2,27.6801,2,35.1607192,2,-122.96326373,2
1321750560,11/20/2011 00:56:00,2,docr,2038.76,2,1.997,2,34.62,2,1.636,2,87.57,2,1491.782,2,27.6786,2,35.160768,2,-122.963204,2
1321750575,11/20/2011 00:56:15,2,docr,2030.02,2,2,2,34.619,2,1.628,2,87.58,2,1491.644,2,27.6775,2,35.16070766,2,-122.96322286,2
1321750590,11/20/2011 00:56:30,2,docr,2021.36,2,2.008,2,34.619,2,1.619,2,87.57,2,1491.531,2,27.6768,2,35.1607088,2,-122.96321826,2
1321750605,11/20/2011 00:56:45,2,docr,2012.61,2,2.019,2,34.617,2,1.603,2,87.57,2,1491.426,2,27.6743,2,35.160722,2,-122.963256,2
1321750620,11/20/2011 00:57:00,2,docr,2003.67,2,2.03,2,34.616,2,1.589,2,87.57,2,1491.32,2,27.6726,2,35.16069026,2,-122.963264,2
1321750635,11/20/2011 00:57:15,2,docr,1994.72,2,2.04,2,34.615,2,1.577,2,87.57,2,1491.209,2,27.671,2,35.16069513,2,-122.9632616,2
1321750650,11/20/2011 00:57:30,2,docr,1986.07,2,2.043,2,34.614,2,1.563,2,87.57,2,1491.073,2,27.6699,2,35.160723,2,-122.963266,2
1321750665,11/20/2011 00:57:45,2,docr,1977.41,2,2.046,2,34.614,2,1.556,2,87.57,2,1490.938,2,27.6696,2,35.16054406,2,-122.96331146,2
1321750680,11/20/2011 00:58:00,2,docr,1968.47,2,2.051,2,34.613,2,1.549,2,87.57,2,1490.805,2,27.6684,2,35.16050646,2,-122.96329573,2
1321750695,11/20/2011 00:58:15,2,docr,1959.42,2,2.059,2,34.613,2,1.54,2,87.57,2,1490.686,2,27.6677,2,35.160733,2,-122.963116,2
1321750710,11/20/2011 00:58:30,2,docr,1950.57,2,2.072,2,34.611,2,1.527,2,87.57,2,1490.588,2,27.665,2,35.16075206,2,-122.9631216,2
1321750725,11/20/2011 00:58:45,2,docr,1941.62,2,2.076,2,34.611,2,1.516,2,87.57,2,1490.453,2,27.6647,2,35.16078313,2,-122.96310366,2
1321750740,11/20/2011 00:59:00,2,docr,1932.67,2,2.087,2,34.61,2,1.508,2,87.57,2,1490.347,2,27.663,2,35.160784,2,-122.963036,2
1321750755,11/20/2011 00:59:15,2,docr,1923.72,2,2.098,2,34.609,2,1.495,2,87.57,2,1490.24,2,27.6612,2,35.16077773,2,-122.96306546,2
1321750770,11/20/2011 00:59:30,2,docr,1914.77,2,2.111,2,34.607,2,1.48,2,87.57,2,1490.141,2,27.6586,2,35.16076686,2,-122.9630804,2
1321750785,11/20/2011 00:59:45,2,docr,1905.91,2,2.121,2,34.606,2,1.462,2,87.58,2,1490.032,2,27.6569,2,35.1607226,2,-122.963032,2
1321750800,11/20/2011 01:00:00,2,docr,1896.96,2,2.134,2,34.605,2,1.447,2,87.59,2,1489.935,2,27.6551,2,35.16072173,2,-122.96301926,2
1321750815,11/20/2011 01:00:15,2,docr,1887.91,2,2.146,2,34.604,2,1.43,2,87.59,2,1489.831,2,27.6533,2,35.160712,2,-122.963005,2
1321750830,11/20/2011 01:00:30,2,docr,1879.06,2,2.154,2,34.603,2,1.419,2,87.59,2,1489.714,2,27.6518,2,35.160701,2,-122.963021,2
1321750845,11/20/2011 01:00:45,2,docr,1870.3,2,2.159,2,34.602,2,1.409,2,87.59,2,1489.585,2,27.6505,2,35.16070613,2,-122.96297353,2
1321750860,11/20/2011 01:01:00,2,docr,1861.55,2,2.164,2,34.601,2,1.403,2,87.58,2,1489.456,2,27.6493,2,35.160714,2,-122.962871,2
1321750875,11/20/2011 01:01:15,2,docr,1852.59,2,2.175,2,34.601,2,1.393,2,87.59,2,1489.351,2,27.6484,2,35.16064393,2,-122.96303926,2
1321750890,11/20/2011 01:01:30,2,docr,1843.44,2,2.19,2,34.599,2,1.376,2,87.59,2,1489.257,2,27.6455,2,35.1606796,2,-122.96302706,2
1321750905,11/20/2011 01:01:45,2,docr,1834.98,2,2.206,2,34.598,2,1.36,2,87.59,2,1489.181,2,27.6434,2,35.160743,2,-122.962989,2
1321750920,11/20/2011 01:02:00,2,docr,1827.3,2,2.222,2,34.596,2,1.343,2,87.59,2,1489.118,2,27.6405,2,35.16073946,2,-122.96302693,2
1321750935,11/20/2011 01:02:15,2,docr,1817.46,2,2.235,2,34.595,2,1.327,2,87.59,2,1489.005,2,27.6386,2,35.16075033,2,-122.96303766,2
1321750950,11/20/2011 01:02:30,2,docr,1804.67,2,2.245,2,34.593,2,1.312,2,87.57,2,1488.828,2,27.6361,2,35.160761,2,-122.963039,2
1321750965,11/20/2011 01:02:45,2,docr,1791.58,2,2.256,2,34.592,2,1.3,2,87.57,2,1488.651,2,27.6343,2,35.1608578,2,-122.96306806,2
1321750980,11/20/2011 01:03:00,2,docr,1779.87,2,2.266,2,34.588,2,1.267,2,87.58,2,1488.49,2,27.6302,2,35.16084626,2,-122.96310586,2
1321750995,11/20/2011 01:03:15,2,docr,1773.67,2,2.272,2,34.587,2,1.245,2,87.57,2,1488.409,2,27.6289,2,35.160763,2,-122.96312,2
1321751010,11/20/2011 01:03:30,2,docr,1768.85,2,2.273,2,34.586,2,1.239,2,87.56,2,1488.33,2,27.628,2,35.16079706,2,-122.96317346,2
1321751025,11/20/2011 01:03:45,2,docr,1762.74,2,2.28,2,34.586,2,1.232,2,87.55,2,1488.256,2,27.6274,2,35.160809,2,-122.96318606,2
1321751040,11/20/2011 01:04:00,2,docr,1756.15,2,2.292,2,34.585,2,1.218,2,87.55,2,1488.195,2,27.6256,2,35.160819,2,-122.963169,2
1321751055,11/20/2011 01:04:15,2,docr,1748.96,2,2.303,2,34.584,2,1.209,2,87.56,2,1488.119,2,27.6239,2,35.16074593,2,-122.9631602,2
1321751070,11/20/2011 01:04:30,2,docr,1741.28,2,2.317,2,34.583,2,1.196,2,87.54,2,1488.048,2,27.6219,2,35.1607034,2,-122.96314966,2
1321751085,11/20/2011 01:04:45,2,docr,1732.23,2,2.346,2,34.582,2,1.181,2,87.55,2,1488.018,2,27.6187,2,35.160713,2,-122.963149,2
1321751100,11/20/2011 01:05:00,2,docr,1722.28,2,2.371,2,34.58,2,1.166,2,87.55,2,1487.955,2,27.615,2,35.1607084,2,-122.963189,2
1321751115,11/20/2011 01:05:15,2,docr,1712.24,2,2.396,2,34.578,2,1.15,2,87.55,2,1487.89,2,27.6113,2,35.16070866,2,-122.96322373,2
1321751130,11/20/2011 01:05:30,2,docr,1702.59,2,2.423,2,34.576,2,1.132,2,87.55,2,1487.84,2,27.6074,2,35.1606676,2,-122.9632312,2
1321751145,11/20/2011 01:05:45,2,docr,1693.44,2,2.435,2,34.574,2,1.116,2,87.57,2,1487.734,2,27.6048,2,35.1606704,2,-122.96321833,2
1321751160,11/20/2011 01:06:00,2,docr,1684.38,2,2.445,2,34.574,2,1.108,2,87.56,2,1487.623,2,27.6039,2,35.16067,2,-122.963225,2
1321751175,11/20/2011 01:06:15,2,docr,1675.42,2,2.458,2,34.573,2,1.1,2,87.55,2,1487.526,2,27.602,2,35.16066053,2,-122.96315826,2
1321751190,11/20/2011 01:06:30,2,docr,1666.55,2,2.47,2,34.572,2,1.089,2,87.56,2,1487.426,2,27.6001,2,35.16068653,2,-122.96323106,2
1321751205,11/20/2011 01:06:45,2,docr,1657.89,2,2.492,2,34.571,2,1.083,2,87.57,2,1487.372,2,27.5974,2,35.16071,2,-122.963354,2
1321751220,11/20/2011 01:07:00,2,docr,1649.32,2,2.516,2,34.572,2,1.079,2,87.58,2,1487.332,2,27.5962,2,35.16068346,2,-122.963254,2
1321751235,11/20/2011 01:07:15,2,docr,1640.75,2,2.532,2,34.569,2,1.067,2,87.58,2,1487.252,2,27.5924,2,35.16069513,2,-122.96320966,2
1321751250,11/20/2011 01:07:30,2,docr,1632.18,2,2.537,2,34.569,2,1.06,2,87.58,2,1487.128,2,27.5919,2,35.160722,2,-122.963161,2
1321751265,11/20/2011 01:07:45,2,docr,1623.42,2,2.539,2,34.568,2,1.057,2,87.58,2,1486.986,2,27.5909,2,35.16067226,2,-122.96321933,2
1321751280,11/20/2011 01:08:00,2,docr,1614.55,2,2.557,2,34.569,2,1.053,2,87.58,2,1486.915,2,27.5901,2,35.1606514,2,-122.96321586,2
1321751295,11/20/2011 01:08:15,2,docr,1605.59,2,2.572,2,34.566,2,1.046,2,87.58,2,1486.823,2,27.5864,2,35.160633,2,-122.963196,2
1321751310,11/20/2011 01:08:30,2,docr,1596.72,2,2.58,2,34.565,2,1.031,2,87.58,2,1486.706,2,27.5849,2,35.16066433,2,-122.9633398,2
1321751325,11/20/2011 01:08:45,2,docr,1588.05,2,2.6,2,34.564,2,1.017,2,87.58,2,1486.644,2,27.5823,2,35.16066766,2,-122.96335153,2
1321751340,11/20/2011 01:09:00,2,docr,1579.19,2,2.611,2,34.564,2,1.015,2,87.58,2,1486.541,2,27.5813,2,35.160661,2,-122.963341,2
1321751355,11/20/2011 01:09:15,2,docr,1570.32,2,2.623,2,34.562,2,1.005,2,87.57,2,1486.44,2,27.5787,2,35.16064366,2,-122.96332146,2
1321751370,11/20/2011 01:09:30,2,docr,1561.45,2,2.643,2,34.561,2,0.987,2,87.57,2,1486.374,2,27.5761,2,35.1606428,2,-122.9633166,2
1321751385,11/20/2011 01:09:45,2,docr,1552.68,2,2.665,2,34.56,2,0.978,2,87.58,2,1486.319,2,27.5734,2,35.1606792,2,-122.963389,2
1321751400,11/20/2011 01:10:00,2,docr,1543.91,2,2.682,2,34.559,2,0.978,2,87.57,2,1486.243,2,27.5711,2,35.16069493,2,-122.96330086,2
1321751415,11/20/2011 01:10:15,2,docr,1535.14,2,2.688,2,34.557,2,0.967,2,87.57,2,1486.117,2,27.5689,2,35.1606938,2,-122.9632406,2
1321751430,11/20/2011 01:10:30,2,docr,1526.37,2,2.698,2,34.556,2,0.952,2,87.57,2,1486.01,2,27.5672,2,35.1607068,2,-122.96329173,2
1321751445,11/20/2011 01:10:45,2,docr,1517.6,2,2.719,2,34.554,2,0.938,2,87.57,2,1485.949,2,27.5637,2,35.1607128,2,-122.96331333,2
1321751460,11/20/2011 01:11:00,2,docr,1508.93,2,2.728,2,34.553,2,0.928,2,87.57,2,1485.84,2,27.5621,2,35.1607164,2,-122.9633274,2
1321751475,11/20/2011 01:11:15,2,docr,1500.16,2,2.732,2,34.553,2,0.926,2,87.56,2,1485.709,2,27.5617,2,35.1607204,2,-122.9632698,2
1321751490,11/20/2011 01:11:30,2,docr,1491.49,2,2.751,2,34.552,2,0.925,2,87.53,2,1485.642,2,27.5592,2,35.1607172,2,-122.96327246,2
1321751505,11/20/2011 01:11:45,2,docr,1482.81,2,2.778,2,34.55,2,0.907,2,87.52,2,1485.609,2,27.5552,2,35.16071,2,-122.963273,2
1321751520,11/20/2011 01:12:00,2,docr,1474.14,2,2.794,2,34.549,2,0.894,2,87.52,2,1485.529,2,27.553,2,35.16070793,2,-122.9632272,2
1321751535,11/20/2011 01:12:15,2,docr,1465.37,2,2.817,2,34.547,2,0.885,2,87.52,2,1485.477,2,27.5493,2,35.16068666,2,-122.96324253,2
1321751550,11/20/2011 01:12:30,2,docr,1456.69,2,2.826,2,34.547,2,0.88,2,87.52,2,1485.369,2,27.5484,2,35.160628,2,-122.963261,2
1321751565,11/20/2011 01:12:45,2,docr,1448.02,2,2.84,2,34.547,2,0.879,2,87.53,2,1485.282,2,27.5472,2,35.1606296,2,-122.96324153,2
1321751580,11/20/2011 01:13:00,2,docr,1439.34,2,2.865,2,34.547,2,0.875,2,87.54,2,1485.243,2,27.5449,2,35.1606334,2,-122.963244,2
1321751595,11/20/2011 01:13:15,2,docr,1430.77,2,2.879,2,34.544,2,0.874,2,87.55,2,1485.154,2,27.5412,2,35.160637,2,-122.963247,2
1321751610,11/20/2011 01:13:30,2,docr,1422.09,2,2.894,2,34.542,2,0.855,2,87.55,2,1485.069,2,27.5383,2,35.1606536,2,-122.9632486,2
1321751625,11/20/2011 01:13:45,2,docr,1413.41,2,2.907,2,34.538,2,0.829,2,87.56,2,1484.973,2,27.5338,2,35.16065626,2,-122.9632392,2
1321751640,11/20/2011 01:14:00,2,docr,1404.74,2,2.918,2,34.537,2,0.81,2,87.55,2,1484.872,2,27.532,2,35.160656,2,-122.963207,2
1321751655,11/20/2011 01:14:15,2,docr,1395.96,2,2.934,2,34.534,2,0.795,2,87.55,2,1484.788,2,27.5281,2,35.16065773,2,-122.9632354,2
1321751670,11/20/2011 01:14:30,2,docr,1387.19,2,2.946,2,34.534,2,0.784,2,87.56,2,1484.691,2,27.527,2,35.16064953,2,-122.96325046,2
1321751685,11/20/2011 01:14:45,2,docr,1378.41,2,2.968,2,34.533,2,0.781,2,87.55,2,1484.636,2,27.5242,2,35.160626,2,-122.963253,2
1321751700,11/20/2011 01:15:00,2,docr,1369.73,2,2.977,2,34.528,2,0.763,2,87.56,2,1484.521,2,27.5193,2,35.1605786,2,-122.9632654,2
1321751715,11/20/2011 01:15:15,2,docr,1360.95,2,2.996,2,34.528,2,0.735,2,87.56,2,1484.454,2,27.5176,2,35.16056,2,-122.9632872,2
1321751730,11/20/2011 01:15:30,2,docr,1352.37,2,3.022,2,34.527,2,0.735,2,87.55,2,1484.419,2,27.5144,2,35.1605438,2,-122.96338193,2
1321751745,11/20/2011 01:15:45,2,docr,1343.6,2,3.042,2,34.527,2,0.737,2,87.55,2,1484.356,2,27.5125,2,35.16056686,2,-122.96328633,2
1321751760,11/20/2011 01:16:00,2,docr,1334.72,2,3.053,2,34.524,2,0.726,2,87.54,2,1484.25,2,27.5091,2,35.16057653,2,-122.96322913,2
1321751775,11/20/2011 01:16:15,2,docr,1325.74,2,3.068,2,34.524,2,0.71,2,87.54,2,1484.162,2,27.5077,2,35.16055106,2,-122.96322426,2
1321751790,11/20/2011 01:16:30,2,docr,1316.87,2,3.123,2,34.526,2,0.72,2,87.53,2,1484.25,2,27.5042,2,35.16056166,2,-122.96322633,2
1321751805,11/20/2011 01:16:45,2,docr,1307.99,2,3.135,2,34.521,2,0.714,2,87.54,2,1484.145,2,27.4991,2,35.16056513,2,-122.96322906,2
1321751820,11/20/2011 01:17:00,2,docr,1299.31,2,3.166,2,34.522,2,0.705,2,87.54,2,1484.132,2,27.497,2,35.160598,2,-122.9632632,2
1321751835,11/20/2011 01:17:15,2,docr,1290.53,2,3.184,2,34.521,2,0.706,2,87.54,2,1484.059,2,27.4945,2,35.160604,2,-122.96325573,2
1321751850,11/20/2011 01:17:30,2,docr,1281.75,2,3.21,2,34.52,2,0.705,2,87.54,2,1484.02,2,27.4912,2,35.160598,2,-122.963245,2
1321751865,11/20/2011 01:17:45,2,docr,1272.97,2,3.229,2,34.519,2,0.696,2,87.53,2,1483.952,2,27.4886,2,35.16059906,2,-122.96333366,2
1321751880,11/20/2011 01:18:00,2,docr,1264.28,2,3.26,2,34.517,2,0.686,2,87.53,2,1483.935,2,27.4841,2,35.1606092,2,-122.9632974,2
1321751895,11/20/2011 01:18:15,2,docr,1255.4,2,3.278,2,34.516,2,0.681,2,87.53,2,1483.86,2,27.4815,2,35.160618,2,-122.963261,2
1321751910,11/20/2011 01:18:30,2,docr,1246.52,2,3.32,2,34.513,2,0.662,2,87.52,2,1483.885,2,27.4752,2,35.1605372,2,-122.9633014,2
1321751925,11/20/2011 01:18:45,2,docr,1237.64,2,3.336,2,34.511,2,0.654,2,87.53,2,1483.801,2,27.472,2,35.1605416,2,-122.96329146,2
1321751940,11/20/2011 01:19:00,2,docr,1228.76,2,3.344,2,34.511,2,0.652,2,87.53,2,1483.685,2,27.4712,2,35.160566,2,-122.963284,2
1321751955,11/20/2011 01:19:15,2,docr,1219.88,2,3.373,2,34.508,2,0.639,2,87.52,2,1483.655,2,27.466,2,35.16054493,2,-122.96329753,2
1321751970,11/20/2011 01:19:30,2,docr,1211.1,2,3.396,2,34.507,2,0.628,2,87.53,2,1483.603,2,27.463,2,35.16054386,2,-122.96333293,2
1321751985,11/20/2011 01:19:45,2,docr,1202.41,2,3.424,2,34.504,2,0.614,2,87.53,2,1483.571,2,27.4579,2,35.160544,2,-122.963388,2
1321752000,11/20/2011 01:20:00,2,docr,1193.73,2,3.436,2,34.502,2,0.605,2,87.53,2,1483.473,2,27.4551,2,35.16052986,2,-122.9633072,2
1321752015,11/20/2011 01:20:15,2,docr,1184.94,2,3.446,2,34.502,2,0.602,2,87.53,2,1483.368,2,27.454,2,35.16053013,2,-122.963274,2
1321752030,11/20/2011 01:20:30,2,docr,1176.16,2,3.468,2,34.501,2,0.594,2,87.52,2,1483.312,2,27.4511,2,35.16055,2,-122.96326,2
1321752045,11/20/2011 01:20:45,2,docr,1167.37,2,3.491,2,34.498,2,0.582,2,87.52,2,1483.257,2,27.4464,2,35.16054813,2,-122.96329833,2
1321752060,11/20/2011 01:21:00,2,docr,1158.59,2,3.506,2,34.497,2,0.574,2,87.52,2,1483.172,2,27.4441,2,35.1605476,2,-122.963303,2
1321752075,11/20/2011 01:21:15,2,docr,1149.6,2,3.532,2,34.495,2,0.563,2,87.52,2,1483.128,2,27.44,2,35.160534,2,-122.963257,2
1321752090,11/20/2011 01:21:30,2,docr,1140.72,2,3.556,2,34.493,2,0.552,2,87.52,2,1483.077,2,27.436,2,35.160558,2,-122.963313,2
1321752105,11/20/2011 01:21:45,2,docr,1131.93,2,3.576,2,34.491,2,0.543,2,87.51,2,1483.011,2,27.4324,2,35.16057,2,-122.963341,2
1321752120,11/20/2011 01:22:00,2,docr,1123.14,2,3.6,2,34.489,2,0.534,2,87.53,2,1482.962,2,27.4284,2,35.16057,2,-122.963341,2
1321752135,11/20/2011 01:22:15,2,docr,1114.26,2,3.618,2,34.487,2,0.526,2,87.53,2,1482.886,2,27.425,2,35.16061593,2,-122.963448,2
1321752150,11/20/2011 01:22:30,2,docr,1105.47,2,3.643,2,34.485,2,0.518,2,87.53,2,1482.841,2,27.4209,2,35.16064326,2,-122.96352386,2
1321752165,11/20/2011 01:22:45,2,docr,1096.58,2,3.66,2,34.484,2,0.507,2,87.53,2,1482.762,2,27.4184,2,35.1606058,2,-122.9634912,2
1321752180,11/20/2011 01:23:00,2,docr,1087.8,2,3.692,2,34.481,2,0.498,2,87.53,2,1482.745,2,27.4128,2,35.16060406,2,-122.96345706,2
1321752195,11/20/2011 01:23:15,2,docr,1079.01,2,3.71,2,34.479,2,0.487,2,87.53,2,1482.671,2,27.4094,2,35.160596,2,-122.96341,2
1321752210,11/20/2011 01:23:30,2,docr,1070.12,2,3.729,2,34.477,2,0.478,2,87.52,2,1482.599,2,27.4058,2,35.16062693,2,-122.9634508,2
1321752225,11/20/2011 01:23:45,2,docr,1061.23,2,3.752,2,34.475,2,0.47,2,87.53,2,1482.544,2,27.4019,2,35.16058366,2,-122.96330793,2
1321752240,11/20/2011 01:24:00,2,docr,1052.34,2,3.78,2,34.473,2,0.463,2,87.53,2,1482.51,2,27.3975,2,35.160543,2,-122.963135,2
1321752255,11/20/2011 01:24:15,2,docr,1043.55,2,3.808,2,34.469,2,0.451,2,87.53,2,1482.474,2,27.3914,2,35.16053633,2,-122.96327413,2
1321752270,11/20/2011 01:24:30,2,docr,1034.86,2,3.819,2,34.469,2,0.442,2,87.52,2,1482.375,2,27.3902,2,35.16053913,2,-122.96331353,2
1321752285,11/20/2011 01:24:45,2,docr,1026.17,2,3.848,2,34.466,2,0.436,2,87.53,2,1482.347,2,27.3849,2,35.160542,2,-122.963349,2
1321752300,11/20/2011 01:25:00,2,docr,1017.57,2,3.867,2,34.464,2,0.429,2,87.53,2,1482.279,2,27.3813,2,35.16054093,2,-122.96339546,2
1321752315,11/20/2011 01:25:15,2,docr,1008.88,2,3.892,2,34.462,2,0.42,2,87.53,2,1482.236,2,27.3771,2,35.16054033,2,-122.96341586,2
1321752330,11/20/2011 01:25:30,2,docr,1000.29,2,3.917,2,34.46,2,0.413,2,87.52,2,1482.194,2,27.373,2,35.160553,2,-122.96345,2
1321752345,11/20/2011 01:25:45,2,docr,991.69,2,3.944,2,34.458,2,0.405,2,87.52,2,1482.16,2,27.3686,2,35.16053913,2,-122.96342333,2
1321752360,11/20/2011 01:26:00,2,docr,983,2,3.974,2,34.457,2,0.401,2,87.51,2,1482.138,2,27.3647,2,35.16048146,2,-122.9633978,2
1321752375,11/20/2011 01:26:15,2,docr,975.49,2,4.001,2,34.454,2,0.392,2,87.51,2,1482.121,2,27.3595,2,35.160402,2,-122.963394,2
1321752390,11/20/2011 01:26:30,2,docr,969.76,2,4.019,2,34.452,2,0.382,2,87.5,2,1482.098,2,27.356,2,35.16041466,2,-122.96335046,2
1321752405,11/20/2011 01:26:45,2,docr,963.14,2,4.047,2,34.448,2,0.37,2,87.51,2,1482.099,2,27.3499,2,35.1603782,2,-122.9633284,2
1321752420,11/20/2011 01:27:00,2,docr,955.04,2,4.071,2,34.448,2,0.361,2,87.47,2,1482.063,2,27.3474,2,35.160215,2,-122.963326,2
1321752435,11/20/2011 01:27:15,2,docr,946.83,2,4.116,2,34.445,2,0.352,2,87.48,2,1482.109,2,27.3403,2,35.160215,2,-122.963326,2
1321752450,11/20/2011 01:27:30,2,docr,938.34,2,4.14,2,34.444,2,0.348,2,87.52,2,1482.066,2,27.3369,2,35.1602722,2,-122.96332113,2
1321752465,11/20/2011 01:27:45,2,docr,926.08,2,4.169,2,34.442,2,0.341,2,87.52,2,1481.978,2,27.3322,2,35.16065593,2,-122.96330606,2
1321752480,11/20/2011 01:28:00,2,docr,915.61,2,4.21,2,34.44,2,0.336,2,87.53,2,1481.971,2,27.3263,2,35.16066406,2,-122.96332766,2
1321752495,11/20/2011 01:28:15,2,docr,906.61,2,4.244,2,34.437,2,0.326,2,87.52,2,1481.958,2,27.3203,2,35.16066726,2,-122.96332493,2
1321752510,11/20/2011 01:28:30,2,docr,897.91,2,4.276,2,34.433,2,0.318,2,87.53,2,1481.94,2,27.3136,2,35.1606808,2,-122.963345,2
1321752525,11/20/2011 01:28:45,2,docr,889.12,2,4.301,2,34.431,2,0.311,2,87.53,2,1481.894,2,27.3093,2,35.16069586,2,-122.9633306,2
1321752540,11/20/2011 01:29:00,2,docr,880.42,2,4.315,2,34.429,2,0.308,2,87.53,2,1481.804,2,27.3062,2,35.160709,2,-122.963317,2
1321752555,11/20/2011 01:29:15,2,docr,871.82,2,4.338,2,34.428,2,0.304,2,87.53,2,1481.754,2,27.3029,2,35.16071393,2,-122.96333753,2
1321752570,11/20/2011 01:29:30,2,docr,863.02,2,4.364,2,34.426,2,0.299,2,87.53,2,1481.712,2,27.2985,2,35.1607096,2,-122.96332566,2
1321752585,11/20/2011 01:29:45,2,docr,854.12,2,4.39,2,34.424,2,0.293,2,87.53,2,1481.668,2,27.294,2,35.16071,2,-122.963305,2
1321752600,11/20/2011 01:30:00,2,docr,845.13,2,4.413,2,34.422,2,0.289,2,87.53,2,1481.61,2,27.2899,2,35.16074373,2,-122.96331033,2
1321752615,11/20/2011 01:30:15,2,docr,836.13,2,4.445,2,34.419,2,0.285,2,87.53,2,1481.588,2,27.284,2,35.16077066,2,-122.96330753,2
1321752630,11/20/2011 01:30:30,2,docr,828.91,2,4.467,2,34.416,2,0.278,2,87.53,2,1481.554,2,27.2792,2,35.16079,2,-122.963315,2
1321752645,11/20/2011 01:30:45,2,docr,821.8,2,4.481,2,34.415,2,0.276,2,87.53,2,1481.492,2,27.2768,2,35.16086346,2,-122.96334866,2
1321752660,11/20/2011 01:31:00,2,docr,814.38,2,4.518,2,34.41,2,0.271,2,87.54,2,1481.514,2,27.2688,2,35.16084213,2,-122.963357,2
1321752675,11/20/2011 01:31:15,2,docr,805.08,2,4.527,2,34.403,2,0.263,2,87.53,2,1481.387,2,27.2622,2,35.16078,2,-122.963355,2
1321752690,11/20/2011 01:31:30,2,docr,797.17,2,4.537,2,34.396,2,0.255,2,87.55,2,1481.287,2,27.2555,2,35.1607512,2,-122.96339366,2
1321752705,11/20/2011 01:31:45,2,docr,787.98,2,4.546,2,34.393,2,0.249,2,87.54,2,1481.166,2,27.252,2,35.16074533,2,-122.96340433,2
1321752720,11/20/2011 01:32:00,2,docr,777.89,2,4.548,2,34.377,2,0.242,2,87.55,2,1480.986,2,27.239,2,35.160761,2,-122.963389,2
1321752735,11/20/2011 01:32:15,2,docr,770.18,2,4.559,2,34.371,2,0.232,2,87.55,2,1480.894,2,27.233,2,35.16072506,2,-122.96334353,2
1321752750,11/20/2011 01:32:30,2,docr,761.87,2,4.587,2,34.369,2,0.229,2,87.55,2,1480.868,2,27.2283,2,35.16071946,2,-122.96331613,2
1321752765,11/20/2011 01:32:45,2,docr,752.18,2,4.611,2,34.359,2,0.226,2,87.55,2,1480.792,2,27.2176,2,35.16075846,2,-122.96328126,2
1321752780,11/20/2011 01:33:00,2,docr,742.19,2,4.62,2,34.353,2,0.221,2,87.55,2,1480.655,2,27.2118,2,35.16076426,2,-122.96328553,2
1321752795,11/20/2011 01:33:15,2,docr,732.99,2,4.646,2,34.344,2,0.22,2,87.55,2,1480.597,2,27.2017,2,35.16075746,2,-122.96328693,2
1321752810,11/20/2011 01:33:30,2,docr,722.9,2,4.634,2,34.336,2,0.217,2,87.55,2,1480.369,2,27.1966,2,35.16079193,2,-122.96329973,2
1321752825,11/20/2011 01:33:45,2,docr,713.8,2,4.669,2,34.335,2,0.216,2,87.55,2,1480.36,2,27.1918,2,35.160748,2,-122.96328026,2
1321752840,11/20/2011 01:34:00,2,docr,704.69,2,4.697,2,34.332,2,0.218,2,87.54,2,1480.319,2,27.1863,2,35.16072066,2,-122.96326826,2
1321752855,11/20/2011 01:34:15,2,docr,696.38,2,4.712,2,34.319,2,0.218,2,87.56,2,1480.225,2,27.1742,2,35.1607294,2,-122.9633136,2
1321752870,11/20/2011 01:34:30,2,docr,691.24,2,4.724,2,34.317,2,0.221,2,87.56,2,1480.186,2,27.1713,2,35.16075393,2,-122.96331866,2
1321752885,11/20/2011 01:34:45,2,docr,691.64,2,4.727,2,34.316,2,0.222,2,87.56,2,1480.204,2,27.1702,2,35.160779,2,-122.963326,2
1321752900,11/20/2011 01:35:00,2,docr,691.44,2,4.727,2,34.316,2,0.223,2,87.56,2,1480.2,2,27.1702,2,35.16077873,2,-122.9633346,2
1321752915,11/20/2011 01:35:15,2,docr,691.44,2,4.726,2,34.316,2,0.222,2,87.56,2,1480.196,2,27.1703,2,35.16075666,2,-122.963357,2
1321752930,11/20/2011 01:35:30,2,docr,691.14,2,4.728,2,34.316,2,0.222,2,87.55,2,1480.2,2,27.17,2,35.160725,2,-122.96338,2
1321752945,11/20/2011 01:35:45,2,docr,690.05,2,4.729,2,34.317,2,0.223,2,87.56,2,1480.187,2,27.1707,2,35.16073673,2,-122.96338533,2
1321752960,11/20/2011 01:36:00,2,docr,687.28,2,4.739,2,34.314,2,0.223,2,87.56,2,1480.178,2,27.1672,2,35.16074713,2,-122.9633636,2
1321752975,11/20/2011 01:36:15,2,docr,684.41,2,4.762,2,34.309,2,0.224,2,87.56,2,1480.218,2,27.1607,2,35.160756,2,-122.963317,2
1321752990,11/20/2011 01:36:30,2,docr,681.44,2,4.779,2,34.306,2,0.224,2,87.57,2,1480.234,2,27.1564,2,35.16073973,2,-122.9633406,2
1321753005,11/20/2011 01:36:45,2,docr,678.67,2,4.791,2,34.304,2,0.224,2,87.57,2,1480.235,2,27.1534,2,35.16074133,2,-122.96335133,2
1321753020,11/20/2011 01:37:00,2,docr,677.69,2,4.798,2,34.303,2,0.222,2,87.55,2,1480.246,2,27.1518,2,35.160748,2,-122.963364,2
1321753035,11/20/2011 01:37:15,2,docr,677.78,2,4.798,2,34.303,2,0.223,2,87.57,2,1480.247,2,27.1518,2,35.160748,2,-122.963364,2
1321753050,11/20/2011 01:37:30,2,docr,677.69,2,4.8,2,34.303,2,0.222,2,87.57,2,1480.254,2,27.1516,2,35.16077493,2,-122.9634,2
1321753065,11/20/2011 01:37:45,2,docr,677.69,2,4.8,2,34.304,2,0.223,2,87.57,2,1480.255,2,27.1524,2,35.160809,2,-122.96349,2
1321753080,11/20/2011 01:38:00,2,docr,677.59,2,4.802,2,34.302,2,0.223,2,87.56,2,1480.259,2,27.1506,2,35.16082293,2,-122.96352006,2
1321753095,11/20/2011 01:38:15,2,docr,676.1,2,4.799,2,34.303,2,0.223,2,87.57,2,1480.223,2,27.1517,2,35.16081206,2,-122.96349393,2
1321753110,11/20/2011 01:38:30,2,docr,673.03,2,4.808,2,34.302,2,0.223,2,87.56,2,1480.208,2,27.1499,2,35.16073126,2,-122.96334486,2
1321753125,11/20/2011 01:38:45,2,docr,669.97,2,4.828,2,34.298,2,0.226,2,87.57,2,1480.233,2,27.1444,2,35.16078306,2,-122.96340006,2
1321753140,11/20/2011 01:39:00,2,docr,668.29,2,4.837,2,34.297,2,0.227,2,87.57,2,1480.241,2,27.1426,2,35.16081586,2,-122.9634344,2
1321753155,11/20/2011 01:39:15,2,docr,668.48,2,4.837,2,34.296,2,0.228,2,87.57,2,1480.243,2,27.1418,2,35.16083766,2,-122.96342653,2
1321753170,11/20/2011 01:39:30,2,docr,668.38,2,4.837,2,34.297,2,0.228,2,87.55,2,1480.243,2,27.1426,2,35.160819,2,-122.96345253,2
1321753185,11/20/2011 01:39:45,2,docr,668.19,2,4.84,2,34.297,2,0.227,2,87.56,2,1480.252,2,27.1423,2,35.16081246,2,-122.96346873,2
1321753200,11/20/2011 01:40:00,2,docr,668.29,2,4.835,2,34.296,2,0.228,2,87.56,2,1480.231,2,27.1421,2,35.16077833,2,-122.96339313,2
1321753215,11/20/2011 01:40:15,2,docr,668.19,2,4.831,2,34.297,2,0.227,2,87.56,2,1480.215,2,27.1433,2,35.1607764,2,-122.96341093,2
1321753230,11/20/2011 01:40:30,2,docr,668.48,2,4.826,2,34.298,2,0.228,2,87.51,2,1480.2,2,27.1447,2,35.160784,2,-122.963431,2
1321753245,11/20/2011 01:40:45,2,docr,667.39,2,4.834,2,34.297,2,0.228,2,87.56,2,1480.214,2,27.143,2,35.16073546,2,-122.96336346,2
1321753260,11/20/2011 01:41:00,2,docr,664.13,2,4.847,2,34.297,2,0.226,2,87.57,2,1480.213,2,27.1415,2,35.16072433,2,-122.96337633,2
1321753275,11/20/2011 01:41:15,2,docr,660.86,2,4.86,2,34.295,2,0.226,2,87.57,2,1480.209,2,27.1384,2,35.160705,2,-122.963388,2
1321753290,11/20/2011 01:41:30,2,docr,657.9,2,4.855,2,34.291,2,0.233,2,87.56,2,1480.134,2,27.1358,2,35.16072126,2,-122.96337973,2
1321753305,11/20/2011 01:41:45,2,docr,654.93,2,4.856,2,34.291,2,0.236,2,87.56,2,1480.088,2,27.1356,2,35.1607306,2,-122.96338746,2
1321753320,11/20/2011 01:42:00,2,docr,651.86,2,4.857,2,34.292,2,0.234,2,87.57,2,1480.043,2,27.1363,2,35.160738,2,-122.963398,2
1321753335,11/20/2011 01:42:15,2,docr,650.18,2,4.859,2,34.292,2,0.235,2,87.56,2,1480.023,2,27.136,2,35.16073313,2,-122.96340873,2
1321753350,11/20/2011 01:42:30,2,docr,650.37,2,4.863,2,34.29,2,0.234,2,87.57,2,1480.04,2,27.134,2,35.1607308,2,-122.96341726,2
1321753365,11/20/2011 01:42:45,2,docr,650.28,2,4.864,2,34.289,2,0.238,2,87.57,2,1480.041,2,27.1331,2,35.160732,2,-122.96343,2
1321753380,11/20/2011 01:43:00,2,docr,650.28,2,4.869,2,34.289,2,0.238,2,87.57,2,1480.061,2,27.1325,2,35.16073433,2,-122.96342213,2
1321753395,11/20/2011 01:43:15,2,docr,650.18,2,4.869,2,34.289,2,0.238,2,87.57,2,1480.06,2,27.1325,2,35.160738,2,-122.96341506,2
1321753410,11/20/2011 01:43:30,2,docr,650.18,2,4.864,2,34.289,2,0.238,2,87.56,2,1480.039,2,27.1331,2,35.160737,2,-122.963411,2
1321753425,11/20/2011 01:43:45,2,docr,650.37,2,4.867,2,34.29,2,0.238,2,87.57,2,1480.056,2,27.1335,2,35.16070993,2,-122.9634244,2
1321753440,11/20/2011 01:44:00,2,docr,649.29,2,4.871,2,34.288,2,0.238,2,87.56,2,1480.052,2,27.1315,2,35.1606988,2,-122.9634176,2
1321753455,11/20/2011 01:44:15,2,docr,646.32,2,4.882,2,34.287,2,0.237,2,87.57,2,1480.046,2,27.1294,2,35.16072706,2,-122.9634316,2
1321753470,11/20/2011 01:44:30,2,docr,643.35,2,4.886,2,34.284,2,0.24,2,87.57,2,1480.009,2,27.1266,2,35.16071613,2,-122.9634218,2
1321753485,11/20/2011 01:44:45,2,docr,640.58,2,4.893,2,34.282,2,0.243,2,87.57,2,1479.989,2,27.1242,2,35.16071686,2,-122.96341466,2
1321753500,11/20/2011 01:45:00,2,docr,640.68,2,4.896,2,34.282,2,0.243,2,87.57,2,1480.003,2,27.1238,2,35.16074046,2,-122.96341166,2
1321753515,11/20/2011 01:45:15,2,docr,640.58,2,4.897,2,34.282,2,0.243,2,87.57,2,1480.005,2,27.1237,2,35.16070193,2,-122.96341106,2
1321753530,11/20/2011 01:45:30,2,docr,640.48,2,4.895,2,34.282,2,0.243,2,87.57,2,1479.995,2,27.124,2,35.160676,2,-122.9634022,2
1321753545,11/20/2011 01:45:45,2,docr,640.58,2,4.901,2,34.282,2,0.243,2,87.57,2,1480.022,2,27.1233,2,35.16067653,2,-122.96330926,2
1321753560,11/20/2011 01:46:00,2,docr,640.38,2,4.894,2,34.282,2,0.243,2,87.57,2,1479.99,2,27.1241,2,35.16067793,2,-122.96338893,2
1321753575,11/20/2011 01:46:15,2,docr,639.49,2,4.896,2,34.282,2,0.243,2,87.57,2,1479.983,2,27.1238,2,35.160675,2,-122.963458,2
1321753590,11/20/2011 01:46:30,2,docr,636.82,2,4.903,2,34.28,2,0.244,2,87.57,2,1479.965,2,27.1214,2,35.16065833,2,-122.96342926,2
1321753605,11/20/2011 01:46:45,2,docr,634.05,2,4.905,2,34.276,2,0.248,2,87.57,2,1479.921,2,27.118,2,35.16066013,2,-122.96341826,2
1321753620,11/20/2011 01:47:00,2,docr,631.18,2,4.909,2,34.274,2,0.252,2,87.57,2,1479.887,2,27.1159,2,35.160658,2,-122.9634,2
1321753635,11/20/2011 01:47:15,2,docr,629.69,2,4.918,2,34.273,2,0.254,2,87.56,2,1479.898,2,27.1141,2,35.16067006,2,-122.96339813,2
1321753650,11/20/2011 01:47:30,2,docr,629.79,2,4.919,2,34.273,2,0.255,2,87.57,2,1479.904,2,27.114,2,35.1606706,2,-122.96340593,2
1321753665,11/20/2011 01:47:45,2,docr,629.49,2,4.921,2,34.272,2,0.256,2,87.57,2,1479.906,2,27.113,2,35.160679,2,-122.963426,2
1321753680,11/20/2011 01:48:00,2,docr,627.71,2,4.924,2,34.272,2,0.257,2,87.56,2,1479.888,2,27.1126,2,35.1606572,2,-122.96338426,2
1321753695,11/20/2011 01:48:15,2,docr,625.04,2,4.932,2,34.268,2,0.26,2,87.56,2,1479.871,2,27.1085,2,35.16066226,2,-122.9633844,2
1321753710,11/20/2011 01:48:30,2,docr,622.17,2,4.939,2,34.266,2,0.265,2,87.56,2,1479.85,2,27.1061,2,35.160686,2,-122.963408,2
1321753725,11/20/2011 01:48:45,2,docr,619.4,2,4.94,2,34.265,2,0.267,2,87.57,2,1479.806,2,27.1052,2,35.1606832,2,-122.96341433,2
1321753740,11/20/2011 01:49:00,2,docr,618.61,2,4.941,2,34.265,2,0.267,2,87.57,2,1479.797,2,27.1051,2,35.1606838,2,-122.96341273,2
1321753755,11/20/2011 01:49:15,2,docr,618.71,2,4.946,2,34.267,2,0.267,2,87.57,2,1479.822,2,27.1061,2,35.160676,2,-122.963394,2
1321753770,11/20/2011 01:49:30,2,docr,618.61,2,4.946,2,34.265,2,0.267,2,87.57,2,1479.818,2,27.1045,2,35.16069386,2,-122.96340306,2
1321753785,11/20/2011 01:49:45,2,docr,618.61,2,4.952,2,34.265,2,0.267,2,87.56,2,1479.842,2,27.1038,2,35.16069846,2,-122.96340753,2
1321753800,11/20/2011 01:50:00,2,docr,618.51,2,4.942,2,34.265,2,0.267,2,87.57,2,1479.8,2,27.105,2,35.160709,2,-122.963415,2
1321753815,11/20/2011 01:50:15,2,docr,618.51,2,4.941,2,34.266,2,0.268,2,87.56,2,1479.797,2,27.1059,2,35.1606882,2,-122.96339713,2
1321753830,11/20/2011 01:50:30,2,docr,618.61,2,4.95,2,34.265,2,0.267,2,87.56,2,1479.834,2,27.1041,2,35.16068313,2,-122.96338953,2
1321753845,11/20/2011 01:50:45,2,docr,618.41,2,4.941,2,34.265,2,0.268,2,87.57,2,1479.794,2,27.1051,2,35.16064793,2,-122.96337953,2
1321753860,11/20/2011 01:51:00,2,docr,616.43,2,4.947,2,34.265,2,0.267,2,87.56,2,1479.785,2,27.1044,2,35.16063826,2,-122.96338426,2
1321753875,11/20/2011 01:51:15,2,docr,613.46,2,4.953,2,34.263,2,0.269,2,87.56,2,1479.758,2,27.1021,2,35.1606378,2,-122.96339093,2
1321753890,11/20/2011 01:51:30,2,docr,610.69,2,4.961,2,34.26,2,0.274,2,87.55,2,1479.741,2,27.0988,2,35.160647,2,-122.96338213,2
1321753905,11/20/2011 01:51:45,2,docr,608.12,2,4.973,2,34.254,2,0.282,2,87.56,2,1479.739,2,27.0926,2,35.1606544,2,-122.963379,2
1321753920,11/20/2011 01:52:00,2,docr,605.34,2,4.98,2,34.248,2,0.295,2,87.55,2,1479.714,2,27.087,2,35.160665,2,-122.963373,2
1321753935,11/20/2011 01:52:15,2,docr,603.37,2,4.985,2,34.246,2,0.302,2,87.55,2,1479.699,2,27.0849,2,35.16066666,2,-122.96338166,2
1321753950,11/20/2011 01:52:30,2,docr,603.56,2,4.986,2,34.246,2,0.302,2,87.55,2,1479.706,2,27.0848,2,35.1606644,2,-122.96339793,2
1321753965,11/20/2011 01:52:45,2,docr,603.46,2,4.992,2,34.246,2,0.303,2,87.55,2,1479.729,2,27.0841,2,35.160655,2,-122.963428,2
1321753980,11/20/2011 01:53:00,2,docr,603.27,2,4.988,2,34.246,2,0.303,2,87.55,2,1479.709,2,27.0845,2,35.16065646,2,-122.96335733,2
1321753995,11/20/2011 01:53:15,2,docr,603.46,2,4.988,2,34.245,2,0.303,2,87.56,2,1479.711,2,27.0837,2,35.1606564,2,-122.96336186,2
1321754010,11/20/2011 01:53:30,2,docr,603.46,2,4.992,2,34.246,2,0.304,2,87.55,2,1479.729,2,27.0841,2,35.160645,2,-122.963377,2
1321754025,11/20/2011 01:53:45,2,docr,602.87,2,4.988,2,34.246,2,0.304,2,87.55,2,1479.703,2,27.0845,2,35.16061953,2,-122.96337893,2
1321754040,11/20/2011 01:54:00,2,docr,595.64,2,5.001,2,34.245,2,0.306,2,87.55,2,1479.634,2,27.0822,2,35.16061746,2,-122.9633802,2
1321754055,11/20/2011 01:54:15,2,docr,586.14,2,5.047,2,34.238,2,0.317,2,87.55,2,1479.654,2,27.0713,2,35.160641,2,-122.963399,2
1321754070,11/20/2011 01:54:30,2,docr,577.43,2,5.128,2,34.232,2,0.341,2,87.53,2,1479.831,2,27.0572,2,35.16062026,2,-122.9633864,2
1321754085,11/20/2011 01:54:45,2,docr,569.91,2,5.209,2,34.233,2,0.352,2,87.53,2,1480.036,2,27.0485,2,35.16061726,2,-122.96338773,2
1321754100,11/20/2011 01:55:00,2,docr,567.33,2,5.259,2,34.234,2,0.355,2,87.53,2,1480.197,2,27.0435,2,35.160623,2,-122.96339,2
1321754115,11/20/2011 01:55:15,2,docr,562.68,2,5.323,2,34.234,2,0.355,2,87.52,2,1480.379,2,27.0359,2,35.16061013,2,-122.96337253,2
1321754130,11/20/2011 01:55:30,2,docr,555.26,2,5.355,2,34.233,2,0.354,2,87.52,2,1480.384,2,27.0313,2,35.16059393,2,-122.9633614,2
1321754145,11/20/2011 01:55:45,2,docr,546.84,2,5.342,2,34.21,2,0.384,2,87.53,2,1480.162,2,27.0145,2,35.16058593,2,-122.96337686,2
1321754160,11/20/2011 01:56:00,2,docr,539.61,2,5.394,2,34.211,2,0.418,2,87.53,2,1480.253,2,27.0091,2,35.16057073,2,-122.96338006,2
1321754175,11/20/2011 01:56:15,2,docr,530.41,2,5.42,2,34.195,2,0.431,2,87.52,2,1480.184,2,26.9933,2,35.16055953,2,-122.96337813,2
1321754190,11/20/2011 01:56:30,2,docr,522.09,2,5.404,2,34.183,2,0.481,2,87.54,2,1479.966,2,26.9856,2,35.16055893,2,-122.96339353,2
1321754205,11/20/2011 01:56:45,2,docr,513.57,2,5.437,2,34.178,2,0.506,2,87.55,2,1479.951,2,26.9776,2,35.1605626,2,-122.96338773,2
1321754220,11/20/2011 01:57:00,2,docr,505.16,2,5.501,2,34.175,2,0.53,2,87.54,2,1480.065,2,26.9675,2,35.16056193,2,-122.96337986,2
1321754235,11/20/2011 01:57:15,2,docr,496.44,2,5.535,2,34.172,2,0.538,2,87.55,2,1480.053,2,26.961,2,35.16057033,2,-122.963374,2
1321754250,11/20/2011 01:57:30,2,docr,488.32,2,5.551,2,34.172,2,0.548,2,87.54,2,1479.983,2,26.959,2,35.16055933,2,-122.96340306,2
1321754265,11/20/2011 01:57:45,2,docr,478.61,2,5.605,2,34.162,2,0.57,2,87.54,2,1480.026,2,26.9445,2,35.160546,2,-122.96342,2
1321754280,11/20/2011 01:58:00,2,docr,469.21,2,5.629,2,34.152,2,0.609,2,87.54,2,1479.953,2,26.9335,2,35.1605114,2,-122.9633702,2
1321754295,11/20/2011 01:58:15,2,docr,459.8,2,5.699,2,34.149,2,0.651,2,87.54,2,1480.074,2,26.9226,2,35.16052873,2,-122.96340206,2
1321754310,11/20/2011 01:58:30,2,docr,450.78,2,5.775,2,34.138,2,0.679,2,87.54,2,1480.214,2,26.9045,2,35.160531,2,-122.963413,2
1321754325,11/20/2011 01:58:45,2,docr,441.87,2,5.831,2,34.131,2,0.721,2,87.54,2,1480.281,2,26.892,2,35.16054813,2,-122.96341826,2
1321754340,11/20/2011 01:59:00,2,docr,433.15,2,5.897,2,34.124,2,0.763,2,87.53,2,1480.391,2,26.8782,2,35.16054313,2,-122.9634208,2
1321754355,11/20/2011 01:59:15,2,docr,424.73,2,5.962,2,34.117,2,0.798,2,87.53,2,1480.501,2,26.8645,2,35.160522,2,-122.963426,2
1321754370,11/20/2011 01:59:30,2,docr,417.3,2,5.999,2,34.112,2,0.83,2,87.53,2,1480.519,2,26.8558,2,35.16049593,2,-122.963445,2
1321754385,11/20/2011 01:59:45,2,docr,408.88,2,6.044,2,34.109,2,0.855,2,87.52,2,1480.554,2,26.8477,2,35.16046946,2,-122.96344206,2
1321754400,11/20/2011 02:00:00,2,docr,400.66,2,6.133,2,34.1,2,0.905,2,87.53,2,1480.76,2,26.8293,2,35.160395,2,-122.9634,2
1321754415,11/20/2011 02:00:15,2,docr,393.52,2,6.175,2,34.095,2,0.954,2,87.53,2,1480.801,2,26.8199,2,35.16037713,2,-122.96341946,2
1321754430,11/20/2011 02:00:30,2,docr,384.7,2,6.244,2,34.094,2,0.975,2,87.52,2,1480.927,2,26.8102,2,35.16036026,2,-122.96342453,2
1321754445,11/20/2011 02:00:45,2,docr,376.38,2,6.3,2,34.089,2,1.008,2,87.52,2,1481.003,2,26.799,2,35.160305,2,-122.963409,2
1321754460,11/20/2011 02:01:00,2,docr,368.16,2,6.356,2,34.085,2,1.055,2,87.5,2,1481.083,2,26.7885,2,35.1603018,2,-122.963378,2
1321754475,11/20/2011 02:01:15,2,docr,359.64,0,6.498,0,34.098,0,1.074,0,87.51,2,1481.517,0,26.7802,0,35.16030046,2,-122.96336033,2
1321754490,11/20/2011 02:01:30,2,docr,351.71,2,6.601,2,34.088,2,1.123,2,87.51,2,1481.777,2,26.7587,2,35.1602766,2,-122.963347,2
1321754505,11/20/2011 02:01:45,2,docr,342.99,2,6.638,2,34.079,2,1.168,2,87.5,2,1481.766,2,26.7466,2,35.16029066,2,-122.96334666,2
1321754520,11/20/2011 02:02:00,2,docr,334.17,2,6.865,2,34.105,2,1.221,2,87.51,2,1482.538,2,26.7366,2,35.1602994,2,-122.96334806,2
1321754535,11/20/2011 02:02:15,2,docr,325.74,0,7.021,0,34.096,0,1.172,0,87.49,2,1482.994,0,26.7082,0,35.1602656,2,-122.96335846,2
1321754550,11/20/2011 02:02:30,2,docr,316.42,2,7.041,2,34.098,2,1.215,2,87.51,2,1482.919,2,26.7069,2,35.16025526,2,-122.9633492,2
1321754565,11/20/2011 02:02:45,2,docr,307.6,2,7.083,2,34.078,2,1.326,2,87.5,2,1482.91,2,26.6853,2,35.1602458,2,-122.96334066,2
1321754580,11/20/2011 02:03:00,2,docr,298.68,2,7.162,2,34.073,2,1.399,2,87.5,2,1483.062,2,26.6703,2,35.1602372,2,-122.96334,2
1321754595,11/20/2011 02:03:15,2,docr,290.16,2,7.288,2,34.074,2,1.479,2,87.5,2,1483.408,2,26.6535,2,35.16023406,2,-122.96333506,2
1321754610,11/20/2011 02:03:30,2,docr,281.53,2,7.394,2,34.069,2,1.524,2,87.5,2,1483.666,2,26.6345,2,35.160228,2,-122.963329,2
1321754625,11/20/2011 02:03:45,2,docr,273.11,2,7.424,2,34.053,2,1.611,2,87.48,2,1483.622,2,26.6176,2,35.16019273,2,-122.96331186,2
1321754640,11/20/2011 02:04:00,2,docr,263.99,2,7.472,2,34.054,2,1.66,2,87.48,2,1483.656,2,26.6115,2,35.16018706,2,-122.96330653,2
1321754655,11/20/2011 02:04:15,2,docr,255.16,2,7.606,2,34.05,2,1.725,2,87.45,2,1484.017,2,26.5891,2,35.160181,2,-122.963295,2
1321754670,11/20/2011 02:04:30,2,docr,246.83,2,7.74,2,34.049,2,1.774,2,87.47,2,1484.389,2,26.5689,2,35.16017906,2,-122.96328226,2
1321754685,11/20/2011 02:04:45,2,docr,238.8,2,7.872,2,34.042,2,1.833,2,87.45,2,1484.749,2,26.5441,2,35.16018033,2,-122.963293,2
1321754700,11/20/2011 02:05:00,2,docr,231.07,2,7.975,2,34.04,2,1.862,2,87.4,2,1485.009,2,26.5273,2,35.160191,2,-122.963296,2
1321754715,11/20/2011 02:05:15,2,docr,223.23,2,8.086,2,34.032,2,1.892,2,87.39,2,1485.289,2,26.5045,2,35.160178,2,-122.96333213,2
1321754730,11/20/2011 02:05:30,2,docr,215.2,2,8.139,2,34.014,2,1.967,2,87.38,2,1485.334,2,26.4823,2,35.16017413,2,-122.96334986,2
1321754745,11/20/2011 02:05:45,2,docr,207.47,2,8.226,2,34.004,2,2.117,2,87.36,2,1485.521,2,26.4614,2,35.160174,2,-122.963384,2
1321754760,11/20/2011 02:06:00,2,docr,199.34,2,8.338,2,33.995,2,2.114,2,87.32,2,1485.796,2,26.4373,2,35.16016546,2,-122.96340426,2
1321754775,11/20/2011 02:06:15,2,docr,191.6,2,8.43,2,33.976,2,2.162,2,87.3,2,1485.989,2,26.4083,2,35.16016933,2,-122.9634016,2
1321754790,11/20/2011 02:06:30,2,docr,185.55,2,8.493,2,33.961,2,2.258,2,87.29,2,1486.106,2,26.3869,2,35.160181,2,-122.963383,2
1321754805,11/20/2011 02:06:45,2,docr,180.59,2,8.549,2,33.943,2,2.32,2,87.28,2,1486.21,2,26.3641,2,35.16020053,2,-122.9633638,2
1321754820,11/20/2011 02:07:00,2,docr,174.14,2,8.598,2,33.92,2,2.455,2,87.27,2,1486.258,2,26.3384,2,35.16021973,2,-122.9633528,2
1321754835,11/20/2011 02:07:15,2,docr,167.1,2,8.645,2,33.901,2,2.493,2,87.26,2,1486.293,2,26.3162,2,35.16024773,2,-122.963342,2
1321754850,11/20/2011 02:07:30,2,docr,160.95,2,8.665,2,33.891,2,2.557,2,87.26,2,1486.253,2,26.3052,2,35.16024266,2,-122.9633662,2
1321754865,11/20/2011 02:07:45,2,docr,155.1,2,8.712,2,33.874,2,2.665,2,87.25,2,1486.31,2,26.2845,2,35.16023553,2,-122.96338893,2
1321754880,11/20/2011 02:08:00,2,docr,147.96,2,8.833,2,33.846,2,2.755,2,87.22,2,1486.606,2,26.2436,2,35.1602488,2,-122.96340113,2
1321754895,11/20/2011 02:08:15,2,docr,141.61,2,8.891,2,33.825,2,2.807,2,87.2,2,1486.69,2,26.218,2,35.1602376,2,-122.96341606,2
1321754910,11/20/2011 02:08:30,2,docr,135.56,2,8.99,2,33.793,2,2.83,2,87.18,2,1486.917,2,26.1772,2,35.16023293,2,-122.96343186,2
1321754925,11/20/2011 02:08:45,2,docr,130.3,2,9.133,2,33.736,2,2.936,2,87.16,2,1487.287,2,26.1098,2,35.16023893,2,-122.9634188,2
1321754940,11/20/2011 02:09:00,2,docr,127.42,2,9.195,2,33.711,2,3.035,2,87.15,2,1487.437,2,26.0803,2,35.16024366,2,-122.9634084,2
1321754955,11/20/2011 02:09:15,2,docr,125.24,2,9.243,2,33.693,2,3.1,2,87.12,2,1487.555,2,26.0585,2,35.160246,2,-122.9634,2
1321754970,11/20/2011 02:09:30,2,docr,119.68,2,9.341,2,33.658,2,3.197,2,87.1,2,1487.779,2,26.0153,2,35.16029973,2,-122.96329026,2
1321754985,11/20/2011 02:09:45,2,docr,117.2,2,9.426,2,33.628,2,3.3,2,87.1,2,1488.012,2,25.9781,2,35.16032493,2,-122.96325453,2
1321755000,11/20/2011 02:10:00,2,docr,112.64,2,9.476,2,33.607,2,3.384,2,87.07,2,1488.093,2,25.9534,2,35.160356,2,-122.963217,2
1321755015,11/20/2011 02:10:15,2,docr,105.3,2,9.598,2,33.577,2,3.481,2,87.07,2,1488.38,2,25.91,2,35.1604118,2,-122.96321126,2
1321755030,11/20/2011 02:10:30,2,docr,100.83,2,9.682,2,33.552,2,3.58,2,87.05,2,1488.581,2,25.8766,2,35.1604352,2,-122.9632126,2
1321755045,11/20/2011 02:10:45,2,docr,100.83,2,9.737,2,33.532,2,3.639,2,87.03,2,1488.756,2,25.8519,2,35.160461,2,-122.963224,2
1321755060,11/20/2011 02:11:00,2,docr,100.83,2,9.773,2,33.52,2,3.718,2,87.05,2,1488.872,2,25.8365,2,35.160461,2,-122.9632412,2
1321755075,11/20/2011 02:11:15,2,docr,100.83,2,9.768,2,33.524,2,3.699,2,86.93,2,1488.859,2,25.8405,2,35.16045366,2,-122.9632484,2
1321755090,11/20/2011 02:11:30,2,docr,100.83,2,9.816,2,33.508,2,3.76,2,86.97,2,1489.013,2,25.82,2,35.160449,2,-122.96325,2
1321755105,11/20/2011 02:11:45,2,docr,100.73,0,9.802,0,33.512,0,3.742,0,87.02,2,1488.965,0,25.8255,0,35.1604498,2,-122.96327146,2
1321755120,11/20/2011 02:12:00,2,docr,100.73,2,9.797,2,33.516,2,3.747,2,87.02,2,1488.952,2,25.8294,2,35.1604456,2,-122.96328326,2
1321755135,11/20/2011 02:12:15,2,docr,100.24,2,9.805,2,33.511,2,3.751,2,87.01,2,1488.967,2,25.8242,2,35.160436,2,-122.963297,2
1321755150,11/20/2011 02:12:30,2,docr,99.05,2,9.798,2,33.515,2,3.743,2,86.99,2,1488.927,2,25.8285,2,35.16043446,2,-122.96329173,2
1321755165,11/20/2011 02:12:45,2,docr,95.47,2,9.928,2,33.482,2,3.816,2,86.64,2,1489.297,2,25.781,2,35.1604266,2,-122.96328813,2
1321755180,11/20/2011 02:13:00,2,docr,95.47,2,9.892,2,33.496,2,3.788,2,86.99,2,1489.184,2,25.7979,2,35.16041873,2,-122.9632904,2
1321755195,11/20/2011 02:13:15,2,docr,94.58,2,10.002,2,33.464,2,3.855,2,86.99,2,1489.528,2,25.7545,2,35.16040766,2,-122.9632864,2
1321755210,11/20/2011 02:13:30,2,docr,91.61,2,10.054,2,33.451,2,3.901,2,86.98,2,1489.65,2,25.7356,2,35.16040026,2,-122.96327986,2
1321755225,11/20/2011 02:13:45,2,docr,89.52,2,10.165,2,33.422,2,4.01,2,86.93,2,1489.979,2,25.6942,2,35.16040133,2,-122.9632482,2
1321755240,11/20/2011 02:14:00,2,docr,87.14,2,10.208,2,33.405,2,4.044,2,86.94,2,1490.073,2,25.6736,2,35.16039633,2,-122.96324453,2
1321755255,11/20/2011 02:14:15,2,docr,82.28,2,10.299,2,33.336,2,4.28,2,86.93,2,1490.235,2,25.6042,2,35.1603918,2,-122.9632452,2
1321755270,11/20/2011 02:14:30,2,docr,79.8,2,10.287,2,33.344,2,4.327,2,86.93,2,1490.16,2,25.6124,2,35.1603656,2,-122.9632332,2
1321755285,11/20/2011 02:14:45,2,docr,78.51,2,10.349,2,33.318,2,4.391,2,86.91,2,1490.329,2,25.5815,2,35.160366,2,-122.96323806,2
1321755300,11/20/2011 02:15:00,2,docr,72.65,2,10.659,2,33.246,2,4.584,2,86.89,2,1491.249,2,25.4718,2,35.160375,2,-122.963245,2
1321755315,11/20/2011 02:15:15,2,docr,68.39,0,10.723,0,33.188,0,4.745,0,86.86,2,1491.335,0,25.4154,0,35.1603528,2,-122.9632254,2
1321755330,11/20/2011 02:15:30,2,docr,64.02,0,10.964,0,33.024,0,5.32,0,86.7,2,1491.915,0,25.2452,0,35.160345,2,-122.96322626,2
1321755345,11/20/2011 02:15:45,2,docr,60.35,0,11.755,0,33.055,0,5.535,0,86.22,2,1494.651,0,25.1263,0,35.160338,2,-122.963229,2
1321755360,11/20/2011 02:16:00,2,docr,57.27,2,12.949,2,33.091,2,5.636,2,85.48,2,1498.703,2,24.9264,2,35.16036133,2,-122.9632262,2
1321755375,11/20/2011 02:16:15,2,docr,55.19,2,13.173,2,33.101,2,5.699,2,85.38,2,1499.428,2,24.8899,2,35.16038713,2,-122.96320253,2
1321755390,11/20/2011 02:16:30,2,docr,52.9,2,13.428,2,33.119,2,5.754,2,85.02,2,1500.258,2,24.8527,2,35.160425,2,-122.963157,2
1321755405,11/20/2011 02:16:45,2,docr,49.63,2,13.374,2,33.083,2,5.757,2,84.98,2,1499.982,2,24.8356,2,35.16043973,2,-122.96308686,2
1321755420,11/20/2011 02:17:00,2,docr,45.76,2,13.504,2,33.075,2,5.782,2,84.51,2,1500.338,2,24.8032,2,35.1604606,2,-122.96304826,2
1321755435,11/20/2011 02:17:15,2,docr,43.87,2,13.579,2,33.075,2,5.801,2,84.35,2,1500.554,2,24.7879,2,35.160501,2,-122.963,2
1321755450,11/20/2011 02:17:30,2,docr,40.4,2,13.668,2,33.062,2,5.818,2,84.27,2,1500.774,2,24.7597,2,35.160509,2,-122.96289693,2
1321755465,11/20/2011 02:17:45,2,docr,41.79,2,13.649,2,33.069,2,5.802,2,84.26,2,1500.743,2,24.769,2,35.16051913,2,-122.9628324,2
1321755480,11/20/2011 02:18:00,2,docr,41.49,2,13.659,2,33.071,2,5.802,2,84.25,2,1500.773,2,24.7685,2,35.160534,2,-122.962701,2
1321755495,11/20/2011 02:18:15,2,docr,40.89,2,13.675,2,33.065,2,5.806,2,84.27,2,1500.809,2,24.7606,2,35.1605318,2,-122.96263706,2
1321755510,11/20/2011 02:18:30,2,docr,41.19,2,13.675,2,33.063,2,5.807,2,84.24,2,1500.811,2,24.7591,2,35.1605292,2,-122.96260246,2
1321755525,11/20/2011 02:18:45,2,docr,40.99,2,13.682,2,33.061,2,5.807,2,84.2,2,1500.829,2,24.7561,2,35.16053106,2,-122.96257713,2
1321755540,11/20/2011 02:19:00,2,docr,41.39,2,13.684,2,33.062,2,5.804,2,84.25,2,1500.843,2,24.7565,2,35.16052833,2,-122.9625292,2
1321755555,11/20/2011 02:19:15,2,docr,40.5,2,13.698,2,33.058,2,5.815,2,84.2,2,1500.87,2,24.7505,2,35.16053073,2,-122.96248706,2
1321755570,11/20/2011 02:19:30,2,docr,37.92,2,13.712,2,33.053,2,5.835,2,84.1,2,1500.867,2,24.7437,2,35.16053946,2,-122.962418,2
1321755585,11/20/2011 02:19:45,2,docr,35.14,2,13.714,2,33.035,2,5.831,2,84.09,2,1500.806,2,24.7293,2,35.1605432,2,-122.96242526,2
1321755600,11/20/2011 02:20:00,2,docr,32.56,2,13.788,2,33.033,2,5.787,2,83.54,2,1501.003,2,24.7126,2,35.16054726,2,-122.96242573,2
1321755615,11/20/2011 02:20:15,2,docr,29.18,2,13.848,2,33.011,2,5.729,2,82.98,2,1501.118,2,24.6832,2,35.1605788,2,-122.9623476,2
1321755630,11/20/2011 02:20:30,2,docr,26.5,2,13.887,2,33.006,2,5.595,2,82.95,2,1501.195,2,24.6713,2,35.16058973,2,-122.9623346,2
1321755645,11/20/2011 02:20:45,2,docr,25.11,2,13.905,2,33.005,2,5.444,2,82.85,2,1501.229,2,24.6668,2,35.160596,2,-122.962324,2
1321755660,11/20/2011 02:21:00,2,docr,21.44,2,13.916,2,33.006,2,5.473,2,82.59,2,1501.205,2,24.6651,2,35.16065713,2,-122.96228666,2
1321755675,11/20/2011 02:21:15,2,docr,17.97,2,13.953,2,33.007,2,5.351,2,82.29,2,1501.27,2,24.6582,2,35.16065753,2,-122.96226533,2
1321755690,11/20/2011 02:21:30,2,docr,16.88,2,13.935,2,33.005,2,5.308,2,82.26,2,1501.19,2,24.6603,2,35.16066,2,-122.962236,2
1321755705,11/20/2011 02:21:45,2,docr,16.68,2,13.935,2,33.006,2,5.29,2,82.28,2,1501.188,2,24.6611,2,35.16057986,2,-122.96219873,2
1321755720,11/20/2011 02:22:00,2,docr,16.68,2,13.937,2,33.007,2,5.286,2,82.3,2,1501.196,2,24.6615,2,35.16061806,2,-122.9621678,2
1321755735,11/20/2011 02:22:15,2,docr,15.29,2,13.959,2,33.008,2,5.339,2,82.33,2,1501.246,2,24.6577,2,35.160693,2,-122.962124,2
1321755750,11/20/2011 02:22:30,2,docr,9.13,2,14.036,2,33.01,2,5.662,0,82.3,2,1501.397,2,24.6431,2,35.16072466,2,-122.96207593,2
1321755765,11/20/2011 02:22:45,2,docr,4.67,0,14.034,0,32.988,0,5.279,0,46.11,0,1501.29,0,24.6264,0,35.160731,2,-122.96207033,2
1321755780,11/20/2011 02:23:00,2,docr,4.27,0,14.023,0,32.877,0,5.167,0,65.71,0,1501.117,0,24.543,0,35.160737,2,-122.962077,2
1321755795,11/20/2011 02:23:15,2,docr,4.17,0,14.017,0,30.388,0,4.785,0,58.69,2,1498.178,0,22.6233,0,35.160737,2,-122.962077,2
1321755810,11/20/2011 02:23:30,2,docr,4.17,0,14.01,0,31.914,0,4.743,0,60.03,2,1499.944,0,23.8022,0,35.160737,2,-122.962077,2
1321755825,11/20/2011 02:23:45,2,docr,4.07,0,13.999,0,31.448,0,4.76,0,61.27,2,1499.359,0,23.4448,0,35.160737,2,-122.962077,2
1321755840,11/20/2011 02:24:00,2,docr,4.07,0,13.984,0,31.67,0,4.754,0,61.85,2,1499.571,0,23.6192,0,35.160737,2,-122.962077,2
1321755855,11/20/2011 02:24:15,2,docr,4.07,0,13.962,0,,0,,0,61.66,2,,0,,0,35.160737,2,-122.962077,2
1321755870,11/20/2011 02:24:30,2,docr,4.07,0,13.941,0,,0,,0,61.93,2,,0,,0,35.160737,2,-122.962077,2
1321755885,11/20/2011 02:24:45,2,docr,3.97,0,13.92,0,,0,,0,62.12,2,,0,,0,35.160737,2,-122.962077,2
1321755900,11/20/2011 02:25:00,2,docr,3.97,0,13.884,0,,0,,0,61.7,2,,0,,0,35.160737,2,-122.962077,2
1321755915,11/20/2011 02:25:15,2,docr,3.97,0,13.868,0,,0,,0,61.6,2,,0,,0,35.160737,2,-122.962077,2
1321755930,11/20/2011 02:25:30,2,docr,3.97,0,13.865,0,,0,,0,61.99,2,,0,,0,35.160737,2,-122.962077,2
