usec,rovCtdDtg,rovCtdDtgFlag,vehicle,depth,depthFlag,temper,temperFlag,salin,salinFlag,oxyg,oxygFlag,light,lightFlag,sound,soundFlag,sigmatheta,sigmathetaFlag,lat,latFlag,lon,lonFlag
1321920000,11/22/2011 00:00:00,2,docr,3986.22,2,1.5,2,34.681,2,2.827,2,87.22,2,1523.667,2,27.7772,2,35.09572,2,-123.089365,2
1321920015,11/22/2011 00:00:15,2,docr,3986.22,2,1.499,2,34.681,2,2.825,2,87.22,2,1523.663,2,27.7773,2,35.09569046,2,-123.089386,2
1321920030,11/22/2011 00:00:30,2,docr,3986.32,2,1.499,2,34.681,2,2.824,2,87.23,2,1523.665,2,27.7773,2,35.09569766,2,-123.08938286,2
1321920045,11/22/2011 00:00:45,2,docr,3986.32,2,1.499,2,34.681,2,2.823,2,87.22,2,1523.665,2,27.7773,2,35.095711,2,-123.089305,2
1321920060,11/22/2011 00:01:00,2,docr,3986.22,2,1.499,2,34.681,2,2.824,2,87.22,2,1523.663,2,27.7773,2,35.09572473,2,-123.08942993,2
1321920075,11/22/2011 00:01:15,2,docr,3986.32,2,1.499,2,34.681,2,2.823,2,87.23,2,1523.665,2,27.7773,2,35.09577946,2,-123.08944366,2
1321920090,11/22/2011 00:01:30,2,docr,3986.12,2,1.499,2,34.681,2,2.823,2,87.23,2,1523.661,2,27.7773,2,35.095885,2,-123.089445,2
1321920105,11/22/2011 00:01:45,2,docr,3986.22,2,1.499,2,34.681,2,2.824,2,87.22,2,1523.663,2,27.7773,2,35.09590646,2,-123.0892612,2
1321920120,11/22/2011 00:02:00,2,docr,3986.12,2,1.499,2,34.681,2,2.824,2,87.22,2,1523.661,2,27.7773,2,35.09592246,2,-123.08929426,2
1321920135,11/22/2011 00:02:15,2,docr,3986.22,2,1.499,2,34.681,2,2.825,2,87.22,2,1523.663,2,27.7773,2,35.095959,2,-123.08941,2
1321920150,11/22/2011 00:02:30,2,docr,3986.12,2,1.499,2,34.681,2,2.823,2,87.23,2,1523.661,2,27.7773,2,35.09597873,2,-123.08937053,2
1321920165,11/22/2011 00:02:45,2,docr,3986.12,2,1.499,2,34.681,2,2.824,2,87.23,2,1523.661,2,27.7773,2,35.09600193,2,-123.08938613,2
1321920180,11/22/2011 00:03:00,2,docr,3986.02,2,1.499,2,34.681,2,2.825,2,87.23,2,1523.659,2,27.7773,2,35.096047,2,-123.089374,2
1321920195,11/22/2011 00:03:15,2,docr,3986.12,2,1.499,2,34.681,2,2.823,2,87.22,2,1523.661,2,27.7773,2,35.0960536,2,-123.0894168,2
1321920210,11/22/2011 00:03:30,2,docr,3985.93,2,1.499,2,34.681,2,2.823,2,87.23,2,1523.658,2,27.7773,2,35.0960552,2,-123.08942233,2
1321920225,11/22/2011 00:03:45,2,docr,3986.12,2,1.499,2,34.681,2,2.824,2,87.22,2,1523.661,2,27.7773,2,35.096038,2,-123.089325,2
1321920240,11/22/2011 00:04:00,2,docr,3986.12,2,1.499,2,34.681,2,2.824,2,87.23,2,1523.661,2,27.7773,2,35.09622493,2,-123.08956073,2
1321920255,11/22/2011 00:04:15,2,docr,3985.83,2,1.5,2,34.681,2,2.824,2,87.23,2,1523.66,2,27.7772,2,35.09633206,2,-123.08965746,2
1321920270,11/22/2011 00:04:30,2,docr,3985.83,2,1.502,2,34.681,2,2.823,2,87.2,2,1523.669,2,27.7771,2,35.0963676,2,-123.0895604,2
1321920285,11/22/2011 00:04:45,2,docr,3986.22,2,1.499,2,34.681,2,2.823,2,87.23,2,1523.663,2,27.7773,2,35.096422,2,-123.089554,2
1321920300,11/22/2011 00:05:00,2,docr,3986.02,2,1.499,2,34.681,2,2.824,2,87.23,2,1523.659,2,27.7773,2,35.0964688,2,-123.0895492,2
1321920315,11/22/2011 00:05:15,2,docr,3985.93,2,1.499,2,34.681,2,2.824,2,87.23,2,1523.658,2,27.7773,2,35.0965584,2,-123.0895292,2
1321920330,11/22/2011 00:05:30,2,docr,3986.02,2,1.499,2,34.681,2,2.823,2,87.23,2,1523.659,2,27.7773,2,35.09657993,2,-123.08951633,2
1321920345,11/22/2011 00:05:45,2,docr,3985.93,2,1.499,2,34.681,2,2.823,2,87.23,2,1523.658,2,27.7773,2,35.096603,2,-123.089507,2
1321920360,11/22/2011 00:06:00,2,docr,3985.83,2,1.499,2,34.681,2,2.823,2,87.24,2,1523.656,2,27.7773,2,35.0966438,2,-123.08949853,2
1321920375,11/22/2011 00:06:15,2,docr,3985.93,2,1.499,2,34.681,2,2.822,2,87.23,2,1523.658,2,27.7773,2,35.096672,2,-123.0894986,2
1321920390,11/22/2011 00:06:30,2,docr,3985.83,2,1.499,2,34.681,2,2.824,2,87.23,2,1523.656,2,27.7773,2,35.096712,2,-123.089497,2
1321920405,11/22/2011 00:06:45,2,docr,3985.83,2,1.499,2,34.681,2,2.825,2,87.24,2,1523.656,2,27.7773,2,35.09674533,2,-123.08945673,2
1321920420,11/22/2011 00:07:00,2,docr,3985.73,2,1.499,2,34.681,2,2.823,2,87.23,2,1523.654,2,27.7773,2,35.09678306,2,-123.0894372,2
1321920435,11/22/2011 00:07:15,2,docr,3985.73,2,1.499,2,34.681,2,2.824,2,87.23,2,1523.654,2,27.7773,2,35.096841,2,-123.089412,2
1321920450,11/22/2011 00:07:30,2,docr,3985.73,2,1.499,2,34.681,2,2.823,2,87.23,2,1523.654,2,27.7773,2,35.09672553,2,-123.08927393,2
1321920465,11/22/2011 00:07:45,2,docr,3985.73,2,1.499,2,34.681,2,2.824,2,87.23,2,1523.654,2,27.7773,2,35.09673586,2,-123.08926186,2
1321920480,11/22/2011 00:08:00,2,docr,3985.73,2,1.499,2,34.681,2,2.823,2,87.22,2,1523.654,2,27.7773,2,35.096808,2,-123.089318,2
1321920495,11/22/2011 00:08:15,2,docr,3985.63,2,1.499,2,34.681,2,2.824,2,87.22,2,1523.652,2,27.7773,2,35.0968418,2,-123.089223,2
1321920510,11/22/2011 00:08:30,2,docr,3985.44,2,1.499,2,34.681,2,2.824,2,87.22,2,1523.649,2,27.7773,2,35.09684366,2,-123.0891576,2
1321920525,11/22/2011 00:08:45,2,docr,3985.83,2,1.499,2,34.681,2,2.823,2,87.23,2,1523.656,2,27.7773,2,35.096884,2,-123.089187,2
1321920540,11/22/2011 00:09:00,2,docr,3985.63,2,1.499,2,34.681,2,2.823,2,87.23,2,1523.652,2,27.7773,2,35.09689853,2,-123.08921146,2
1321920555,11/22/2011 00:09:15,2,docr,3985.73,2,1.499,2,34.681,2,2.823,2,87.24,2,1523.654,2,27.7773,2,35.0969216,2,-123.0892206,2
1321920570,11/22/2011 00:09:30,2,docr,3985.73,2,1.499,2,34.681,2,2.823,2,87.23,2,1523.654,2,27.7773,2,35.096972,2,-123.089193,2
1321920585,11/22/2011 00:09:45,2,docr,3985.73,2,1.499,2,34.681,2,2.824,2,87.23,2,1523.654,2,27.7773,2,35.09705793,2,-123.08912753,2
1321920600,11/22/2011 00:10:00,2,docr,3985.54,2,1.499,2,34.681,2,2.823,2,87.23,2,1523.651,2,27.7773,2,35.0971142,2,-123.08909673,2
1321920615,11/22/2011 00:10:15,2,docr,3985.73,2,1.499,2,34.681,2,2.824,2,87.23,2,1523.654,2,27.7773,2,35.097174,2,-123.089108,2
1321920630,11/22/2011 00:10:30,2,docr,3985.54,2,1.499,2,34.681,2,2.824,2,87.23,2,1523.651,2,27.7773,2,35.097174,2,-123.089108,2
1321920645,11/22/2011 00:10:45,2,docr,3985.44,2,1.499,2,34.681,2,2.824,2,87.24,2,1523.649,2,27.7773,2,35.097174,2,-123.089108,2
1321920660,11/22/2011 00:11:00,2,docr,3985.54,2,1.499,2,34.681,2,2.823,2,87.24,2,1523.651,2,27.7773,2,35.0974676,2,-123.0890856,2
1321920675,11/22/2011 00:11:15,2,docr,3985.44,2,1.499,2,34.681,2,2.824,2,87.23,2,1523.649,2,27.7773,2,35.09746926,2,-123.0890792,2
1321920690,11/22/2011 00:11:30,2,docr,3985.63,2,1.499,2,34.681,2,2.823,2,87.23,2,1523.652,2,27.7773,2,35.097392,2,-123.089082,2
1321920705,11/22/2011 00:11:45,2,docr,3986.32,2,1.499,2,34.681,2,2.824,2,87.19,2,1523.665,2,27.7773,2,35.097366,2,-123.08910326,2
1321920720,11/22/2011 00:12:00,2,docr,3984.95,2,1.501,2,34.681,2,2.824,2,87.22,2,1523.649,2,27.7771,2,35.09735866,2,-123.08909933,2
1321920735,11/22/2011 00:12:15,2,docr,3983.49,2,1.501,2,34.681,2,2.824,2,87.22,2,1523.623,2,27.7771,2,35.09736,2,-123.089102,2
1321920750,11/22/2011 00:12:30,2,docr,3983.3,2,1.5,2,34.681,2,2.824,2,87.23,2,1523.615,2,27.7772,2,35.0972982,2,-123.08908966,2
1321920765,11/22/2011 00:12:45,2,docr,3983.59,2,1.499,2,34.681,2,2.823,2,87.24,2,1523.616,2,27.7772,2,35.09732673,2,-123.089086,2
1321920780,11/22/2011 00:13:00,2,docr,3983.39,2,1.499,2,34.681,2,2.823,2,87.24,2,1523.613,2,27.7772,2,35.097383,2,-123.089087,2
1321920795,11/22/2011 00:13:15,2,docr,3983.1,2,1.5,2,34.681,2,2.822,2,87.24,2,1523.612,2,27.7772,2,35.09748053,2,-123.0891276,2
1321920810,11/22/2011 00:13:30,2,docr,3982.71,2,1.501,2,34.681,2,2.823,2,87.24,2,1523.609,2,27.7771,2,35.09749846,2,-123.08912086,2
1321920825,11/22/2011 00:13:45,2,docr,3983.3,2,1.5,2,34.681,2,2.822,2,87.24,2,1523.615,2,27.7772,2,35.097497,2,-123.089103,2
1321920840,11/22/2011 00:14:00,2,docr,3983.88,2,1.499,2,34.681,2,2.821,2,87.23,2,1523.621,2,27.7772,2,35.09749486,2,-123.08908593,2
1321920855,11/22/2011 00:14:15,2,docr,3983.59,2,1.499,2,34.681,2,2.821,2,87.23,2,1523.616,2,27.7772,2,35.09749993,2,-123.08908246,2
1321920870,11/22/2011 00:14:30,2,docr,3983.69,2,1.5,2,34.681,2,2.822,2,87.23,2,1523.622,2,27.7772,2,35.097486,2,-123.089093,2
1321920885,11/22/2011 00:14:45,2,docr,3983.88,2,1.506,2,34.681,2,2.823,2,87.23,2,1523.652,2,27.7768,2,35.09746666,2,-123.0890892,2
1321920900,11/22/2011 00:15:00,2,docr,3984.95,2,1.502,2,34.681,2,2.824,2,87.24,2,1523.653,2,27.777,2,35.0974426,2,-123.08908926,2
1321920915,11/22/2011 00:15:15,2,docr,3985.44,2,1.502,2,34.681,2,2.824,2,87.24,2,1523.662,2,27.7771,2,35.097363,2,-123.089111,2
1321920930,11/22/2011 00:15:30,2,docr,3986.32,2,1.501,2,34.681,2,2.822,2,87.24,2,1523.673,2,27.7771,2,35.09735406,2,-123.08911606,2
1321920945,11/22/2011 00:15:45,2,docr,3986.71,2,1.5,2,34.68,2,2.822,2,87.23,2,1523.674,2,27.7764,2,35.097334,2,-123.0891238,2
1321920960,11/22/2011 00:16:00,2,docr,3986.71,2,1.499,2,34.681,2,2.822,2,87.23,2,1523.671,2,27.7773,2,35.0972768,2,-123.08909693,2
1321920975,11/22/2011 00:16:15,2,docr,3986.71,2,1.5,2,34.681,2,2.821,2,87.15,2,1523.676,2,27.7772,2,35.09725506,2,-123.08910133,2
1321920990,11/22/2011 00:16:30,2,docr,3986.8,2,1.5,2,34.681,2,2.821,2,87.2,2,1523.678,2,27.7772,2,35.09724233,2,-123.0891008,2
1321921005,11/22/2011 00:16:45,2,docr,3986.8,2,1.5,2,34.681,2,2.822,2,87.2,2,1523.678,2,27.7772,2,35.0972582,2,-123.0890996,2
1321921020,11/22/2011 00:17:00,2,docr,3986.8,2,1.5,2,34.681,2,2.821,2,87.1,2,1523.678,2,27.7772,2,35.0972546,2,-123.08909946,2
1321921035,11/22/2011 00:17:15,2,docr,3986.8,2,1.5,2,34.681,2,2.822,2,87.12,2,1523.678,2,27.7772,2,35.09725,2,-123.089086,2
1321921050,11/22/2011 00:17:30,2,docr,3986.8,2,1.5,2,34.681,2,2.821,2,87.16,2,1523.678,2,27.7772,2,35.0972652,2,-123.08912233,2
1321921065,11/22/2011 00:17:45,2,docr,3986.8,2,1.5,2,34.68,2,2.822,2,87.19,2,1523.676,2,27.7764,2,35.09728113,2,-123.08911973,2
1321921080,11/22/2011 00:18:00,2,docr,3986.8,2,1.5,2,34.68,2,2.822,2,87.1,2,1523.676,2,27.7764,2,35.097298,2,-123.089114,2
1321921095,11/22/2011 00:18:15,2,docr,3986.8,2,1.499,2,34.681,2,2.823,2,87.17,2,1523.673,2,27.7773,2,35.09724053,2,-123.089078,2
1321921110,11/22/2011 00:18:30,2,docr,3986.8,2,1.499,2,34.681,2,2.822,2,87.22,2,1523.673,2,27.7773,2,35.09723973,2,-123.08904,2
1321921125,11/22/2011 00:18:45,2,docr,3986.8,2,1.499,2,34.681,2,2.821,2,87.25,2,1523.673,2,27.7773,2,35.097259,2,-123.08902,2
1321921140,11/22/2011 00:19:00,2,docr,3986.8,2,1.499,2,34.681,2,2.821,2,87.23,2,1523.673,2,27.7773,2,35.09730293,2,-123.08902166,2
1321921155,11/22/2011 00:19:15,2,docr,3986.8,2,1.499,2,34.681,2,2.821,2,87.25,2,1523.673,2,27.7773,2,35.09729626,2,-123.0890378,2
1321921170,11/22/2011 00:19:30,2,docr,3986.8,2,1.499,2,34.681,2,2.821,2,87.24,2,1523.673,2,27.7773,2,35.097253,2,-123.089055,2
1321921185,11/22/2011 00:19:45,2,docr,3986.8,2,1.499,2,34.681,2,2.821,2,87.24,2,1523.673,2,27.7773,2,35.09718526,2,-123.0890254,2
1321921200,11/22/2011 00:20:00,2,docr,3986.8,2,1.499,2,34.681,2,2.821,2,87.24,2,1523.673,2,27.7773,2,35.0971586,2,-123.08902113,2
1321921215,11/22/2011 00:20:15,2,docr,3986.8,2,1.499,2,34.681,2,2.821,2,87.21,2,1523.673,2,27.7773,2,35.097192,2,-123.089073,2
1321921230,11/22/2011 00:20:30,2,docr,3986.8,2,1.499,2,34.681,2,2.821,2,87.25,2,1523.673,2,27.7773,2,35.09721106,2,-123.08908013,2
1321921245,11/22/2011 00:20:45,2,docr,3986.8,2,1.499,2,34.681,2,2.821,2,87.25,2,1523.673,2,27.7773,2,35.0972344,2,-123.08908293,2
1321921260,11/22/2011 00:21:00,2,docr,3986.8,2,1.499,2,34.681,2,2.821,2,87.25,2,1523.673,2,27.7773,2,35.097224,2,-123.0891,2
1321921275,11/22/2011 00:21:15,2,docr,3986.8,2,1.502,2,34.681,2,2.821,2,87.25,2,1523.686,2,27.7771,2,35.0972656,2,-123.08908173,2
1321921290,11/22/2011 00:21:30,2,docr,3986.71,2,1.5,2,34.681,2,2.822,2,87.23,2,1523.676,2,27.7772,2,35.09732626,2,-123.089059,2
1321921305,11/22/2011 00:21:45,2,docr,3986.8,2,1.506,2,34.681,2,2.821,2,87.23,2,1523.704,2,27.7768,2,35.09724133,2,-123.08904253,2
1321921320,11/22/2011 00:22:00,2,docr,3986.8,2,1.516,2,34.68,2,2.819,2,87.24,2,1523.746,2,27.7753,2,35.09723593,2,-123.08904886,2
1321921335,11/22/2011 00:22:15,2,docr,3986.8,2,1.516,2,34.682,2,2.821,2,87.24,2,1523.748,2,27.7769,2,35.09723886,2,-123.0890564,2
1321921350,11/22/2011 00:22:30,2,docr,3986.8,2,1.537,2,34.682,2,2.821,2,87.23,2,1523.84,2,27.7755,2,35.097253,2,-123.089096,2
1321921365,11/22/2011 00:22:45,2,docr,3986.8,2,1.502,2,34.679,2,2.821,2,87.23,2,1523.684,2,27.7755,2,35.0972466,2,-123.08910293,2
1321921380,11/22/2011 00:23:00,2,docr,3986.8,2,1.5,2,34.68,2,2.822,2,87.23,2,1523.676,2,27.7764,2,35.09725,2,-123.089102,2
1321921395,11/22/2011 00:23:15,2,docr,3986.8,2,1.499,2,34.681,2,2.821,2,87.25,2,1523.673,2,27.7773,2,35.09728993,2,-123.0890488,2
1321921410,11/22/2011 00:23:30,2,docr,3986.8,2,1.499,2,34.681,2,2.821,2,87.25,2,1523.673,2,27.7773,2,35.09727306,2,-123.0890644,2
1321921425,11/22/2011 00:23:45,2,docr,3986.8,2,1.499,2,34.681,2,2.821,2,87.24,2,1523.673,2,27.7773,2,35.097244,2,-123.089078,2
1321921440,11/22/2011 00:24:00,2,docr,3986.8,2,1.499,2,34.681,2,2.821,2,87.25,2,1523.673,2,27.7773,2,35.09721506,2,-123.089046,2
1321921455,11/22/2011 00:24:15,2,docr,3986.8,2,1.499,2,34.681,2,2.821,2,87.25,2,1523.673,2,27.7773,2,35.0972372,2,-123.0891338,2
1321921470,11/22/2011 00:24:30,2,docr,3986.8,2,1.519,2,34.681,2,2.821,2,87.25,2,1523.76,2,27.7759,2,35.097272,2,-123.089273,2
1321921485,11/22/2011 00:24:45,2,docr,3986.8,2,1.516,2,34.682,2,2.82,2,87.24,2,1523.748,2,27.7769,2,35.097272,2,-123.089273,2
1321921500,11/22/2011 00:25:00,2,docr,3986.8,2,1.522,2,34.68,2,2.821,2,87.25,2,1523.772,2,27.7749,2,35.09727266,2,-123.0892318,2
1321921515,11/22/2011 00:25:15,2,docr,3986.8,2,1.531,2,34.683,2,2.82,2,87.25,2,1523.815,2,27.7767,2,35.097286,2,-123.089179,2
1321921530,11/22/2011 00:25:30,2,docr,3986.8,2,1.528,2,34.68,2,2.821,2,87.25,2,1523.798,2,27.7745,2,35.0973024,2,-123.08921753,2
1321921545,11/22/2011 00:25:45,2,docr,3986.8,2,1.522,2,34.684,2,2.821,2,87.25,2,1523.777,2,27.7781,2,35.0973146,2,-123.08923186,2
1321921560,11/22/2011 00:26:00,2,docr,3986.8,2,1.538,2,34.679,2,2.82,2,87.25,2,1523.84,2,27.773,2,35.097318,2,-123.089216,2
1321921575,11/22/2011 00:26:15,2,docr,3986.8,2,1.521,2,34.681,2,2.822,2,87.26,2,1523.769,2,27.7758,2,35.09729573,2,-123.08920893,2
1321921590,11/22/2011 00:26:30,2,docr,3986.8,2,1.522,2,34.682,2,2.82,2,87.25,2,1523.775,2,27.7765,2,35.09727426,2,-123.08919886,2
1321921605,11/22/2011 00:26:45,2,docr,3986.8,2,1.533,2,34.682,2,2.82,2,87.25,2,1523.822,2,27.7758,2,35.097264,2,-123.089244,2
1321921620,11/22/2011 00:27:00,2,docr,3986.8,2,1.501,2,34.68,2,2.821,2,87.21,2,1523.681,2,27.7763,2,35.0973376,2,-123.08918186,2
1321921635,11/22/2011 00:27:15,2,docr,3986.8,2,1.5,2,34.68,2,2.821,2,87.23,2,1523.676,2,27.7764,2,35.09737546,2,-123.0891464,2
1321921650,11/22/2011 00:27:30,2,docr,3986.8,2,1.499,2,34.681,2,2.821,2,87.25,2,1523.673,2,27.7773,2,35.0973538,2,-123.08917326,2
1321921665,11/22/2011 00:27:45,2,docr,3986.32,2,1.5,2,34.681,2,2.821,2,80.65,0,1523.669,2,27.7772,2,35.097358,2,-123.08917126,2
1321921680,11/22/2011 00:28:00,2,docr,3982.71,2,1.5,2,34.681,2,2.82,2,81.65,2,1523.605,2,27.7772,2,35.09735473,2,-123.08917,2
1321921695,11/22/2011 00:28:15,2,docr,3980.76,2,1.499,2,34.681,2,2.82,2,87.25,2,1523.566,2,27.7772,2,35.0973146,2,-123.0891504,2
1321921710,11/22/2011 00:28:30,2,docr,3983.49,2,1.5,2,34.681,2,2.823,2,82.35,0,1523.619,2,27.7772,2,35.09738806,2,-123.08914013,2
1321921725,11/22/2011 00:28:45,2,docr,3984.27,2,1.5,2,34.681,2,2.821,2,76.89,2,1523.633,2,27.7772,2,35.097426,2,-123.089125,2
1321921740,11/22/2011 00:29:00,2,docr,3985.05,2,1.502,2,34.681,2,2.821,2,87.09,2,1523.655,2,27.7771,2,35.097403,2,-123.08916986,2
1321921755,11/22/2011 00:29:15,2,docr,3983.78,2,1.499,2,34.681,2,2.82,2,87.23,2,1523.62,2,27.7772,2,35.09741613,2,-123.089201,2
1321921770,11/22/2011 00:29:30,2,docr,3980.18,2,1.499,2,34.681,2,2.819,2,87.24,2,1523.556,2,27.7772,2,35.097429,2,-123.089231,2
1321921785,11/22/2011 00:29:45,2,docr,3976.09,2,1.498,2,34.681,2,2.821,2,87.24,2,1523.479,2,27.7772,2,35.0974942,2,-123.08924726,2
1321921800,11/22/2011 00:30:00,2,docr,3972.38,2,1.498,2,34.681,2,2.82,2,87.25,2,1523.413,2,27.7772,2,35.09751173,2,-123.0892638,2
1321921815,11/22/2011 00:30:15,2,docr,3971.7,2,1.498,2,34.681,2,2.821,2,87.25,2,1523.401,2,27.7772,2,35.097538,2,-123.089285,2
1321921830,11/22/2011 00:30:30,2,docr,3970.92,2,1.498,2,34.68,2,2.821,2,87.25,2,1523.386,2,27.7764,2,35.09760566,2,-123.0892558,2
1321921845,11/22/2011 00:30:45,2,docr,3967.51,2,1.497,2,34.681,2,2.819,2,87.24,2,1523.322,2,27.7772,2,35.0976382,2,-123.08922953,2
1321921860,11/22/2011 00:31:00,2,docr,3962.35,2,1.497,2,34.681,2,2.819,2,87.24,2,1523.231,2,27.7772,2,35.097671,2,-123.089187,2
1321921875,11/22/2011 00:31:15,2,docr,3955.53,2,1.497,2,34.68,2,2.819,2,87.25,2,1523.108,2,27.7764,2,35.09770526,2,-123.0891458,2
1321921890,11/22/2011 00:31:30,2,docr,3948.12,2,1.498,2,34.68,2,2.816,2,87.29,2,1522.981,2,27.7762,2,35.09770786,2,-123.08915226,2
1321921905,11/22/2011 00:31:45,2,docr,3940.13,2,1.499,2,34.68,2,2.808,2,87.34,2,1522.844,2,27.7761,2,35.097701,2,-123.089211,2
1321921920,11/22/2011 00:32:00,2,docr,3931.85,2,1.498,2,34.68,2,2.804,2,87.35,2,1522.693,2,27.7761,2,35.09775366,2,-123.08925753,2
1321921935,11/22/2011 00:32:15,2,docr,3923.47,2,1.498,2,34.68,2,2.802,2,87.39,2,1522.544,2,27.776,2,35.097772,2,-123.089278,2
1321921950,11/22/2011 00:32:30,2,docr,3915.38,2,1.5,2,34.68,2,2.798,2,87.42,2,1522.409,2,27.7758,2,35.09776706,2,-123.08927073,2
1321921965,11/22/2011 00:32:45,2,docr,3907.29,2,1.5,2,34.68,2,2.792,2,87.43,2,1522.266,2,27.7758,2,35.09776826,2,-123.0892812,2
1321921980,11/22/2011 00:33:00,2,docr,3899.1,2,1.507,2,34.679,2,2.787,2,87.47,2,1522.15,2,27.7744,2,35.09776113,2,-123.089292,2
1321921995,11/22/2011 00:33:15,2,docr,3890.82,2,1.51,2,34.679,2,2.768,2,87.5,2,1522.016,2,27.7742,2,35.097736,2,-123.089295,2
1321922010,11/22/2011 00:33:30,2,docr,3882.63,2,1.511,2,34.678,2,2.758,2,87.52,2,1521.874,2,27.7732,2,35.09777353,2,-123.0893032,2
1321922025,11/22/2011 00:33:45,2,docr,3873.86,2,1.512,2,34.678,2,2.752,2,87.51,2,1521.723,2,27.7731,2,35.09780653,2,-123.08930573,2
1321922040,11/22/2011 00:34:00,2,docr,3864.6,2,1.511,2,34.678,2,2.747,2,87.55,2,1521.555,2,27.7731,2,35.0978448,2,-123.0893396,2
1321922055,11/22/2011 00:34:15,2,docr,3855.24,2,1.511,2,34.678,2,2.751,2,87.6,2,1521.389,2,27.773,2,35.0978308,2,-123.08935286,2
1321922070,11/22/2011 00:34:30,2,docr,3845.98,2,1.513,2,34.678,2,2.748,2,87.61,2,1521.234,2,27.7728,2,35.097806,2,-123.089365,2
1321922085,11/22/2011 00:34:45,2,docr,3836.91,2,1.514,2,34.678,2,2.744,2,87.62,2,1521.078,2,27.7727,2,35.09786766,2,-123.089364,2
1321922100,11/22/2011 00:35:00,2,docr,3827.55,2,1.515,2,34.677,2,2.74,2,87.63,2,1520.915,2,27.7718,2,35.0978684,2,-123.08934326,2
1321922115,11/22/2011 00:35:15,2,docr,3818.19,2,1.516,2,34.677,2,2.733,2,87.63,2,1520.754,2,27.7716,2,35.097873,2,-123.089325,2
1321922130,11/22/2011 00:35:30,2,docr,3808.83,2,1.517,2,34.677,2,2.729,2,87.63,2,1520.592,2,27.7715,2,35.09791013,2,-123.08932426,2
1321922145,11/22/2011 00:35:45,2,docr,3799.27,2,1.519,2,34.677,2,2.723,2,87.61,2,1520.432,2,27.7713,2,35.0979438,2,-123.08933786,2
1321922160,11/22/2011 00:36:00,2,docr,3789.72,2,1.519,2,34.677,2,2.717,2,87.61,2,1520.263,2,27.7712,2,35.097987,2,-123.089356,2
1321922175,11/22/2011 00:36:15,2,docr,3780.16,2,1.519,2,34.676,2,2.717,2,87.64,2,1520.092,2,27.7703,2,35.0980024,2,-123.08937833,2
1321922190,11/22/2011 00:36:30,2,docr,3770.7,2,1.521,2,34.677,2,2.714,2,87.65,2,1519.935,2,27.7709,2,35.09799973,2,-123.089396,2
1321922205,11/22/2011 00:36:45,2,docr,3761.63,2,1.522,2,34.676,2,2.708,2,87.66,2,1519.778,2,27.77,2,35.09799,2,-123.089431,2
1321922220,11/22/2011 00:37:00,2,docr,3751.98,2,1.523,2,34.676,2,2.702,2,87.66,2,1519.612,2,27.7698,2,35.09797793,2,-123.08945933,2
1321922235,11/22/2011 00:37:15,2,docr,3742.03,2,1.524,2,34.676,2,2.698,2,87.66,2,1519.44,2,27.7697,2,35.0979524,2,-123.0894606,2
1321922250,11/22/2011 00:37:30,2,docr,3731.98,2,1.526,2,34.675,2,2.692,2,87.67,2,1519.27,2,27.7687,2,35.097876,2,-123.089456,2
1321922265,11/22/2011 00:37:45,2,docr,3722.03,2,1.527,2,34.676,2,2.687,2,87.66,2,1519.1,2,27.7693,2,35.0978826,2,-123.0894626,2
1321922280,11/22/2011 00:38:00,2,docr,3712.38,2,1.53,2,34.675,2,2.681,2,87.67,2,1518.941,2,27.7683,2,35.09787486,2,-123.08945613,2
1321922295,11/22/2011 00:38:15,2,docr,3702.82,2,1.53,2,34.675,2,2.676,2,87.67,2,1518.772,2,27.7682,2,35.097833,2,-123.089418,2
1321922310,11/22/2011 00:38:30,2,docr,3693.45,2,1.531,2,34.675,2,2.673,2,87.67,2,1518.611,2,27.7681,2,35.0978404,2,-123.08943046,2
1321922325,11/22/2011 00:38:45,2,docr,3684.08,2,1.533,2,34.674,2,2.669,2,87.66,2,1518.453,2,27.767,2,35.09784066,2,-123.08943813,2
1321922340,11/22/2011 00:39:00,2,docr,3675.01,2,1.534,2,34.674,2,2.663,2,87.66,2,1518.297,2,27.7669,2,35.0978398,2,-123.0894624,2
1321922355,11/22/2011 00:39:15,2,docr,3665.94,2,1.536,2,34.674,2,2.658,2,87.66,2,1518.146,2,27.7667,2,35.09783126,2,-123.08948733,2
1321922370,11/22/2011 00:39:30,2,docr,3656.77,2,1.538,2,34.674,2,2.652,2,87.66,2,1517.992,2,27.7665,2,35.09783366,2,-123.08951206,2
1321922385,11/22/2011 00:39:45,2,docr,3648.86,2,1.538,2,34.674,2,2.647,2,87.66,2,1517.853,2,27.7664,2,35.0978334,2,-123.089521,2
1321922400,11/22/2011 00:40:00,2,docr,3644.96,2,1.539,2,34.674,2,2.648,2,87.59,2,1517.788,2,27.7663,2,35.0978334,2,-123.0895358,2
1321922415,11/22/2011 00:40:15,2,docr,3638.91,2,1.54,2,34.674,2,2.646,2,87.65,2,1517.686,2,27.7662,2,35.097841,2,-123.089556,2
1321922430,11/22/2011 00:40:30,2,docr,3631.1,2,1.542,2,34.674,2,2.643,2,87.67,2,1517.557,2,27.766,2,35.09781213,2,-123.0895498,2
1321922445,11/22/2011 00:40:45,2,docr,3622.42,2,1.542,2,34.674,2,2.64,2,87.66,2,1517.404,2,27.766,2,35.0978332,2,-123.08955786,2
1321922460,11/22/2011 00:41:00,2,docr,3613.83,2,1.544,2,34.673,2,2.634,2,87.65,2,1517.26,2,27.765,2,35.09786,2,-123.089556,2
1321922475,11/22/2011 00:41:15,2,docr,3605.05,2,1.545,2,34.673,2,2.628,2,87.65,2,1517.109,2,27.7648,2,35.09778346,2,-123.089486,2
1321922490,11/22/2011 00:41:30,2,docr,3595.87,2,1.548,2,34.673,2,2.622,2,87.67,2,1516.96,2,27.7646,2,35.09776653,2,-123.08947993,2
1321922505,11/22/2011 00:41:45,2,docr,3586.7,2,1.549,2,34.672,2,2.617,2,87.67,2,1516.802,2,27.7636,2,35.097753,2,-123.089481,2
1321922520,11/22/2011 00:42:00,2,docr,3577.42,2,1.55,2,34.673,2,2.613,2,87.67,2,1516.644,2,27.7643,2,35.09780173,2,-123.08953773,2
1321922535,11/22/2011 00:42:15,2,docr,3567.76,2,1.551,2,34.673,2,2.609,2,87.66,2,1516.478,2,27.7641,2,35.09779826,2,-123.0895402,2
1321922550,11/22/2011 00:42:30,2,docr,3558.39,2,1.552,2,34.672,2,2.605,2,87.66,2,1516.316,2,27.7632,2,35.097774,2,-123.089527,2
1321922565,11/22/2011 00:42:45,2,docr,3549.02,2,1.554,2,34.672,2,2.601,2,87.65,2,1516.159,2,27.763,2,35.09776813,2,-123.0895054,2
1321922580,11/22/2011 00:43:00,2,docr,3539.65,2,1.556,2,34.672,2,2.595,2,87.65,2,1516.003,2,27.7628,2,35.0977746,2,-123.0895272,2
1321922595,11/22/2011 00:43:15,2,docr,3530.27,2,1.558,2,34.672,2,2.592,2,87.65,2,1515.847,2,27.7626,2,35.097832,2,-123.089558,2
1321922610,11/22/2011 00:43:30,2,docr,3521,2,1.559,2,34.672,2,2.589,2,87.58,2,1515.688,2,27.7624,2,35.0977964,2,-123.08954573,2
1321922625,11/22/2011 00:43:45,2,docr,3511.63,2,1.56,2,34.671,2,2.585,2,87.66,2,1515.526,2,27.7615,2,35.0977806,2,-123.0895346,2
1321922640,11/22/2011 00:44:00,2,docr,3502.45,2,1.561,2,34.671,2,2.579,2,87.69,2,1515.369,2,27.7614,2,35.097802,2,-123.089515,2
1321922655,11/22/2011 00:44:15,2,docr,3493.37,2,1.563,2,34.67,2,2.575,2,87.68,2,1515.216,2,27.7604,2,35.0978116,2,-123.0895272,2
1321922670,11/22/2011 00:44:30,2,docr,3484.19,2,1.564,2,34.671,2,2.57,2,87.69,2,1515.06,2,27.761,2,35.09781713,2,-123.0895326,2
1321922685,11/22/2011 00:44:45,2,docr,3475.11,2,1.565,2,34.671,2,2.568,2,87.69,2,1514.905,2,27.7609,2,35.0978232,2,-123.0895326,2
1321922700,11/22/2011 00:45:00,2,docr,3465.93,2,1.567,2,34.67,2,2.563,2,87.69,2,1514.751,2,27.7599,2,35.09782106,2,-123.08952626,2
1321922715,11/22/2011 00:45:15,2,docr,3456.65,2,1.569,2,34.67,2,2.559,2,87.68,2,1514.596,2,27.7597,2,35.09781813,2,-123.08952206,2
1321922730,11/22/2011 00:45:30,2,docr,3447.47,2,1.572,2,34.67,2,2.554,2,87.67,2,1514.448,2,27.7594,2,35.097787,2,-123.089536,2
1321922745,11/22/2011 00:45:45,2,docr,3438.39,2,1.573,2,34.67,2,2.55,2,87.68,2,1514.292,2,27.7593,2,35.09777446,2,-123.0895612,2
1321922760,11/22/2011 00:46:00,2,docr,3429.2,2,1.573,2,34.67,2,2.547,2,87.68,2,1514.131,2,27.7592,2,35.097766,2,-123.08959,2
1321922775,11/22/2011 00:46:15,2,docr,3420.02,2,1.574,2,34.67,2,2.545,2,87.68,2,1513.974,2,27.7591,2,35.09781773,2,-123.08956593,2
1321922790,11/22/2011 00:46:30,2,docr,3410.65,2,1.577,2,34.669,2,2.542,2,87.68,2,1513.821,2,27.758,2,35.09781713,2,-123.08962966,2
1321922805,11/22/2011 00:46:45,2,docr,3401.37,2,1.577,2,34.669,2,2.539,2,87.67,2,1513.658,2,27.7579,2,35.097816,2,-123.089702,2
1321922820,11/22/2011 00:47:00,2,docr,3392.38,2,1.578,2,34.669,2,2.536,2,87.68,2,1513.504,2,27.7578,2,35.09795733,2,-123.08970226,2
1321922835,11/22/2011 00:47:15,2,docr,3383.2,2,1.58,2,34.669,2,2.531,2,87.67,2,1513.352,2,27.7576,2,35.0979232,2,-123.08966626,2
1321922850,11/22/2011 00:47:30,2,docr,3374.01,2,1.582,2,34.669,2,2.527,2,87.66,2,1513.199,2,27.7574,2,35.097858,2,-123.089607,2
1321922865,11/22/2011 00:47:45,2,docr,3364.83,2,1.583,2,34.669,2,2.527,2,87.67,2,1513.042,2,27.7572,2,35.097909,2,-123.08955313,2
1321922880,11/22/2011 00:48:00,2,docr,3355.64,2,1.584,2,34.668,2,2.523,2,87.67,2,1512.884,2,27.7563,2,35.09790393,2,-123.08954826,2
1321922895,11/22/2011 00:48:15,2,docr,3346.26,2,1.584,2,34.668,2,2.52,2,87.67,2,1512.719,2,27.7562,2,35.097883,2,-123.08956,2
1321922910,11/22/2011 00:48:30,2,docr,3337.08,2,1.586,2,34.668,2,2.518,2,87.67,2,1512.567,2,27.756,2,35.0978714,2,-123.08957633,2
1321922925,11/22/2011 00:48:45,2,docr,3327.99,2,1.587,2,34.668,2,2.513,2,87.68,2,1512.412,2,27.7559,2,35.09785166,2,-123.08957473,2
1321922940,11/22/2011 00:49:00,2,docr,3318.9,2,1.59,2,34.668,2,2.508,2,87.69,2,1512.265,2,27.7556,2,35.097818,2,-123.089544,2
1321922955,11/22/2011 00:49:15,2,docr,3309.52,2,1.59,2,34.668,2,2.505,2,87.68,2,1512.101,2,27.7556,2,35.09784146,2,-123.0895714,2
1321922970,11/22/2011 00:49:30,2,docr,3300.04,2,1.592,2,34.668,2,2.501,2,87.69,2,1511.943,2,27.7553,2,35.0978428,2,-123.0895854,2
1321922985,11/22/2011 00:49:45,2,docr,3290.85,2,1.594,2,34.667,2,2.496,2,87.69,2,1511.789,2,27.7543,2,35.09782333,2,-123.08961726,2
1321923000,11/22/2011 00:50:00,2,docr,3281.37,2,1.596,2,34.667,2,2.49,2,87.68,2,1511.632,2,27.7541,2,35.09783466,2,-123.089616,2
1321923015,11/22/2011 00:50:15,2,docr,3271.99,2,1.597,2,34.667,2,2.486,2,87.69,2,1511.472,2,27.754,2,35.0978462,2,-123.08961693,2
1321923030,11/22/2011 00:50:30,2,docr,3262.8,2,1.598,2,34.667,2,2.485,2,87.69,2,1511.315,2,27.7539,2,35.09784306,2,-123.0896152,2
1321923045,11/22/2011 00:50:45,2,docr,3253.52,2,1.599,2,34.667,2,2.481,2,87.69,2,1511.156,2,27.7537,2,35.0978362,2,-123.0896184,2
1321923060,11/22/2011 00:51:00,2,docr,3244.23,2,1.601,2,34.667,2,2.477,2,87.69,2,1511.002,2,27.7535,2,35.09783506,2,-123.08962486,2
1321923075,11/22/2011 00:51:15,2,docr,3234.94,2,1.603,2,34.666,2,2.473,2,87.69,2,1510.847,2,27.7525,2,35.09786586,2,-123.0895558,2
1321923090,11/22/2011 00:51:30,2,docr,3225.65,2,1.605,2,34.666,2,2.47,2,87.69,2,1510.693,2,27.7523,2,35.09788093,2,-123.0895752,2
1321923105,11/22/2011 00:51:45,2,docr,3216.27,2,1.606,2,34.666,2,2.468,2,87.69,2,1510.533,2,27.7522,2,35.097887,2,-123.089577,2
1321923120,11/22/2011 00:52:00,2,docr,3206.98,2,1.608,2,34.666,2,2.466,2,87.67,2,1510.379,2,27.752,2,35.09793326,2,-123.0896008,2
1321923135,11/22/2011 00:52:15,2,docr,3197.59,2,1.61,2,34.666,2,2.465,2,87.69,2,1510.224,2,27.7517,2,35.097945,2,-123.0895588,2
1321923150,11/22/2011 00:52:30,2,docr,3188.21,2,1.611,2,34.666,2,2.462,2,87.69,2,1510.064,2,27.7516,2,35.097961,2,-123.089522,2
1321923165,11/22/2011 00:52:45,2,docr,3178.72,2,1.611,2,34.666,2,2.457,2,87.69,2,1509.897,2,27.7515,2,35.09793486,2,-123.08955233,2
1321923180,11/22/2011 00:53:00,2,docr,3169.63,2,1.612,2,34.666,2,2.453,2,87.69,2,1509.743,2,27.7514,2,35.09793986,2,-123.08953313,2
1321923195,11/22/2011 00:53:15,2,docr,3160.24,2,1.613,2,34.666,2,2.452,2,87.69,2,1509.583,2,27.7513,2,35.097951,2,-123.0895,2
1321923210,11/22/2011 00:53:30,2,docr,3150.95,2,1.615,2,34.665,2,2.451,2,87.68,2,1509.428,2,27.7503,2,35.09792926,2,-123.08949806,2
1321923225,11/22/2011 00:53:45,2,docr,3141.56,2,1.615,2,34.665,2,2.448,2,87.69,2,1509.263,2,27.7502,2,35.097915,2,-123.0895092,2
1321923240,11/22/2011 00:54:00,2,docr,3132.07,2,1.617,2,34.665,2,2.445,2,87.68,2,1509.106,2,27.75,2,35.097919,2,-123.089496,2
1321923255,11/22/2011 00:54:15,2,docr,3122.88,2,1.62,2,34.665,2,2.441,2,87.69,2,1508.958,2,27.7497,2,35.09793753,2,-123.0894712,2
1321923270,11/22/2011 00:54:30,2,docr,3113.59,2,1.621,2,34.665,2,2.437,2,87.68,2,1508.8,2,27.7496,2,35.0979266,2,-123.08947846,2
1321923285,11/22/2011 00:54:45,2,docr,3104.29,2,1.623,2,34.664,2,2.433,2,87.68,2,1508.645,2,27.7486,2,35.09787,2,-123.089549,2
1321923300,11/22/2011 00:55:00,2,docr,3095,2,1.625,2,34.664,2,2.429,2,87.69,2,1508.492,2,27.7484,2,35.09790333,2,-123.0895178,2
1321923315,11/22/2011 00:55:15,2,docr,3085.51,2,1.627,2,34.664,2,2.426,2,87.69,2,1508.335,2,27.7482,2,35.0979026,2,-123.08950853,2
1321923330,11/22/2011 00:55:30,2,docr,3076.22,2,1.629,2,34.664,2,2.422,2,87.68,2,1508.181,2,27.7479,2,35.09786006,2,-123.08951833,2
1321923345,11/22/2011 00:55:45,2,docr,3066.92,2,1.63,2,34.664,2,2.42,2,87.68,2,1508.023,2,27.7478,2,35.09785186,2,-123.08953286,2
1321923360,11/22/2011 00:56:00,2,docr,3057.53,2,1.632,2,34.664,2,2.416,2,87.68,2,1507.868,2,27.7476,2,35.09786033,2,-123.08953673,2
1321923375,11/22/2011 00:56:15,2,docr,3048.24,2,1.634,2,34.664,2,2.412,2,87.68,2,1507.714,2,27.7474,2,35.097881,2,-123.089535,2
1321923390,11/22/2011 00:56:30,2,docr,3039.14,2,1.636,2,34.663,2,2.408,2,87.68,2,1507.563,2,27.7464,2,35.097881,2,-123.089535,2
1321923405,11/22/2011 00:56:45,2,docr,3029.74,2,1.638,2,34.663,2,2.403,2,87.68,2,1507.407,2,27.7462,2,35.0979196,2,-123.08952993,2
1321923420,11/22/2011 00:57:00,2,docr,3020.45,2,1.641,2,34.663,2,2.398,2,87.67,2,1507.258,2,27.7459,2,35.09843106,2,-123.0894982,2
1321923435,11/22/2011 00:57:15,2,docr,3011.25,2,1.643,2,34.663,2,2.394,2,87.66,2,1507.106,2,27.7457,2,35.09832766,2,-123.08950806,2
1321923450,11/22/2011 00:57:30,2,docr,3001.85,2,1.644,2,34.663,2,2.389,2,87.66,2,1506.947,2,27.7456,2,35.09824,2,-123.089517,2
1321923465,11/22/2011 00:57:45,2,docr,2992.56,2,1.647,2,34.662,2,2.386,2,87.66,2,1506.796,2,27.7445,2,35.09820926,2,-123.0895254,2
1321923480,11/22/2011 00:58:00,2,docr,2983.16,2,1.649,2,34.662,2,2.38,2,87.65,2,1506.641,2,27.7443,2,35.0981668,2,-123.08952106,2
1321923495,11/22/2011 00:58:15,2,docr,2973.76,2,1.65,2,34.662,2,2.375,2,87.65,2,1506.482,2,27.7441,2,35.098126,2,-123.089508,2
1321923510,11/22/2011 00:58:30,2,docr,2964.56,2,1.652,2,34.662,2,2.37,2,87.65,2,1506.33,2,27.7439,2,35.09807266,2,-123.0894822,2
1321923525,11/22/2011 00:58:45,2,docr,2955.17,2,1.654,2,34.662,2,2.367,2,87.65,2,1506.175,2,27.7437,2,35.09805606,2,-123.0894696,2
1321923540,11/22/2011 00:59:00,2,docr,2945.87,2,1.657,2,34.662,2,2.362,2,87.65,2,1506.026,2,27.7434,2,35.098043,2,-123.089442,2
1321923555,11/22/2011 00:59:15,2,docr,2936.57,2,1.659,2,34.661,2,2.358,2,87.66,2,1505.871,2,27.7424,2,35.0980222,2,-123.08947206,2
1321923570,11/22/2011 00:59:30,2,docr,2927.27,2,1.659,2,34.661,2,2.354,2,87.67,2,1505.709,2,27.7424,2,35.09800946,2,-123.0894662,2
1321923585,11/22/2011 00:59:45,2,docr,2917.87,2,1.662,2,34.661,2,2.351,2,87.67,2,1505.559,2,27.7421,2,35.09798,2,-123.089473,2
1321923600,11/22/2011 01:00:00,2,docr,2908.37,2,1.664,2,34.661,2,2.345,2,87.66,2,1505.402,2,27.7419,2,35.09798026,2,-123.08944926,2
1321923615,11/22/2011 01:00:15,2,docr,2899.07,2,1.667,2,34.66,2,2.341,2,87.66,2,1505.252,2,27.7408,2,35.09799106,2,-123.0894362,2
1321923630,11/22/2011 01:00:30,2,docr,2889.57,2,1.668,2,34.66,2,2.336,2,87.66,2,1505.091,2,27.7407,2,35.098002,2,-123.089405,2
1321923645,11/22/2011 01:00:45,2,docr,2880.27,2,1.671,2,34.66,2,2.332,2,87.66,2,1504.942,2,27.7404,2,35.0980202,2,-123.089401,2
1321923660,11/22/2011 01:01:00,2,docr,2870.87,2,1.674,2,34.66,2,2.327,2,87.66,2,1504.791,2,27.7401,2,35.09803746,2,-123.0893986,2
1321923675,11/22/2011 01:01:15,2,docr,2861.37,2,1.676,2,34.66,2,2.321,2,87.65,2,1504.635,2,27.7399,2,35.098054,2,-123.089371,2
1321923690,11/22/2011 01:01:30,2,docr,2851.87,2,1.678,2,34.659,2,2.316,2,87.65,2,1504.477,2,27.7389,2,35.09804786,2,-123.08933913,2
1321923705,11/22/2011 01:01:45,2,docr,2842.57,2,1.679,2,34.659,2,2.313,2,87.63,2,1504.319,2,27.7388,2,35.09804286,2,-123.08933226,2
1321923720,11/22/2011 01:02:00,2,docr,2833.26,2,1.68,2,34.659,2,2.309,2,87.64,2,1504.162,2,27.7386,2,35.098035,2,-123.089363,2
1321923735,11/22/2011 01:02:15,2,docr,2823.86,2,1.683,2,34.659,2,2.306,2,87.64,2,1504.011,2,27.7383,2,35.0980488,2,-123.0893848,2
1321923750,11/22/2011 01:02:30,2,docr,2814.56,2,1.685,2,34.658,2,2.302,2,87.65,2,1503.857,2,27.7373,2,35.09805953,2,-123.08939733,2
1321923765,11/22/2011 01:02:45,2,docr,2805.15,2,1.686,2,34.659,2,2.296,2,87.64,2,1503.699,2,27.738,2,35.0980702,2,-123.0894086,2
1321923780,11/22/2011 01:03:00,2,docr,2795.94,2,1.69,2,34.658,2,2.291,2,87.64,2,1503.555,2,27.7369,2,35.0980588,2,-123.08942926,2
1321923795,11/22/2011 01:03:15,2,docr,2786.54,2,1.691,2,34.658,2,2.287,2,87.64,2,1503.396,2,27.7367,2,35.098048,2,-123.089453,2
1321923810,11/22/2011 01:03:30,2,docr,2777.13,2,1.693,2,34.658,2,2.284,2,87.64,2,1503.242,2,27.7365,2,35.09803846,2,-123.08942966,2
1321923825,11/22/2011 01:03:45,2,docr,2767.93,2,1.695,2,34.658,2,2.278,2,87.65,2,1503.09,2,27.7363,2,35.09803986,2,-123.089434,2
1321923840,11/22/2011 01:04:00,2,docr,2758.72,2,1.697,2,34.657,2,2.274,2,87.66,2,1502.938,2,27.7353,2,35.09804,2,-123.089434,2
1321923855,11/22/2011 01:04:15,2,docr,2749.41,2,1.7,2,34.657,2,2.269,2,87.66,2,1502.789,2,27.735,2,35.0980226,2,-123.08945186,2
1321923870,11/22/2011 01:04:30,2,docr,2740.1,2,1.704,2,34.657,2,2.261,2,87.66,2,1502.645,2,27.7347,2,35.09798513,2,-123.0894808,2
1321923885,11/22/2011 01:04:45,2,docr,2730.79,2,1.707,2,34.656,2,2.253,2,87.66,2,1502.495,2,27.7336,2,35.097938,2,-123.089503,2
1321923900,11/22/2011 01:05:00,2,docr,2721.58,2,1.709,2,34.656,2,2.249,2,87.64,2,1502.344,2,27.7334,2,35.0979318,2,-123.08955133,2
1321923915,11/22/2011 01:05:15,2,docr,2712.37,2,1.712,2,34.656,2,2.245,2,87.65,2,1502.197,2,27.7331,2,35.0979248,2,-123.08954053,2
1321923930,11/22/2011 01:05:30,2,docr,2702.96,2,1.715,2,34.655,2,2.239,2,87.65,2,1502.046,2,27.732,2,35.097922,2,-123.089518,2
1321923945,11/22/2011 01:05:45,2,docr,2693.55,2,1.716,2,34.655,2,2.234,2,87.65,2,1501.887,2,27.7319,2,35.0979404,2,-123.0894756,2
1321923960,11/22/2011 01:06:00,2,docr,2684.24,2,1.718,2,34.654,2,2.226,2,87.65,2,1501.733,2,27.7309,2,35.09793326,2,-123.08948,2
1321923975,11/22/2011 01:06:15,2,docr,2674.93,2,1.722,2,34.654,2,2.219,2,87.65,2,1501.589,2,27.7305,2,35.097916,2,-123.089537,2
1321923990,11/22/2011 01:06:30,2,docr,2665.62,2,1.723,2,34.654,2,2.211,2,87.65,2,1501.432,2,27.7304,2,35.09790566,2,-123.0895608,2
1321924005,11/22/2011 01:06:45,2,docr,2656.31,2,1.725,2,34.653,2,2.205,2,87.65,2,1501.278,2,27.7294,2,35.09789006,2,-123.0895802,2
1321924020,11/22/2011 01:07:00,2,docr,2647,2,1.727,2,34.653,2,2.199,2,87.65,2,1501.125,2,27.7292,2,35.097855,2,-123.089606,2
1321924035,11/22/2011 01:07:15,2,docr,2637.68,2,1.731,2,34.653,2,2.191,2,87.65,2,1500.981,2,27.7288,2,35.09792233,2,-123.08948333,2
1321924050,11/22/2011 01:07:30,2,docr,2628.37,2,1.734,2,34.652,2,2.187,2,87.65,2,1500.832,2,27.7277,2,35.09791433,2,-123.0893864,2
1321924065,11/22/2011 01:07:45,2,docr,2619.06,2,1.736,2,34.653,2,2.181,2,87.65,2,1500.68,2,27.7283,2,35.097696,2,-123.089196,2
1321924080,11/22/2011 01:08:00,2,docr,2609.74,2,1.743,2,34.653,2,2.176,2,87.66,2,1500.55,2,27.7278,2,35.09792633,2,-123.08919886,2
1321924095,11/22/2011 01:08:15,2,docr,2600.33,2,1.747,2,34.652,2,2.174,2,87.67,2,1500.403,2,27.7266,2,35.098099,2,-123.0891836,2
1321924110,11/22/2011 01:08:30,2,docr,2590.92,2,1.751,2,34.652,2,2.168,2,87.68,2,1500.258,2,27.7262,2,35.0980502,2,-123.0890612,2
1321924125,11/22/2011 01:08:45,2,docr,2581.5,2,1.756,2,34.652,2,2.163,2,87.69,2,1500.116,2,27.7258,2,35.09800573,2,-123.0891308,2
1321924140,11/22/2011 01:09:00,2,docr,2572.29,2,1.761,2,34.651,2,2.155,2,87.69,2,1499.977,2,27.7246,2,35.097976,2,-123.089167,2
1321924155,11/22/2011 01:09:15,2,docr,2562.87,2,1.763,2,34.651,2,2.147,2,87.68,2,1499.823,2,27.7244,2,35.0980748,2,-123.089059,2
1321924170,11/22/2011 01:09:30,2,docr,2553.46,2,1.766,2,34.65,2,2.138,2,87.67,2,1499.672,2,27.7233,2,35.09805166,2,-123.0890922,2
1321924185,11/22/2011 01:09:45,2,docr,2544.14,2,1.769,2,34.65,2,2.131,2,87.67,2,1499.524,2,27.723,2,35.098019,2,-123.089154,2
1321924200,11/22/2011 01:10:00,2,docr,2534.73,2,1.773,2,34.65,2,2.126,2,87.68,2,1499.379,2,27.7227,2,35.09800353,2,-123.0891992,2
1321924215,11/22/2011 01:10:15,2,docr,2525.31,2,1.775,2,34.649,2,2.12,2,87.69,2,1499.223,2,27.7216,2,35.09798426,2,-123.08919786,2
1321924230,11/22/2011 01:10:30,2,docr,2516.09,2,1.779,2,34.649,2,2.114,2,87.68,2,1499.081,2,27.7213,2,35.097982,2,-123.089215,2
1321924245,11/22/2011 01:10:45,2,docr,2506.87,2,1.783,2,34.648,2,2.106,2,87.68,2,1498.938,2,27.7201,2,35.09795393,2,-123.08925053,2
1321924260,11/22/2011 01:11:00,2,docr,2497.55,2,1.785,2,34.648,2,2.1,2,87.68,2,1498.786,2,27.7199,2,35.09795006,2,-123.0892758,2
1321924275,11/22/2011 01:11:15,2,docr,2488.33,2,1.789,2,34.648,2,2.09,2,87.67,2,1498.644,2,27.7196,2,35.097957,2,-123.089293,2
1321924290,11/22/2011 01:11:30,2,docr,2479.11,2,1.792,2,34.647,2,2.081,2,87.66,2,1498.497,2,27.7185,2,35.09793086,2,-123.089285,2
1321924305,11/22/2011 01:11:45,2,docr,2469.79,2,1.793,2,34.647,2,2.073,2,87.67,2,1498.34,2,27.7184,2,35.0979126,2,-123.08927113,2
1321924320,11/22/2011 01:12:00,2,docr,2460.57,2,1.796,2,34.646,2,2.068,2,87.67,2,1498.192,2,27.7173,2,35.097884,2,-123.089261,2
1321924335,11/22/2011 01:12:15,2,docr,2451.34,2,1.799,2,34.646,2,2.06,2,87.24,2,1498.046,2,27.717,2,35.09787866,2,-123.08932146,2
1321924350,11/22/2011 01:12:30,2,docr,2442.12,2,1.801,2,34.645,2,2.051,2,87.54,2,1497.894,2,27.716,2,35.0978802,2,-123.0893558,2
1321924365,11/22/2011 01:12:45,2,docr,2432.8,2,1.803,2,34.644,2,2.037,2,87.65,2,1497.741,2,27.715,2,35.097881,2,-123.08940753,2
1321924380,11/22/2011 01:13:00,2,docr,2423.58,2,1.808,2,34.644,2,2.027,2,87.66,2,1497.604,2,27.7145,2,35.09786886,2,-123.0894398,2
1321924395,11/22/2011 01:13:15,2,docr,2414.35,2,1.812,2,34.644,2,2.019,2,87.66,2,1497.462,2,27.7142,2,35.09785853,2,-123.08945426,2
1321924410,11/22/2011 01:13:30,2,docr,2405.03,2,1.813,2,34.643,2,2.011,2,87.65,2,1497.304,2,27.7132,2,35.09786633,2,-123.08944993,2
1321924425,11/22/2011 01:13:45,2,docr,2395.8,2,1.818,2,34.643,2,2.001,2,87.65,2,1497.167,2,27.7128,2,35.0978792,2,-123.08949773,2
1321924440,11/22/2011 01:14:00,2,docr,2386.58,2,1.823,2,34.643,2,1.994,2,87.65,2,1497.03,2,27.7124,2,35.09788846,2,-123.08952566,2
1321924455,11/22/2011 01:14:15,2,docr,2377.45,2,1.827,2,34.642,2,1.989,2,87.66,2,1496.888,2,27.7112,2,35.097843,2,-123.08951086,2
1321924470,11/22/2011 01:14:30,2,docr,2368.13,2,1.831,2,34.642,2,1.985,2,87.66,2,1496.745,2,27.7109,2,35.097839,2,-123.08951266,2
1321924485,11/22/2011 01:14:45,2,docr,2358.8,2,1.836,2,34.641,2,1.98,2,87.66,2,1496.605,2,27.7096,2,35.097845,2,-123.089523,2
1321924500,11/22/2011 01:15:00,2,docr,2349.57,2,1.839,2,34.641,2,1.971,2,87.66,2,1496.459,2,27.7094,2,35.09779766,2,-123.08953606,2
1321924515,11/22/2011 01:15:15,2,docr,2340.35,2,1.842,2,34.641,2,1.963,2,87.67,2,1496.313,2,27.7091,2,35.09780773,2,-123.08954826,2
1321924530,11/22/2011 01:15:30,2,docr,2331.02,2,1.846,2,34.64,2,1.956,2,87.66,2,1496.169,2,27.7079,2,35.09782,2,-123.08957,2
1321924545,11/22/2011 01:15:45,2,docr,2321.69,2,1.853,2,34.639,2,1.944,2,87.66,2,1496.037,2,27.7065,2,35.09781473,2,-123.08957033,2
1321924560,11/22/2011 01:16:00,2,docr,2312.37,2,1.857,2,34.638,2,1.929,2,87.65,2,1495.893,2,27.7054,2,35.09782033,2,-123.0895868,2
1321924575,11/22/2011 01:16:15,2,docr,2303.14,2,1.858,2,34.637,2,1.914,2,87.65,2,1495.737,2,27.7044,2,35.097823,2,-123.089603,2
1321924590,11/22/2011 01:16:30,2,docr,2293.81,2,1.862,2,34.637,2,1.896,2,87.65,2,1495.594,2,27.7041,2,35.09782746,2,-123.08962206,2
1321924605,11/22/2011 01:16:45,2,docr,2284.48,2,1.866,2,34.636,2,1.895,2,87.65,2,1495.449,2,27.7029,2,35.09783486,2,-123.08962573,2
1321924620,11/22/2011 01:17:00,2,docr,2275.25,2,1.869,2,34.635,2,1.888,2,87.64,2,1495.302,2,27.7018,2,35.097844,2,-123.089643,2
1321924635,11/22/2011 01:17:15,2,docr,2266.22,2,1.873,2,34.634,2,1.868,2,87.64,2,1495.163,2,27.7007,2,35.09783426,2,-123.08963486,2
1321924650,11/22/2011 01:17:30,2,docr,2257.18,2,1.874,2,34.633,2,1.851,2,87.64,2,1495.011,2,27.6997,2,35.09784926,2,-123.08964793,2
1321924665,11/22/2011 01:17:45,2,docr,2248.35,2,1.881,2,34.634,2,1.845,2,87.64,2,1494.891,2,27.6999,2,35.097893,2,-123.089687,2
1321924680,11/22/2011 01:18:00,2,docr,2239.51,2,1.883,2,34.633,2,1.848,2,87.64,2,1494.746,2,27.6989,2,35.09786206,2,-123.08971446,2
1321924695,11/22/2011 01:18:15,2,docr,2230.86,2,1.892,2,34.634,2,1.843,2,87.65,2,1494.638,2,27.699,2,35.09785206,2,-123.08970973,2
1321924710,11/22/2011 01:18:30,2,docr,2222.22,2,1.894,2,34.633,2,1.849,2,87.65,2,1494.497,2,27.698,2,35.097877,2,-123.089676,2
1321924725,11/22/2011 01:18:45,2,docr,2213.77,2,1.9,2,34.632,2,1.842,2,87.65,2,1494.377,2,27.6967,2,35.09790546,2,-123.089664,2
1321924740,11/22/2011 01:19:00,2,docr,2205.13,2,1.903,2,34.631,2,1.828,2,87.65,2,1494.24,2,27.6956,2,35.09791293,2,-123.08966393,2
1321924755,11/22/2011 01:19:15,2,docr,2196.29,2,1.91,2,34.631,2,1.813,2,87.65,2,1494.119,2,27.695,2,35.09787913,2,-123.0897038,2
1321924770,11/22/2011 01:19:30,2,docr,2187.55,2,1.919,2,34.63,2,1.803,2,87.65,2,1494.006,2,27.6935,2,35.0978814,2,-123.08970126,2
1321924785,11/22/2011 01:19:45,2,docr,2178.7,2,1.925,2,34.63,2,1.797,2,87.65,2,1493.881,2,27.693,2,35.09788026,2,-123.0897156,2
1321924800,11/22/2011 01:20:00,2,docr,2169.86,2,1.932,2,34.629,2,1.789,2,87.66,2,1493.758,2,27.6916,2,35.097888,2,-123.089736,2
1321924815,11/22/2011 01:20:15,2,docr,2160.82,2,1.935,2,34.629,2,1.778,2,87.66,2,1493.616,2,27.6913,2,35.09787333,2,-123.0897356,2
1321924830,11/22/2011 01:20:30,2,docr,2152.18,2,1.943,2,34.628,2,1.768,2,87.66,2,1493.501,2,27.6899,2,35.09786633,2,-123.08973333,2
1321924845,11/22/2011 01:20:45,2,docr,2143.63,2,1.955,2,34.626,2,1.747,2,87.65,2,1493.405,2,27.6873,2,35.0978558,2,-123.0897394,2
1321924860,11/22/2011 01:21:00,2,docr,2135.08,2,1.959,2,34.625,2,1.73,2,87.65,2,1493.274,2,27.6861,2,35.0978438,2,-123.08973433,2
1321924875,11/22/2011 01:21:15,2,docr,2126.73,2,1.967,2,34.624,2,1.72,2,87.65,2,1493.164,2,27.6847,2,35.097834,2,-123.089728,2
1321924890,11/22/2011 01:21:30,2,docr,2118.77,2,1.976,2,34.622,2,1.702,2,87.64,2,1493.064,2,27.6823,2,35.09783606,2,-123.08965486,2
1321924905,11/22/2011 01:21:45,2,docr,2111.01,2,1.985,2,34.621,2,1.684,2,87.63,2,1492.969,2,27.6808,2,35.0978268,2,-123.0896512,2
1321924920,11/22/2011 01:22:00,2,docr,2104.13,2,1.991,2,34.62,2,1.669,2,87.62,2,1492.876,2,27.6795,2,35.097813,2,-123.089659,2
1321924935,11/22/2011 01:22:15,2,docr,2096.76,2,1.996,2,34.62,2,1.659,2,87.62,2,1492.772,2,27.6791,2,35.0977718,2,-123.0895822,2
1321924950,11/22/2011 01:22:30,2,docr,2088.3,2,2.004,2,34.619,2,1.652,2,87.62,2,1492.66,2,27.6776,2,35.09775413,2,-123.0895486,2
1321924965,11/22/2011 01:22:45,2,docr,2079.85,2,2.008,2,34.619,2,1.642,2,87.63,2,1492.533,2,27.6772,2,35.097732,2,-123.089518,2
1321924980,11/22/2011 01:23:00,2,docr,2071.4,2,2.017,2,34.618,2,1.633,2,87.63,2,1492.426,2,27.6757,2,35.09769406,2,-123.08949,2
1321924995,11/22/2011 01:23:15,2,docr,2062.95,2,2.024,2,34.617,2,1.624,2,87.63,2,1492.31,2,27.6743,2,35.09767206,2,-123.08946206,2
1321925010,11/22/2011 01:23:30,2,docr,2054.3,2,2.028,2,34.616,2,1.613,2,87.63,2,1492.178,2,27.6731,2,35.097651,2,-123.089423,2
1321925025,11/22/2011 01:23:45,2,docr,2045.74,2,2.032,2,34.615,2,1.605,2,87.62,2,1492.048,2,27.672,2,35.09764593,2,-123.08937766,2
1321925040,11/22/2011 01:24:00,2,docr,2037.09,2,2.04,2,34.615,2,1.597,2,87.63,2,1491.935,2,27.6713,2,35.09763973,2,-123.08935866,2
1321925055,11/22/2011 01:24:15,2,docr,2028.25,2,2.049,2,34.614,2,1.585,2,87.63,2,1491.821,2,27.6697,2,35.097611,2,-123.089349,2
1321925070,11/22/2011 01:24:30,2,docr,2017.53,2,2.054,2,34.613,2,1.576,2,87.62,2,1491.658,2,27.6685,2,35.09759893,2,-123.08934266,2
1321925085,11/22/2011 01:24:45,2,docr,2008.48,2,2.067,2,34.613,2,1.564,2,87.62,2,1491.56,2,27.6674,2,35.09759013,2,-123.0893374,2
1321925100,11/22/2011 01:25:00,2,docr,2001.11,2,2.079,2,34.611,2,1.546,2,87.6,2,1491.484,2,27.6648,2,35.09757933,2,-123.08932293,2
1321925115,11/22/2011 01:25:15,2,docr,1993.34,2,2.086,2,34.61,2,1.533,2,87.63,2,1491.38,2,27.6634,2,35.09756393,2,-123.08931806,2
1321925130,11/22/2011 01:25:30,2,docr,1985.28,2,2.095,2,34.609,2,1.514,2,87.62,2,1491.28,2,27.6619,2,35.09754986,2,-123.08931433,2
1321925145,11/22/2011 01:25:45,2,docr,1976.82,2,2.103,2,34.608,2,1.498,2,87.62,2,1491.169,2,27.6604,2,35.0974998,2,-123.0892754,2
1321925160,11/22/2011 01:26:00,2,docr,1968.07,2,2.113,2,34.607,2,1.484,2,87.63,2,1491.061,2,27.6588,2,35.09748253,2,-123.08924386,2
1321925175,11/22/2011 01:26:15,2,docr,1959.12,2,2.118,2,34.606,2,1.472,2,87.62,2,1490.929,2,27.6575,2,35.097479,2,-123.089208,2
1321925190,11/22/2011 01:26:30,2,docr,1949.29,2,2.124,2,34.605,2,1.463,2,87.62,2,1490.786,2,27.6562,2,35.09748226,2,-123.08916673,2
1321925205,11/22/2011 01:26:45,2,docr,1938.86,2,2.136,2,34.604,2,1.449,2,87.63,2,1490.658,2,27.6544,2,35.09746033,2,-123.08915106,2
1321925220,11/22/2011 01:27:00,2,docr,1928.64,2,2.147,2,34.603,2,1.433,2,87.63,2,1490.53,2,27.6527,2,35.097431,2,-123.089126,2
1321925235,11/22/2011 01:27:15,2,docr,1918.6,2,2.162,2,34.601,2,1.417,2,87.62,2,1490.421,2,27.6498,2,35.09738526,2,-123.0891268,2
1321925250,11/22/2011 01:27:30,2,docr,1908.67,2,2.177,2,34.6,2,1.401,2,87.6,2,1490.316,2,27.6478,2,35.0973714,2,-123.0891234,2
1321925265,11/22/2011 01:27:45,2,docr,1898.63,2,2.197,2,34.599,2,1.384,2,87.62,2,1490.23,2,27.6453,2,35.097354,2,-123.089123,2
1321925280,11/22/2011 01:28:00,2,docr,1888.7,2,2.211,2,34.597,2,1.368,2,87.62,2,1490.119,2,27.6426,2,35.09735866,2,-123.08911766,2
1321925295,11/22/2011 01:28:15,2,docr,1878.76,2,2.217,2,34.594,2,1.347,2,87.61,2,1489.971,2,27.6396,2,35.09734546,2,-123.089107,2
1321925310,11/22/2011 01:28:30,2,docr,1869.22,2,2.228,2,34.593,2,1.328,2,87.61,2,1489.855,2,27.6379,2,35.097319,2,-123.089092,2
1321925325,11/22/2011 01:28:45,2,docr,1862.92,2,2.24,2,34.59,2,1.306,2,87.6,2,1489.796,2,27.6345,2,35.09732006,2,-123.0890592,2
1321925340,11/22/2011 01:29:00,2,docr,1858,2,2.249,2,34.589,2,1.283,2,87.62,2,1489.75,2,27.6329,2,35.0973038,2,-123.0890594,2
1321925355,11/22/2011 01:29:15,2,docr,1852,2,2.258,2,34.588,2,1.268,2,87.61,2,1489.685,2,27.6314,2,35.097269,2,-123.089055,2
1321925370,11/22/2011 01:29:30,2,docr,1844.92,2,2.261,2,34.587,2,1.256,2,87.6,2,1489.576,2,27.6303,2,35.09721673,2,-123.08909926,2
1321925385,11/22/2011 01:29:45,2,docr,1837.05,2,2.266,2,34.586,2,1.249,2,87.61,2,1489.462,2,27.629,2,35.09718853,2,-123.08911846,2
1321925400,11/22/2011 01:30:00,2,docr,1828.98,2,2.269,2,34.586,2,1.24,2,87.61,2,1489.337,2,27.6287,2,35.09713073,2,-123.089118,2
1321925415,11/22/2011 01:30:15,2,docr,1820.22,2,2.281,2,34.585,2,1.232,2,87.61,2,1489.239,2,27.6269,2,35.09708993,2,-123.0891622,2
1321925430,11/22/2011 01:30:30,2,docr,1811.46,2,2.293,2,34.584,2,1.221,2,87.61,2,1489.14,2,27.6251,2,35.0970684,2,-123.0891876,2
1321925445,11/22/2011 01:30:45,2,docr,1802.8,2,2.31,2,34.583,2,1.209,2,87.6,2,1489.065,2,27.6229,2,35.097058,2,-123.089214,2
1321925460,11/22/2011 01:31:00,2,docr,1793.94,2,2.333,2,34.582,2,1.195,2,87.6,2,1489.013,2,27.6202,2,35.097023,2,-123.08922126,2
1321925475,11/22/2011 01:31:15,2,docr,1785.09,2,2.346,2,34.58,2,1.185,2,87.59,2,1488.916,2,27.6175,2,35.09699593,2,-123.08922926,2
1321925490,11/22/2011 01:31:30,2,docr,1776.23,2,2.369,2,34.58,2,1.177,2,87.59,2,1488.865,2,27.6155,2,35.0969548,2,-123.0892464,2
1321925505,11/22/2011 01:31:45,2,docr,1767.37,2,2.382,2,34.578,2,1.165,2,87.59,2,1488.768,2,27.6128,2,35.09691953,2,-123.0892678,2
1321925520,11/22/2011 01:32:00,2,docr,1758.22,2,2.386,2,34.578,2,1.16,2,87.59,2,1488.629,2,27.6124,2,35.0968892,2,-123.08928146,2
1321925535,11/22/2011 01:32:15,2,docr,1746.5,2,2.402,2,34.577,2,1.154,2,87.61,2,1488.498,2,27.6102,2,35.0968534,2,-123.089309,2
1321925550,11/22/2011 01:32:30,2,docr,1734.29,2,2.413,2,34.576,2,1.146,2,87.6,2,1488.336,2,27.6085,2,35.0968518,2,-123.08930553,2
1321925565,11/22/2011 01:32:45,2,docr,1722.87,2,2.426,2,34.575,2,1.136,2,87.61,2,1488.197,2,27.6065,2,35.096854,2,-123.089311,2
1321925580,11/22/2011 01:33:00,2,docr,1717.66,2,2.434,2,34.576,2,1.134,2,87.36,2,1488.144,2,27.6066,2,35.09681753,2,-123.08930926,2
1321925595,11/22/2011 01:33:15,2,docr,1711.85,2,2.458,2,34.575,2,1.124,2,87.59,2,1488.148,2,27.6038,2,35.09683193,2,-123.08931633,2
1321925610,11/22/2011 01:33:30,2,docr,1703.08,2,2.474,2,34.573,2,1.116,2,87.63,2,1488.066,2,27.6008,2,35.096853,2,-123.089321,2
1321925625,11/22/2011 01:33:45,2,docr,1694.12,2,2.496,2,34.573,2,1.11,2,87.63,2,1488.008,2,27.599,2,35.0968598,2,-123.08934473,2
1321925640,11/22/2011 01:34:00,2,docr,1685.26,2,2.514,2,34.572,2,1.103,2,87.63,2,1487.934,2,27.5966,2,35.09686226,2,-123.0893376,2
1321925655,11/22/2011 01:34:15,2,docr,1676.5,2,2.525,2,34.57,2,1.089,2,87.63,2,1487.83,2,27.594,2,35.096857,2,-123.089328,2
1321925670,11/22/2011 01:34:30,2,docr,1667.64,2,2.537,2,34.57,2,1.082,2,87.63,2,1487.732,2,27.593,2,35.0968572,2,-123.089344,2
1321925685,11/22/2011 01:34:45,2,docr,1658.77,2,2.553,2,34.569,2,1.072,2,87.62,2,1487.649,2,27.5908,2,35.09685613,2,-123.08935133,2
1321925700,11/22/2011 01:35:00,2,docr,1650.01,2,2.571,2,34.568,2,1.063,2,87.63,2,1487.576,2,27.5884,2,35.096848,2,-123.089379,2
1321925715,11/22/2011 01:35:15,2,docr,1641.14,2,2.584,2,34.565,2,1.048,2,87.63,2,1487.478,2,27.5849,2,35.09686986,2,-123.08938086,2
1321925730,11/22/2011 01:35:30,2,docr,1632.28,2,2.593,2,34.563,2,1.029,2,87.61,2,1487.363,2,27.5824,2,35.0968716,2,-123.0893816,2
1321925745,11/22/2011 01:35:45,2,docr,1623.51,2,2.607,2,34.561,2,1.013,2,87.63,2,1487.272,2,27.5796,2,35.096868,2,-123.089395,2
1321925760,11/22/2011 01:36:00,2,docr,1614.65,2,2.621,2,34.56,2,0.996,2,87.63,2,1487.181,2,27.5776,2,35.09685946,2,-123.08939293,2
1321925775,11/22/2011 01:36:15,2,docr,1605.88,2,2.638,2,34.558,2,0.982,2,87.63,2,1487.103,2,27.5745,2,35.096855,2,-123.0893998,2
1321925790,11/22/2011 01:36:30,2,docr,1597.11,2,2.65,2,34.557,2,0.968,2,87.63,2,1487.005,2,27.5726,2,35.09683853,2,-123.08942406,2
1321925805,11/22/2011 01:36:45,2,docr,1588.45,2,2.666,2,34.557,2,0.963,2,87.63,2,1486.926,2,27.5712,2,35.096846,2,-123.089421,2
1321925820,11/22/2011 01:37:00,2,docr,1579.58,2,2.682,2,34.555,2,0.954,2,87.6,2,1486.842,2,27.5681,2,35.09685166,2,-123.08942,2
1321925835,11/22/2011 01:37:15,2,docr,1570.52,2,2.696,2,34.554,2,0.946,2,87.62,2,1486.748,2,27.5661,2,35.0968478,2,-123.089434,2
1321925850,11/22/2011 01:37:30,2,docr,1561.55,2,2.705,2,34.553,2,0.939,2,87.63,2,1486.633,2,27.5644,2,35.0968386,2,-123.08944566,2
1321925865,11/22/2011 01:37:45,2,docr,1552.49,2,2.718,2,34.552,2,0.931,2,87.63,2,1486.534,2,27.5625,2,35.09682866,2,-123.0894456,2
1321925880,11/22/2011 01:38:00,2,docr,1543.62,2,2.736,2,34.551,2,0.922,2,87.63,2,1486.46,2,27.5601,2,35.09684733,2,-123.08948666,2
1321925895,11/22/2011 01:38:15,2,docr,1534.75,2,2.745,2,34.55,2,0.914,2,87.61,2,1486.347,2,27.5584,2,35.09685466,2,-123.0894668,2
1321925910,11/22/2011 01:38:30,2,docr,1527.26,2,2.752,2,34.548,2,0.903,2,87.62,2,1486.247,2,27.5562,2,35.096864,2,-123.089432,2
1321925925,11/22/2011 01:38:45,2,docr,1520.26,2,2.758,2,34.548,2,0.895,2,87.62,2,1486.155,2,27.5556,2,35.096851,2,-123.089475,2
1321925940,11/22/2011 01:39:00,2,docr,1512.48,2,2.774,2,34.547,2,0.888,2,87.62,2,1486.09,2,27.5534,2,35.09687346,2,-123.08949733,2
1321925955,11/22/2011 01:39:15,2,docr,1503.02,2,2.795,2,34.546,2,0.878,2,87.62,2,1486.019,2,27.5507,2,35.096894,2,-123.089524,2
1321925970,11/22/2011 01:39:30,2,docr,1493.46,2,2.813,2,34.545,2,0.872,2,87.62,2,1485.933,2,27.5482,2,35.0968416,2,-123.0895118,2
1321925985,11/22/2011 01:39:45,2,docr,1484,2,2.838,2,34.547,2,0.877,2,87.61,2,1485.883,2,27.5476,2,35.09683946,2,-123.08949106,2
1321926000,11/22/2011 01:40:00,2,docr,1474.63,2,2.863,2,34.545,2,0.881,2,87.61,2,1485.829,2,27.5438,2,35.096836,2,-123.089456,2
1321926015,11/22/2011 01:40:15,2,docr,1465.37,2,2.879,2,34.544,2,0.871,2,87.61,2,1485.739,2,27.5415,2,35.09686733,2,-123.08946206,2
1321926030,11/22/2011 01:40:30,2,docr,1456,2,2.89,2,34.542,2,0.861,2,87.61,2,1485.625,2,27.5389,2,35.09686746,2,-123.0894582,2
1321926045,11/22/2011 01:40:45,2,docr,1446.93,2,2.91,2,34.541,2,0.852,2,87.61,2,1485.556,2,27.5362,2,35.096839,2,-123.089439,2
1321926060,11/22/2011 01:41:00,2,docr,1438.06,2,2.931,2,34.54,2,0.84,2,87.61,2,1485.495,2,27.5335,2,35.09684353,2,-123.08946993,2
1321926075,11/22/2011 01:41:15,2,docr,1429.19,2,2.953,2,34.538,2,0.831,2,87.61,2,1485.437,2,27.5299,2,35.09684953,2,-123.08948213,2
1321926090,11/22/2011 01:41:30,2,docr,1420.22,2,2.962,2,34.537,2,0.826,2,87.6,2,1485.322,2,27.5282,2,35.096865,2,-123.089489,2
1321926105,11/22/2011 01:41:45,2,docr,1411.54,2,2.97,2,34.537,2,0.821,2,87.59,2,1485.21,2,27.5275,2,35.0968414,2,-123.0894798,2
1321926120,11/22/2011 01:42:00,2,docr,1402.86,2,2.988,2,34.536,2,0.814,2,87.59,2,1485.139,2,27.525,2,35.09682966,2,-123.0894678,2
1321926135,11/22/2011 01:42:15,2,docr,1394.09,2,3.006,2,34.535,2,0.807,2,87.6,2,1485.066,2,27.5225,2,35.096797,2,-123.0894552,2
1321926150,11/22/2011 01:42:30,2,docr,1385.21,2,3.026,2,34.533,2,0.795,2,87.59,2,1484.999,2,27.5191,2,35.0968122,2,-123.08940613,2
1321926165,11/22/2011 01:42:45,2,docr,1376.34,2,3.038,2,34.532,2,0.788,2,87.59,2,1484.899,2,27.5171,2,35.09681693,2,-123.08937706,2
1321926180,11/22/2011 01:43:00,2,docr,1367.46,2,3.055,2,34.531,2,0.781,2,87.59,2,1484.82,2,27.5147,2,35.09681453,2,-123.08935806,2
1321926195,11/22/2011 01:43:15,2,docr,1358.59,2,3.075,2,34.529,2,0.771,2,87.59,2,1484.753,2,27.5113,2,35.0968238,2,-123.08937333,2
1321926210,11/22/2011 01:43:30,2,docr,1349.81,2,3.093,2,34.528,2,0.762,2,87.59,2,1484.681,2,27.5088,2,35.0968318,2,-123.0893934,2
1321926225,11/22/2011 01:43:45,2,docr,1340.93,2,3.109,2,34.527,2,0.756,2,87.59,2,1484.598,2,27.5065,2,35.0968134,2,-123.0893786,2
1321926240,11/22/2011 01:44:00,2,docr,1331.96,2,3.127,2,34.526,2,0.749,2,87.59,2,1484.522,2,27.504,2,35.09680893,2,-123.0894104,2
1321926255,11/22/2011 01:44:15,2,docr,1322.98,2,3.142,2,34.525,2,0.74,2,87.59,2,1484.433,2,27.5017,2,35.096802,2,-123.089434,2
1321926270,11/22/2011 01:44:30,2,docr,1313.91,2,3.163,2,34.523,2,0.732,2,87.59,2,1484.367,2,27.4982,2,35.09678573,2,-123.08943986,2
1321926285,11/22/2011 01:44:45,2,docr,1305.03,2,3.187,2,34.522,2,0.723,2,87.58,2,1484.318,2,27.4951,2,35.09678833,2,-123.08944413,2
1321926300,11/22/2011 01:45:00,2,docr,1295.85,2,3.205,2,34.521,2,0.713,2,87.58,2,1484.238,2,27.4926,2,35.096792,2,-123.089459,2
1321926315,11/22/2011 01:45:15,2,docr,1286.98,2,3.229,2,34.518,2,0.703,2,87.59,2,1484.187,2,27.4879,2,35.0967678,2,-123.08944753,2
1321926330,11/22/2011 01:45:30,2,docr,1278,2,3.245,2,34.517,2,0.693,2,87.58,2,1484.102,2,27.4856,2,35.09676966,2,-123.08945813,2
1321926345,11/22/2011 01:45:45,2,docr,1269.12,2,3.266,2,34.516,2,0.683,2,87.57,2,1484.04,2,27.4828,2,35.096774,2,-123.08947,2
1321926360,11/22/2011 01:46:00,2,docr,1260.24,2,3.29,2,34.515,2,0.677,2,87.58,2,1483.991,2,27.4797,2,35.09676186,2,-123.08946353,2
1321926375,11/22/2011 01:46:15,2,docr,1251.16,2,3.307,2,34.513,2,0.668,2,87.57,2,1483.908,2,27.4764,2,35.09675086,2,-123.08945513,2
1321926390,11/22/2011 01:46:30,2,docr,1241.69,2,3.339,2,34.51,2,0.65,2,87.57,2,1483.88,2,27.471,2,35.096731,2,-123.089443,2
1321926405,11/22/2011 01:46:45,2,docr,1232.41,2,3.363,2,34.507,2,0.636,2,87.57,2,1483.822,2,27.4662,2,35.09674086,2,-123.08943233,2
1321926420,11/22/2011 01:47:00,2,docr,1223.04,2,3.387,2,34.506,2,0.629,2,87.57,2,1483.765,2,27.4631,2,35.096739,2,-123.0894248,2
1321926435,11/22/2011 01:47:15,2,docr,1213.76,2,3.408,2,34.504,2,0.617,2,87.57,2,1483.695,2,27.4595,2,35.096715,2,-123.089437,2
1321926450,11/22/2011 01:47:30,2,docr,1204.58,2,3.424,2,34.502,2,0.608,2,87.57,2,1483.605,2,27.4563,2,35.09672586,2,-123.0894524,2
1321926465,11/22/2011 01:47:45,2,docr,1195.4,2,3.446,2,34.501,2,0.598,2,87.57,2,1483.543,2,27.4533,2,35.09672753,2,-123.08945673,2
1321926480,11/22/2011 01:48:00,2,docr,1186.23,2,3.468,2,34.499,2,0.59,2,87.57,2,1483.479,2,27.4496,2,35.096728,2,-123.0894472,2
1321926495,11/22/2011 01:48:15,2,docr,1177.34,2,3.49,2,34.498,2,0.585,2,87.57,2,1483.421,2,27.4466,2,35.09672233,2,-123.08944386,2
1321926510,11/22/2011 01:48:30,2,docr,1168.75,2,3.513,2,34.497,2,0.582,2,87.58,2,1483.372,2,27.4435,2,35.09671713,2,-123.08944246,2
1321926525,11/22/2011 01:48:45,2,docr,1159.87,2,3.525,2,34.497,2,0.577,2,87.57,2,1483.274,2,27.4423,2,35.0967054,2,-123.089448,2
1321926540,11/22/2011 01:49:00,2,docr,1150.59,2,3.56,2,34.494,2,0.567,2,87.57,2,1483.261,2,27.4365,2,35.09669013,2,-123.08944206,2
1321926555,11/22/2011 01:49:15,2,docr,1141.31,2,3.58,2,34.491,2,0.554,2,87.57,2,1483.186,2,27.4321,2,35.0966784,2,-123.0894362,2
1321926570,11/22/2011 01:49:30,2,docr,1132.13,2,3.604,2,34.488,2,0.533,2,87.57,2,1483.129,2,27.4273,2,35.096688,2,-123.089433,2
1321926585,11/22/2011 01:49:45,2,docr,1123.44,2,3.629,2,34.484,2,0.519,2,87.57,2,1483.083,2,27.4216,2,35.09667393,2,-123.0894388,2
1321926600,11/22/2011 01:50:00,2,docr,1114.85,2,3.646,2,34.484,2,0.51,2,87.57,2,1483.01,2,27.4199,2,35.096663,2,-123.089441,2
1321926615,11/22/2011 01:50:15,2,docr,1106.06,2,3.682,2,34.481,2,0.501,2,87.57,2,1483.01,2,27.4139,2,35.09666013,2,-123.08946453,2
1321926630,11/22/2011 01:50:30,2,docr,1097.18,2,3.716,2,34.477,2,0.489,2,87.57,2,1482.999,2,27.4073,2,35.0966618,2,-123.08946673,2
1321926645,11/22/2011 01:50:45,2,docr,1088.29,2,3.737,2,34.476,2,0.475,2,87.57,2,1482.937,2,27.4044,2,35.096663,2,-123.089475,2
1321926660,11/22/2011 01:51:00,2,docr,1079.4,2,3.771,2,34.473,2,0.467,2,87.57,2,1482.926,2,27.3986,2,35.0966678,2,-123.08948426,2
1321926675,11/22/2011 01:51:15,2,docr,1070.51,2,3.799,2,34.47,2,0.457,2,87.57,2,1482.891,2,27.3933,2,35.0966666,2,-123.08948733,2
1321926690,11/22/2011 01:51:30,2,docr,1061.63,2,3.811,2,34.47,2,0.453,2,87.57,2,1482.792,2,27.3921,2,35.096667,2,-123.089491,2
1321926705,11/22/2011 01:51:45,2,docr,1052.74,2,3.838,2,34.469,2,0.448,2,87.57,2,1482.755,2,27.3885,2,35.09666953,2,-123.08948753,2
1321926720,11/22/2011 01:52:00,2,docr,1043.75,2,3.862,2,34.469,2,0.446,2,87.57,2,1482.704,2,27.386,2,35.0966646,2,-123.0895024,2
1321926735,11/22/2011 01:52:15,2,docr,1034.66,2,3.893,2,34.467,2,0.443,2,87.58,2,1482.679,2,27.3813,2,35.096655,2,-123.08949,2
1321926750,11/22/2011 01:52:30,2,docr,1025.67,2,3.922,2,34.465,2,0.433,2,87.57,2,1482.647,2,27.3767,2,35.096647,2,-123.08950653,2
1321926765,11/22/2011 01:52:45,2,docr,1016.39,2,3.945,2,34.464,2,0.429,2,87.57,2,1482.586,2,27.3735,2,35.09664353,2,-123.0895206,2
1321926780,11/22/2011 01:53:00,2,docr,1007.4,2,3.98,2,34.46,2,0.417,2,87.57,2,1482.577,2,27.3667,2,35.096646,2,-123.089538,2
1321926795,11/22/2011 01:53:15,2,docr,998.21,2,4.004,2,34.458,2,0.404,2,87.57,2,1482.52,2,27.3626,2,35.096633,2,-123.08953546,2
1321926810,11/22/2011 01:53:30,2,docr,988.93,2,4.027,2,34.456,2,0.397,2,87.57,2,1482.458,2,27.3585,2,35.0966164,2,-123.089517,2
1321926825,11/22/2011 01:53:45,2,docr,979.84,2,4.052,2,34.455,2,0.391,2,87.57,2,1482.409,2,27.3551,2,35.09657253,2,-123.08946073,2
1321926840,11/22/2011 01:54:00,2,docr,970.55,2,4.077,2,34.453,2,0.382,2,87.57,2,1482.355,2,27.3509,2,35.09657846,2,-123.08944726,2
1321926855,11/22/2011 01:54:15,2,docr,961.56,2,4.106,2,34.451,2,0.376,2,87.57,2,1482.322,2,27.3462,2,35.0965788,2,-123.08945146,2
1321926870,11/22/2011 01:54:30,2,docr,952.47,2,4.125,2,34.449,2,0.369,2,87.58,2,1482.246,2,27.3426,2,35.0965764,2,-123.08944706,2
1321926885,11/22/2011 01:54:45,2,docr,943.47,2,4.147,2,34.446,2,0.36,2,87.58,2,1482.183,2,27.3378,2,35.09658746,2,-123.08946013,2
1321926900,11/22/2011 01:55:00,2,docr,934.48,2,4.165,2,34.445,2,0.355,2,87.58,2,1482.106,2,27.3351,2,35.09659733,2,-123.08946566,2
1321926915,11/22/2011 01:55:15,2,docr,925.49,2,4.198,2,34.441,2,0.348,2,87.58,2,1482.088,2,27.3284,2,35.096588,2,-123.0894644,2
1321926930,11/22/2011 01:55:30,2,docr,916.3,2,4.223,2,34.432,2,0.332,2,87.59,2,1482.026,2,27.3186,2,35.09659253,2,-123.0894818,2
1321926945,11/22/2011 01:55:45,2,docr,907.11,2,4.268,2,34.429,2,0.318,2,87.58,2,1482.055,2,27.3114,2,35.096591,2,-123.089481,2
1321926960,11/22/2011 01:56:00,2,docr,897.72,2,4.281,2,34.42,2,0.311,2,87.58,2,1481.94,2,27.3028,2,35.0965868,2,-123.0894758,2
1321926975,11/22/2011 01:56:15,2,docr,888.33,2,4.294,2,34.423,2,0.295,2,87.59,2,1481.841,2,27.3037,2,35.0965724,2,-123.0894982,2
1321926990,11/22/2011 01:56:30,2,docr,879.04,2,4.374,2,34.423,2,0.295,2,87.55,2,1482.017,2,27.2952,2,35.09655,2,-123.089537,2
1321927005,11/22/2011 01:56:45,2,docr,869.84,2,4.411,2,34.419,2,0.288,2,87.55,2,1482.011,2,27.288,2,35.0965518,2,-123.08954086,2
1321927020,11/22/2011 01:57:00,2,docr,860.45,2,4.42,2,34.411,2,0.279,2,87.57,2,1481.881,2,27.2806,2,35.09654213,2,-123.0895418,2
1321927035,11/22/2011 01:57:15,2,docr,851.26,2,4.445,2,34.408,2,0.268,2,87.59,2,1481.827,2,27.2754,2,35.096531,2,-123.08953,2
1321927050,11/22/2011 01:57:30,2,docr,841.87,2,4.493,2,34.407,2,0.265,2,87.57,2,1481.867,2,27.2694,2,35.09652266,2,-123.0895572,2
1321927065,11/22/2011 01:57:45,2,docr,832.47,2,4.524,2,34.403,2,0.259,2,87.58,2,1481.832,2,27.2628,2,35.09651993,2,-123.0895586,2
1321927080,11/22/2011 01:58:00,2,docr,823.18,2,4.564,2,34.403,2,0.257,2,87.57,2,1481.842,2,27.2583,2,35.096526,2,-123.089556,2
1321927095,11/22/2011 01:58:15,2,docr,813.69,2,4.6,2,34.4,2,0.254,2,87.57,2,1481.828,2,27.2519,2,35.09648833,2,-123.08950806,2
1321927110,11/22/2011 01:58:30,2,docr,804.49,2,4.61,2,34.396,2,0.25,2,87.57,2,1481.71,2,27.2476,2,35.09648306,2,-123.0895218,2
1321927125,11/22/2011 01:58:45,2,docr,796.58,2,4.611,2,34.399,2,0.25,2,87.57,2,1481.586,2,27.2498,2,35.09649,2,-123.089574,2
1321927140,11/22/2011 01:59:00,2,docr,788.87,2,4.64,2,34.393,2,0.245,2,87.54,2,1481.568,2,27.2418,2,35.096517,2,-123.08958313,2
1321927155,11/22/2011 01:59:15,2,docr,780.66,2,4.654,2,34.387,2,0.242,2,87.57,2,1481.481,2,27.2354,2,35.09652833,2,-123.08957733,2
1321927170,11/22/2011 01:59:30,2,docr,772.25,2,4.661,2,34.38,2,0.236,2,87.59,2,1481.361,2,27.229,2,35.09656133,2,-123.0895224,2
1321927185,11/22/2011 01:59:45,2,docr,763.45,2,4.679,2,34.375,2,0.232,2,87.59,2,1481.281,2,27.223,2,35.09657153,2,-123.08953393,2
1321927200,11/22/2011 02:00:00,2,docr,754.25,2,4.735,2,34.373,2,0.228,2,87.58,2,1481.355,2,27.2151,2,35.09658253,2,-123.08953186,2
1321927215,11/22/2011 02:00:15,2,docr,744.96,2,4.756,2,34.37,2,0.226,2,87.59,2,1481.282,2,27.2103,2,35.096612,2,-123.089505,2
1321927230,11/22/2011 02:00:30,2,docr,735.66,2,4.831,2,34.369,2,0.224,2,87.56,2,1481.433,2,27.2011,2,35.09661466,2,-123.08951753,2
1321927245,11/22/2011 02:00:45,2,docr,726.36,2,4.855,2,34.362,2,0.22,2,87.55,2,1481.367,2,27.1928,2,35.09661866,2,-123.0895284,2
1321927260,11/22/2011 02:01:00,2,docr,717.16,2,4.871,2,34.355,2,0.218,2,87.54,2,1481.27,2,27.1853,2,35.0966408,2,-123.0895376,2
1321927275,11/22/2011 02:01:15,2,docr,708.06,2,4.92,2,34.352,2,0.217,2,87.55,2,1481.314,2,27.1773,2,35.09665633,2,-123.0895356,2
1321927290,11/22/2011 02:01:30,2,docr,699.15,2,4.956,2,34.346,2,0.216,2,87.55,2,1481.305,2,27.1684,2,35.09667,2,-123.089545,2
1321927305,11/22/2011 02:01:45,2,docr,690.15,2,4.999,2,34.344,2,0.217,2,87.56,2,1481.328,2,27.1619,2,35.0966782,2,-123.08951153,2
1321927320,11/22/2011 02:02:00,2,docr,681.05,2,5.054,2,34.334,2,0.218,2,87.55,2,1481.387,2,27.1476,2,35.0966822,2,-123.08952106,2
1321927335,11/22/2011 02:02:15,2,docr,671.95,2,5.085,2,34.327,2,0.222,2,87.55,2,1481.353,2,27.1384,2,35.096689,2,-123.089528,2
1321927350,11/22/2011 02:02:30,2,docr,662.94,2,5.1,2,34.322,2,0.224,2,87.55,2,1481.257,2,27.1326,2,35.0967072,2,-123.08954706,2
1321927365,11/22/2011 02:02:45,2,docr,654.04,2,5.131,2,34.313,2,0.23,2,87.55,2,1481.223,2,27.1218,2,35.09671313,2,-123.08955693,2
1321927380,11/22/2011 02:03:00,2,docr,645.53,2,5.158,2,34.306,2,0.237,2,87.56,2,1481.182,2,27.1131,2,35.096717,2,-123.089578,2
1321927395,11/22/2011 02:03:15,2,docr,638.2,2,5.176,2,34.303,2,0.239,2,87.55,2,1481.129,2,27.1085,2,35.09672786,2,-123.089563,2
1321927410,11/22/2011 02:03:30,2,docr,630.98,2,5.194,2,34.297,2,0.245,2,87.56,2,1481.074,2,27.1016,2,35.09673226,2,-123.08955726,2
1321927425,11/22/2011 02:03:45,2,docr,623.66,2,5.22,2,34.292,2,0.251,2,87.57,2,1481.051,2,27.0946,2,35.096745,2,-123.089547,2
1321927440,11/22/2011 02:04:00,2,docr,616.23,2,5.249,2,34.287,2,0.257,2,87.5,2,1481.039,2,27.0871,2,35.09679566,2,-123.0895614,2
1321927455,11/22/2011 02:04:15,2,docr,608.81,2,5.278,2,34.282,2,0.265,2,87.56,2,1481.026,2,27.0797,2,35.09678533,2,-123.08955613,2
1321927470,11/22/2011 02:04:30,2,docr,601.29,2,5.309,2,34.273,2,0.276,2,87.57,2,1481.015,2,27.0689,2,35.096768,2,-123.089542,2
1321927485,11/22/2011 02:04:45,2,docr,593.67,2,5.332,2,34.265,2,0.289,2,87.57,2,1480.971,2,27.0598,2,35.09678366,2,-123.08956293,2
1321927500,11/22/2011 02:05:00,2,docr,586.14,2,5.336,2,34.254,2,0.305,2,87.57,2,1480.848,2,27.0505,2,35.096791,2,-123.08956473,2
1321927515,11/22/2011 02:05:15,2,docr,578.42,2,5.353,2,34.244,2,0.325,2,87.57,2,1480.775,2,27.0405,2,35.09679773,2,-123.08955693,2
1321927530,11/22/2011 02:05:30,2,docr,570.7,2,5.414,2,34.238,2,0.348,2,87.57,2,1480.885,2,27.0284,2,35.09680306,2,-123.0895808,2
1321927545,11/22/2011 02:05:45,2,docr,563.18,2,5.462,2,34.237,2,0.36,2,87.57,2,1480.952,2,27.0219,2,35.09681246,2,-123.0896042,2
1321927560,11/22/2011 02:06:00,2,docr,557.83,2,5.488,2,34.235,2,0.369,2,87.57,2,1480.966,2,27.0171,2,35.096837,2,-123.08962453,2
1321927575,11/22/2011 02:06:15,2,docr,556.74,2,5.541,2,34.23,2,0.382,2,87.54,2,1481.155,2,27.0068,2,35.09686506,2,-123.08963313,2
1321927590,11/22/2011 02:06:30,2,docr,555.45,2,5.543,2,34.231,2,0.386,2,87.54,2,1481.143,2,27.0074,2,35.09688766,2,-123.08963873,2
1321927605,11/22/2011 02:06:45,2,docr,553.57,2,5.568,2,34.231,2,0.387,2,87.56,2,1481.212,2,27.0043,2,35.09694926,2,-123.08966393,2
1321927620,11/22/2011 02:07:00,2,docr,551.2,2,5.592,2,34.229,2,0.39,2,87.55,2,1481.266,2,26.9998,2,35.0969896,2,-123.08967386,2
1321927635,11/22/2011 02:07:15,2,docr,548.72,2,5.58,2,34.225,2,0.397,2,87.51,2,1481.172,2,26.9981,2,35.097029,2,-123.089673,2
1321927650,11/22/2011 02:07:30,2,docr,544.86,2,5.558,2,34.218,2,0.409,2,87.55,2,1481.01,2,26.9952,2,35.09708473,2,-123.08970073,2
1321927665,11/22/2011 02:07:45,2,docr,540.11,2,5.54,2,34.206,2,0.427,2,87.56,2,1480.843,2,26.9878,2,35.09710853,2,-123.08969413,2
1321927680,11/22/2011 02:08:00,2,docr,535.45,2,5.603,2,34.209,2,0.457,2,87.57,2,1481.023,2,26.9825,2,35.097138,2,-123.089677,2
1321927695,11/22/2011 02:08:15,2,docr,531.4,2,5.654,2,34.208,2,0.455,2,87.57,2,1481.159,2,26.9755,2,35.0970918,2,-123.08973213,2
1321927710,11/22/2011 02:08:30,2,docr,528.62,2,5.682,2,34.21,2,0.461,2,87.57,2,1481.228,2,26.9737,2,35.0970604,2,-123.089726,2
1321927725,11/22/2011 02:08:45,2,docr,525.95,2,5.743,2,34.215,2,0.457,2,87.58,2,1481.434,2,26.9701,2,35.097011,2,-123.089714,2
1321927740,11/22/2011 02:09:00,2,docr,523.18,2,5.789,2,34.217,2,0.453,2,87.57,2,1481.574,2,26.9661,2,35.09696373,2,-123.08971413,2
1321927755,11/22/2011 02:09:15,2,docr,520.5,2,5.804,2,34.213,2,0.459,2,87.58,2,1481.585,2,26.961,2,35.09693006,2,-123.08970953,2
1321927770,11/22/2011 02:09:30,2,docr,517.73,2,5.829,2,34.212,2,0.47,2,87.57,2,1481.637,2,26.9571,2,35.09688,2,-123.089705,2
1321927785,11/22/2011 02:09:45,2,docr,514.27,2,5.876,2,34.213,2,0.477,2,87.57,2,1481.769,2,26.9521,2,35.096825,2,-123.08970506,2
1321927800,11/22/2011 02:10:00,2,docr,510.9,2,5.896,2,34.212,2,0.482,2,87.57,2,1481.791,2,26.9488,2,35.09679433,2,-123.0897096,2
1321927815,11/22/2011 02:10:15,2,docr,507.33,2,5.902,2,34.207,2,0.488,2,87.57,2,1481.749,2,26.944,2,35.096745,2,-123.089706,2
1321927830,11/22/2011 02:10:30,2,docr,502.88,2,5.919,2,34.204,2,0.508,2,87.56,2,1481.739,2,26.9395,2,35.0967164,2,-123.08970993,2
1321927845,11/22/2011 02:10:45,2,docr,500.4,2,5.916,2,34.203,2,0.51,2,87.56,2,1481.685,2,26.939,2,35.0967062,2,-123.0897164,2
1321927860,11/22/2011 02:11:00,2,docr,499.21,2,5.903,2,34.195,2,0.516,2,87.57,2,1481.603,2,26.9343,2,35.09669713,2,-123.0897328,2
1321927875,11/22/2011 02:11:15,2,docr,496.44,2,5.887,2,34.185,2,0.552,2,87.57,2,1481.48,2,26.9284,2,35.09669926,2,-123.0897398,2
1321927890,11/22/2011 02:11:30,2,docr,493.17,2,5.884,2,34.18,2,0.569,2,87.56,2,1481.408,2,26.9248,2,35.09670333,2,-123.08974546,2
1321927905,11/22/2011 02:11:45,2,docr,489.71,2,5.953,2,34.192,2,0.58,2,87.56,2,1481.641,2,26.9256,2,35.0966884,2,-123.08974926,2
1321927920,11/22/2011 02:12:00,2,docr,486.44,2,6.05,2,34.19,2,0.56,2,87.57,2,1481.97,2,26.9119,2,35.0966766,2,-123.0897546,2
1321927935,11/22/2011 02:12:15,2,docr,484.56,2,5.98,2,34.191,2,0.571,2,87.56,2,1481.661,2,26.9214,2,35.09666706,2,-123.08976333,2
1321927950,11/22/2011 02:12:30,2,docr,483.27,2,6.029,2,34.19,2,0.57,2,87.56,2,1481.833,2,26.9145,2,35.09666106,2,-123.08975293,2
1321927965,11/22/2011 02:12:45,2,docr,482.58,2,6.03,2,34.19,2,0.57,2,87.56,2,1481.826,2,26.9143,2,35.0966518,2,-123.08977186,2
1321927980,11/22/2011 02:13:00,2,docr,482.08,2,6.02,2,34.188,2,0.571,2,87.56,2,1481.775,2,26.914,2,35.096647,2,-123.089809,2
1321927995,11/22/2011 02:13:15,2,docr,481.59,2,6.031,2,34.193,2,0.57,2,87.56,2,1481.817,2,26.9166,2,35.09665746,2,-123.08981006,2
1321928010,11/22/2011 02:13:30,2,docr,480.5,2,6.094,2,34.194,2,0.57,2,87.56,2,1482.051,2,26.9094,2,35.0966552,2,-123.08981313,2
1321928025,11/22/2011 02:13:45,2,docr,479.31,2,6.077,2,34.191,2,0.57,2,87.56,2,1481.959,2,26.9092,2,35.09666,2,-123.089811,2
1321928040,11/22/2011 02:14:00,2,docr,478.61,2,6.072,2,34.193,2,0.57,2,87.56,2,1481.931,2,26.9114,2,35.09665433,2,-123.08984033,2
1321928055,11/22/2011 02:14:15,2,docr,477.72,2,6.092,2,34.193,2,0.574,2,87.56,2,1481.995,2,26.9088,2,35.09665406,2,-123.08985173,2
1321928070,11/22/2011 02:14:30,2,docr,476.34,2,6.109,2,34.191,2,0.581,2,87.57,2,1482.037,2,26.9051,2,35.096656,2,-123.089869,2
1321928085,11/22/2011 02:14:45,2,docr,475.05,2,6.102,2,34.19,2,0.581,2,87.56,2,1481.987,2,26.9052,2,35.0966558,2,-123.08988893,2
1321928100,11/22/2011 02:15:00,2,docr,473.76,2,6.098,2,34.187,2,0.589,2,87.56,2,1481.946,2,26.9033,2,35.09666046,2,-123.08989153,2
1321928115,11/22/2011 02:15:15,2,docr,472.67,2,6.1,2,34.185,2,0.588,2,87.56,2,1481.933,2,26.9014,2,35.096665,2,-123.089893,2
1321928130,11/22/2011 02:15:30,2,docr,471.29,2,6.09,2,34.181,2,0.608,2,87.56,2,1481.865,2,26.8995,2,35.09665673,2,-123.0899034,2
1321928145,11/22/2011 02:15:45,2,docr,470,2,6.101,2,34.183,2,0.606,2,87.56,2,1481.89,2,26.8997,2,35.09665113,2,-123.08990793,2
1321928160,11/22/2011 02:16:00,2,docr,468.71,2,6.125,2,34.182,2,0.613,2,87.56,2,1481.962,2,26.8959,2,35.096664,2,-123.08992,2
1321928175,11/22/2011 02:16:15,2,docr,467.42,2,6.14,2,34.184,2,0.613,2,87.57,2,1482.003,2,26.8955,2,35.09665173,2,-123.08992266,2
1321928190,11/22/2011 02:16:30,2,docr,465.94,2,6.178,2,34.186,2,0.609,2,87.55,2,1482.131,2,26.8923,2,35.09665093,2,-123.08992613,2
1321928205,11/22/2011 02:16:45,2,docr,464.55,2,6.211,2,34.191,2,0.605,2,87.56,2,1482.245,2,26.892,2,35.09665913,2,-123.08993413,2
1321928220,11/22/2011 02:17:00,2,docr,463.16,2,6.212,2,34.192,2,0.604,2,87.55,2,1482.228,2,26.8926,2,35.09665193,2,-123.08994133,2
1321928235,11/22/2011 02:17:15,2,docr,461.48,2,6.277,2,34.194,2,0.599,2,87.56,2,1482.459,2,26.8859,2,35.09664806,2,-123.08994613,2
1321928250,11/22/2011 02:17:30,2,docr,460.19,2,6.234,2,34.19,2,0.601,2,87.56,2,1482.263,2,26.8882,2,35.0966506,2,-123.08996,2
1321928265,11/22/2011 02:17:45,2,docr,458.71,2,6.326,2,34.2,2,0.6,2,87.56,2,1482.614,2,26.8843,2,35.09664493,2,-123.08995133,2
1321928280,11/22/2011 02:18:00,2,docr,453.26,2,6.36,2,34.188,2,0.611,2,87.56,2,1482.642,2,26.8703,2,35.096634,2,-123.0899362,2
1321928295,11/22/2011 02:18:15,2,docr,445.53,2,6.254,2,34.147,2,0.69,2,87.57,2,1482.044,2,26.8515,2,35.096658,2,-123.0899138,2
1321928310,11/22/2011 02:18:30,2,docr,437.81,2,6.308,2,34.154,2,0.755,2,87.58,2,1482.137,2,26.85,2,35.09663046,2,-123.0898984,2
1321928325,11/22/2011 02:18:45,2,docr,429.88,2,6.432,2,34.162,2,0.734,2,87.59,2,1482.505,2,26.8402,2,35.096601,2,-123.089893,2
1321928340,11/22/2011 02:19:00,2,docr,421.56,2,6.534,2,34.168,2,0.74,2,87.59,2,1482.775,2,26.8315,2,35.0965884,2,-123.08985353,2
1321928355,11/22/2011 02:19:15,2,docr,413.04,2,6.684,2,34.168,2,0.738,2,87.58,2,1483.221,2,26.8115,2,35.09657033,2,-123.08983766,2
1321928370,11/22/2011 02:19:30,2,docr,405.02,2,6.755,2,34.159,2,0.792,2,87.58,2,1483.354,2,26.7949,2,35.096551,2,-123.089821,2
1321928385,11/22/2011 02:19:45,2,docr,396.59,2,6.865,2,34.163,2,0.813,2,87.58,2,1483.648,2,26.7831,2,35.09653046,2,-123.0897622,2
1321928400,11/22/2011 02:20:00,2,docr,385.99,2,6.931,2,34.158,2,0.841,2,87.58,2,1483.722,2,26.7701,2,35.0965166,2,-123.08975453,2
1321928415,11/22/2011 02:20:15,2,docr,377.57,2,6.988,2,34.159,2,0.861,2,87.57,2,1483.805,2,26.763,2,35.0965,2,-123.089744,2
1321928430,11/22/2011 02:20:30,2,docr,371.13,2,7.062,2,34.159,2,0.872,2,87.57,2,1483.985,2,26.7528,2,35.09649773,2,-123.08977393,2
1321928445,11/22/2011 02:20:45,2,docr,364,2,7.137,2,34.15,2,0.923,2,87.57,2,1484.146,2,26.7353,2,35.09650513,2,-123.08977466,2
1321928460,11/22/2011 02:21:00,2,docr,355.97,2,7.201,2,34.146,2,0.972,2,87.57,2,1484.255,2,26.7232,2,35.096517,2,-123.089765,2
1321928475,11/22/2011 02:21:15,2,docr,348.14,2,7.26,2,34.143,2,1.003,2,87.57,2,1484.348,2,26.7125,2,35.09652606,2,-123.08979793,2
1321928490,11/22/2011 02:21:30,2,docr,340.31,2,7.324,2,34.139,2,1.039,2,87.57,2,1484.46,2,26.7003,2,35.0965366,2,-123.08981466,2
1321928505,11/22/2011 02:21:45,2,docr,332.78,2,7.383,2,34.135,2,1.074,2,87.57,2,1484.557,2,26.6888,2,35.096551,2,-123.089831,2
1321928520,11/22/2011 02:22:00,2,docr,325.25,2,7.416,2,34.125,2,1.133,2,87.58,2,1484.546,2,26.6761,2,35.0965648,2,-123.08985593,2
1321928535,11/22/2011 02:22:15,2,docr,317.12,2,7.442,2,34.117,2,1.177,2,87.57,2,1484.501,2,26.666,2,35.09657586,2,-123.08986806,2
1321928550,11/22/2011 02:22:30,2,docr,308.69,2,7.464,2,34.109,2,1.257,2,87.56,2,1484.436,2,26.6565,2,35.09660173,2,-123.08988473,2
1321928565,11/22/2011 02:22:45,2,docr,301.56,2,7.542,2,34.105,2,1.31,2,87.55,2,1484.611,2,26.6422,2,35.0966124,2,-123.08987446,2
1321928580,11/22/2011 02:23:00,2,docr,294.72,2,7.562,2,34.089,2,1.39,2,87.56,2,1484.554,2,26.6266,2,35.0966196,2,-123.08985646,2
1321928595,11/22/2011 02:23:15,2,docr,287.08,2,7.54,2,34.067,2,1.551,2,87.54,2,1484.316,2,26.6124,2,35.09663213,2,-123.08982793,2
1321928610,11/22/2011 02:23:30,2,docr,279.15,2,7.581,2,34.063,2,1.685,2,87.53,2,1484.336,2,26.6033,2,35.0966428,2,-123.0898048,2
1321928625,11/22/2011 02:23:45,2,docr,270.83,2,7.607,2,34.049,2,1.746,2,87.53,2,1484.28,2,26.5884,2,35.09665066,2,-123.08979233,2
1321928640,11/22/2011 02:24:00,2,docr,262.4,2,7.653,2,34.038,2,1.875,2,87.51,2,1484.302,2,26.573,2,35.09667693,2,-123.08973033,2
1321928655,11/22/2011 02:24:15,2,docr,254.17,2,7.724,2,34.05,2,1.944,2,87.51,2,1484.451,2,26.5721,2,35.0966706,2,-123.08970893,2
1321928670,11/22/2011 02:24:30,2,docr,245.84,2,7.99,2,34.074,2,1.772,2,87.51,2,1485.353,2,26.552,2,35.096661,2,-123.089689,2
1321928685,11/22/2011 02:24:45,2,docr,237.71,2,8.11,2,34.083,2,1.645,2,87.51,2,1485.683,2,26.5412,2,35.09666893,2,-123.08964686,2
1321928700,11/22/2011 02:25:00,2,docr,229.78,2,8.13,2,34.063,2,1.685,2,87.49,2,1485.602,2,26.5224,2,35.0966708,2,-123.08964093,2
1321928715,11/22/2011 02:25:15,2,docr,221.55,2,8.123,2,34.031,2,1.891,2,87.48,2,1485.4,2,26.4982,2,35.09667,2,-123.089642,2
1321928730,11/22/2011 02:25:30,2,docr,214.21,2,8.235,2,34.034,2,1.96,2,87.46,2,1485.704,2,26.4837,2,35.09669186,2,-123.08966493,2
1321928745,11/22/2011 02:25:45,2,docr,207.67,2,8.314,2,34.041,2,1.993,2,87.44,2,1485.901,2,26.4772,2,35.09669793,2,-123.08968286,2
1321928760,11/22/2011 02:26:00,2,docr,200.82,2,8.544,2,34.05,2,1.784,2,87.43,2,1486.66,2,26.4491,2,35.096703,2,-123.089704,2
1321928775,11/22/2011 02:26:15,2,docr,195.37,2,8.563,2,34.038,2,1.823,2,87.42,2,1486.625,2,26.4367,2,35.09671606,2,-123.08974286,2
1321928790,11/22/2011 02:26:30,2,docr,191.9,2,8.623,2,34.036,2,1.825,2,87.41,2,1486.789,2,26.4258,2,35.09671666,2,-123.08975326,2
1321928805,11/22/2011 02:26:45,2,docr,187.93,2,8.556,2,34.005,2,1.923,2,87.38,2,1486.435,2,26.4118,2,35.096713,2,-123.089775,2
1321928820,11/22/2011 02:27:00,2,docr,183.37,2,8.565,2,33.998,2,2.101,2,87.38,2,1486.384,2,26.4048,2,35.09672086,2,-123.0897418,2
1321928835,11/22/2011 02:27:15,2,docr,179.2,2,8.56,2,33.975,2,2.159,2,87.36,2,1486.268,2,26.3875,2,35.09672433,2,-123.089729,2
1321928850,11/22/2011 02:27:30,2,docr,174.94,2,8.622,2,33.989,2,2.223,2,87.36,2,1486.446,2,26.3888,2,35.096728,2,-123.089716,2
1321928865,11/22/2011 02:27:45,2,docr,170.57,2,8.77,2,33.988,2,2.035,2,87.33,2,1486.923,2,26.365,2,35.09673046,2,-123.08974066,2
1321928880,11/22/2011 02:28:00,2,docr,166.11,2,8.826,2,33.988,2,2.029,2,87.33,2,1487.056,2,26.3562,2,35.0967296,2,-123.0897538,2
1321928895,11/22/2011 02:28:15,2,docr,163.03,2,8.889,2,33.97,2,2.036,2,87.3,2,1487.217,2,26.3322,2,35.096724,2,-123.089777,2
1321928910,11/22/2011 02:28:30,2,docr,159.27,2,8.937,2,33.957,2,2.092,2,87.24,2,1487.316,2,26.3144,2,35.09673473,2,-123.089736,2
1321928925,11/22/2011 02:28:45,2,docr,155,2,8.98,2,33.937,2,2.138,2,87.28,2,1487.379,2,26.2919,2,35.0967368,2,-123.08971813,2
1321928940,11/22/2011 02:29:00,2,docr,150.73,2,8.977,2,33.916,2,2.247,2,87.28,2,1487.272,2,26.2758,2,35.09673386,2,-123.08973593,2
1321928955,11/22/2011 02:29:15,2,docr,146.67,2,9.035,2,33.916,2,2.241,2,87.26,2,1487.418,2,26.2666,2,35.09674553,2,-123.08974346,2
1321928970,11/22/2011 02:29:30,2,docr,142.2,2,9.099,2,33.908,2,2.212,2,87.23,2,1487.57,2,26.2501,2,35.09675053,2,-123.08974293,2
1321928985,11/22/2011 02:29:45,2,docr,137.34,2,9.165,2,33.876,2,2.286,2,87.24,2,1487.693,2,26.2144,2,35.0967462,2,-123.0896856,2
1321929000,11/22/2011 02:30:00,2,docr,132.68,2,9.216,2,33.851,2,2.39,2,87.22,2,1487.773,2,26.1866,2,35.09674713,2,-123.08969526,2
1321929015,11/22/2011 02:30:15,2,docr,128.71,2,9.237,2,33.834,2,2.45,2,87.18,2,1487.763,2,26.1699,2,35.096747,2,-123.089708,2
1321929030,11/22/2011 02:30:30,2,docr,125.64,2,9.229,2,33.792,2,2.587,2,87.23,2,1487.631,2,26.1382,2,35.0967804,2,-123.08973813,2
1321929045,11/22/2011 02:30:45,2,docr,122.96,2,9.241,2,33.751,2,2.793,2,87.22,2,1487.581,2,26.1042,2,35.0968086,2,-123.08974326,2
1321929060,11/22/2011 02:31:00,2,docr,119.39,2,9.207,2,33.696,2,3.05,2,87.29,2,1487.329,2,26.0665,2,35.096844,2,-123.089743,2
1321929075,11/22/2011 02:31:15,2,docr,115.32,2,9.263,2,33.641,2,3.355,2,87.27,2,1487.4,2,26.0145,2,35.096873,2,-123.089749,2
1321929090,11/22/2011 02:31:30,2,docr,111.45,2,9.315,2,33.617,2,3.451,2,87.27,2,1487.497,2,25.9873,2,35.096887,2,-123.08974973,2
1321929105,11/22/2011 02:31:45,2,docr,107.98,2,9.358,2,33.57,2,3.546,2,87.27,2,1487.539,2,25.9435,2,35.096905,2,-123.089747,2
1321929120,11/22/2011 02:32:00,2,docr,103.31,2,9.437,2,33.502,2,3.758,2,87.22,2,1487.668,2,25.8775,2,35.0969312,2,-123.0897572,2
1321929135,11/22/2011 02:32:15,2,docr,97.36,2,9.838,2,33.494,2,3.896,2,87.09,2,1489.018,2,25.8054,2,35.09693166,2,-123.0897644,2
1321929150,11/22/2011 02:32:30,2,docr,92.5,2,10.287,2,33.479,2,3.789,2,86.99,2,1490.535,2,25.718,2,35.09693,2,-123.089773,2
1321929165,11/22/2011 02:32:45,2,docr,87.24,2,10.457,2,33.361,2,4.069,2,86.98,2,1490.912,2,25.5967,2,35.09692926,2,-123.08971713,2
1321929180,11/22/2011 02:33:00,2,docr,81.78,2,10.577,2,33.23,2,4.667,2,86.99,2,1491.09,2,25.4738,2,35.0969268,2,-123.08968706,2
1321929195,11/22/2011 02:33:15,2,docr,76.03,2,10.748,2,33.198,2,4.83,2,86.93,2,1491.562,2,25.419,2,35.096927,2,-123.089658,2
1321929210,11/22/2011 02:33:30,2,docr,70.47,2,11.426,2,33.146,2,5.092,2,86.71,2,1493.787,2,25.2575,2,35.09693006,2,-123.08965966,2
1321929225,11/22/2011 02:33:45,2,docr,64.81,2,12.188,2,33.093,2,5.392,2,86.51,2,1496.257,2,25.075,2,35.09692386,2,-123.089664,2
1321929240,11/22/2011 02:34:00,2,docr,59.16,2,13.271,2,33.105,2,5.571,2,85.69,2,1499.825,2,24.8735,2,35.09691813,2,-123.08967493,2
1321929255,11/22/2011 02:34:15,2,docr,54.69,2,14.135,2,33.049,2,5.697,2,84.99,2,1502.523,2,24.654,2,35.09693693,2,-123.08969606,2
1321929270,11/22/2011 02:34:30,2,docr,50.72,2,14.296,2,33.033,2,5.758,2,84.52,2,1502.961,2,24.608,2,35.09695326,2,-123.0897112,2
1321929285,11/22/2011 02:34:45,2,docr,46.25,2,14.309,2,33.026,2,5.783,2,84,2,1502.92,2,24.5997,2,35.09698833,2,-123.089733,2
1321929300,11/22/2011 02:35:00,2,docr,42.09,2,14.294,2,33.014,2,5.817,2,83.22,2,1502.788,2,24.5935,2,35.0970066,2,-123.08975053,2
1321929315,11/22/2011 02:35:15,2,docr,40.5,2,14.272,2,33.006,2,5.832,2,83.01,2,1502.681,2,24.5919,2,35.09702233,2,-123.08976066,2
1321929330,11/22/2011 02:35:30,2,docr,42.48,2,14.286,2,33.014,2,5.821,2,83.15,2,1502.769,2,24.5952,2,35.09709873,2,-123.08971146,2
1321929345,11/22/2011 02:35:45,2,docr,43.18,2,14.299,2,33.017,2,5.812,2,83.22,2,1502.826,2,24.5948,2,35.09713806,2,-123.08971706,2
1321929360,11/22/2011 02:36:00,2,docr,42.58,2,14.291,2,33.013,2,5.821,2,83.1,2,1502.785,2,24.5933,2,35.097177,2,-123.089723,2
1321929375,11/22/2011 02:36:15,2,docr,43.28,2,14.296,2,33.017,2,5.82,2,83.22,2,1502.818,2,24.5954,2,35.09725093,2,-123.0896734,2
1321929390,11/22/2011 02:36:30,2,docr,43.08,2,14.298,2,33.017,2,5.817,2,83.24,2,1502.821,2,24.595,2,35.09729766,2,-123.08967846,2
1321929405,11/22/2011 02:36:45,2,docr,42.88,2,14.298,2,33.017,2,5.815,2,83.23,2,1502.818,2,24.595,2,35.097354,2,-123.089683,2
1321929420,11/22/2011 02:37:00,2,docr,42.98,2,14.301,2,33.018,2,5.813,2,83.24,2,1502.83,2,24.5951,2,35.09744966,2,-123.0896544,2
1321929435,11/22/2011 02:37:15,2,docr,40.89,2,14.284,2,33.01,2,5.833,2,83.07,2,1502.731,2,24.5924,2,35.09746553,2,-123.08965666,2
1321929450,11/22/2011 02:37:30,2,docr,36.92,2,14.249,2,32.994,2,5.871,2,82.74,2,1502.533,2,24.5873,2,35.097478,2,-123.089666,2
1321929465,11/22/2011 02:37:45,2,docr,32.06,2,14.257,2,32.976,2,5.867,2,82.5,2,1502.457,2,24.5716,2,35.09748746,2,-123.08966093,2
1321929480,11/22/2011 02:38:00,2,docr,28.39,2,14.248,2,32.945,2,5.686,2,82.24,2,1502.33,2,24.5494,2,35.09749726,2,-123.08965106,2
1321929495,11/22/2011 02:38:15,2,docr,25.31,2,14.249,2,32.937,2,5.581,2,82.25,2,1502.273,2,24.5429,2,35.097508,2,-123.089628,2
1321929510,11/22/2011 02:38:30,2,docr,24.22,2,14.254,2,32.934,2,5.422,2,82.45,2,1502.267,2,24.5396,2,35.09752586,2,-123.08963273,2
1321929525,11/22/2011 02:38:45,2,docr,20.75,2,14.261,2,32.93,2,5.409,2,82.28,2,1502.227,2,24.5349,2,35.09754113,2,-123.0896336,2
1321929540,11/22/2011 02:39:00,2,docr,17.47,2,14.286,2,32.924,2,5.369,2,82.45,2,1502.247,2,24.525,2,35.097561,2,-123.089624,2
1321929555,11/22/2011 02:39:15,2,docr,16.78,2,14.302,2,32.921,2,5.239,2,82.43,2,1502.283,2,24.5193,2,35.09753926,2,-123.08956133,2
1321929570,11/22/2011 02:39:30,2,docr,17.07,2,14.302,2,32.921,2,5.225,2,82.51,2,1502.288,2,24.5193,2,35.09752613,2,-123.08954833,2
1321929585,11/22/2011 02:39:45,2,docr,16.28,2,14.301,2,32.921,2,5.255,2,82.47,2,1502.272,2,24.5195,2,35.097606,2,-123.0896062,2
1321929600,11/22/2011 02:40:00,2,docr,11.02,2,14.38,2,32.921,2,5.591,2,82.84,2,1502.44,2,24.5027,2,35.09759846,2,-123.08955713,2
1321929615,11/22/2011 02:40:15,2,docr,5.96,2,14.408,2,32.916,2,5.278,2,82.73,2,1502.44,2,24.4928,2,35.09759153,2,-123.0895408,2
1321929630,11/22/2011 02:40:30,2,docr,4.86,2,14.406,2,32.893,2,5.185,0,80.18,0,1502.388,2,24.4755,2,35.097569,2,-123.089598,2
1321929645,11/22/2011 02:40:45,2,docr,4.76,0,14.406,0,32.806,0,5.175,0,80.44,0,1502.285,0,24.4084,0,35.097569,2,-123.089598,2
1321929660,11/22/2011 02:41:00,2,docr,4.76,0,14.408,0,32.852,0,5.094,0,79.73,0,1502.345,0,24.4434,0,35.097569,2,-123.089598,2
1321929675,11/22/2011 02:41:15,2,docr,4.76,2,14.408,2,32.902,2,5.038,2,79.55,0,1502.404,2,24.482,2,35.097569,2,-123.089598,2
1321929690,11/22/2011 02:41:30,2,docr,4.67,2,14.409,2,32.883,2,5.047,2,78.99,0,1502.383,2,24.4671,2,35.097569,2,-123.089598,2
1321929705,11/22/2011 02:41:45,2,docr,4.67,2,14.407,2,32.779,2,5.078,2,69.17,0,1502.255,2,24.3873,2,35.097569,2,-123.089598,2
1321929720,11/22/2011 02:42:00,2,docr,4.67,2,14.405,2,32.895,2,5.077,0,58.04,0,1502.384,2,24.4772,2,35.097569,2,-123.089598,2
1321929735,11/22/2011 02:42:15,2,docr,4.67,0,14.409,0,32.731,0,5.08,0,53.19,0,1502.205,0,24.3499,0,35.097569,2,-123.089598,2
1321929750,11/22/2011 02:42:30,2,docr,4.57,2,14.411,2,32.893,2,5.065,0,69.69,0,1502.399,2,24.4744,2,35.097569,2,-123.089598,2
1321929765,11/22/2011 02:42:45,2,docr,4.27,2,14.411,2,32.898,2,4.92,0,57.35,0,1502.4,2,24.4783,2,35.097569,2,-123.089598,2
1321929780,11/22/2011 02:43:00,2,docr,4.17,2,14.41,2,32.911,2,4.879,2,47.92,2,1502.411,2,24.4885,2,35.097569,2,-123.089598,2
1321929795,11/22/2011 02:43:15,2,docr,4.07,2,14.402,2,32.909,2,4.925,2,50.7,2,1502.381,2,24.4886,2,35.097569,2,-123.089598,2
1321929810,11/22/2011 02:43:30,2,docr,4.07,2,14.387,2,32.905,2,4.944,2,51.19,2,1502.328,2,24.4887,2,35.097569,2,-123.089598,2
1321929825,11/22/2011 02:43:45,2,docr,4.07,2,14.371,2,32.898,2,4.955,2,51.37,2,1502.268,2,24.4867,2,35.097569,2,-123.089598,2
1321929840,11/22/2011 02:44:00,2,docr,4.07,0,14.348,0,32.862,0,4.963,0,51.34,2,1502.151,0,24.4637,0,35.097569,2,-123.089598,2
1321929855,11/22/2011 02:44:15,2,docr,3.97,0,14.322,0,32.776,0,4.974,0,51.65,2,1501.965,0,24.4028,0,35.097569,2,-123.089598,2
1321929870,11/22/2011 02:44:30,2,docr,3.97,0,14.3,0,32.676,0,4.985,0,51.74,2,1501.777,0,24.3303,0,35.097569,2,-123.089598,2
1321929885,11/22/2011 02:44:45,2,docr,3.97,0,14.29,0,31.797,0,5.014,0,51.9,2,1500.716,0,23.6543,0,35.097569,2,-123.089598,2
1321929900,11/22/2011 02:45:00,2,docr,3.97,0,14.281,0,32.257,0,5.009,0,52.13,2,1501.225,0,24.011,0,35.097569,2,-123.089598,2
1321929915,11/22/2011 02:45:15,2,docr,3.97,0,14.267,0,32.248,0,5.014,0,52.06,2,1501.169,0,24.0069,0,35.097569,2,-123.089598,2
1321929930,11/22/2011 02:45:30,2,docr,3.97,0,14.26,0,,0,,0,52.18,2,,0,,0,35.097569,2,-123.089598,2
1321929945,11/22/2011 02:45:45,2,docr,3.97,0,14.248,0,,0,,0,52.16,2,,0,,0,35.097569,2,-123.089598,2
1321929960,11/22/2011 02:46:00,2,docr,3.87,0,14.245,0,,0,,0,52.44,2,,0,,0,35.097569,2,-123.089598,2
1321929975,11/22/2011 02:46:15,2,docr,3.97,0,14.243,0,,0,,0,52.63,2,,0,,0,35.097569,2,-123.089598,2
