usec,rovCtdDtg,rovCtdDtgFlag,vehicle,depth,depthFlag,temper,temperFlag,salin,salinFlag,oxyg,oxygFlag,light,lightFlag,sound,soundFlag,sigmatheta,sigmathetaFlag,lat,latFlag,lon,lonFlag
1396967070,04/08/2014 14:24:30,2,docr,4.37,2,13.126,2,33.428,2,6.289,2,77.51,2,1498.813,2,25.1509,2,35.124455,2,-122.945563,2
1396967085,04/08/2014 14:24:45,2,docr,9.13,2,13.119,2,33.429,2,6.306,2,77.84,2,1498.87,2,25.1532,2,35.124455,2,-122.945563,2
1396967100,04/08/2014 14:25:00,2,docr,11.51,2,13.007,2,33.415,2,6.19,2,79.24,2,1498.52,2,25.1647,2,35.124455,2,-122.945563,2
1396967115,04/08/2014 14:25:15,2,docr,16.68,0,12.571,0,33.411,0,5.757,0,80.41,2,1497.136,0,25.2471,0,35.124455,2,-122.945563,2
1396967130,04/08/2014 14:25:30,2,docr,12.9,2,12.783,2,33.434,2,5.732,2,80.24,2,1497.815,2,25.2235,2,36.711996,2,-122.186221,2
1396967145,04/08/2014 14:25:45,2,docr,14.79,2,12.774,2,33.42,2,5.874,2,80.08,2,1497.799,2,25.2145,2,36.71203146,2,-122.1862798,2
1396967160,04/08/2014 14:26:00,2,docr,17.17,2,12.511,2,33.421,2,5.521,2,80.97,2,1496.954,2,25.2664,2,36.712072,2,-122.186347,2
1396967175,04/08/2014 14:26:15,2,docr,19.75,2,12.087,2,33.411,2,5.215,2,83.66,2,1495.543,2,25.3397,2,36.7119564,2,-122.18626906,2
1396967190,04/08/2014 14:26:30,2,docr,21.04,2,11.664,2,33.453,2,4.513,2,85.63,2,1494.16,2,25.4514,2,36.71193386,2,-122.18621606,2
1396967205,04/08/2014 14:26:45,2,docr,24.62,2,11.514,2,33.488,2,4.377,2,86.53,2,1493.742,2,25.5063,2,36.711916,2,-122.186133,2
1396967220,04/08/2014 14:27:00,2,docr,29.08,2,11.333,2,33.527,2,4.196,2,86.83,2,1493.234,2,25.5697,2,36.7118682,2,-122.18605333,2
1396967235,04/08/2014 14:27:15,2,docr,30.57,2,11.206,2,33.54,2,4.047,2,87.04,2,1492.831,2,25.6029,2,36.71184313,2,-122.18600253,2
1396967250,04/08/2014 14:27:30,2,docr,33.45,2,10.926,2,33.567,2,3.835,2,87.38,2,1491.93,2,25.674,2,36.711807,2,-122.185916,2
1396967265,04/08/2014 14:27:45,2,docr,33.45,2,10.859,2,33.586,2,3.679,2,87.41,2,1491.716,2,25.7007,2,36.71175746,2,-122.18582433,2
1396967280,04/08/2014 14:28:00,2,docr,37.22,2,10.726,2,33.599,2,3.596,2,87.6,2,1491.325,2,25.7344,2,36.71172653,2,-122.18578513,2
1396967295,04/08/2014 14:28:15,2,docr,43.08,2,10.555,2,33.615,2,3.464,2,87.78,2,1490.835,2,25.7768,2,36.711683,2,-122.185762,2
1396967310,04/08/2014 14:28:30,2,docr,43.08,2,10.405,2,33.645,2,3.263,2,87.85,2,1490.338,2,25.8262,2,36.71167806,2,-122.1857916,2
1396967325,04/08/2014 14:28:45,2,docr,45.46,2,10.393,2,33.644,2,3.239,2,87.9,2,1490.334,2,25.8275,2,36.71167606,2,-122.18580093,2
1396967340,04/08/2014 14:29:00,2,docr,49.63,2,10.342,2,33.654,2,3.179,2,87.98,2,1490.233,2,25.8442,2,36.71168453,2,-122.1858114,2
1396967355,04/08/2014 14:29:15,2,docr,52.9,2,10.274,2,33.663,2,3.102,2,88,2,1490.055,2,25.8629,2,36.71170946,2,-122.1857714,2
1396967370,04/08/2014 14:29:30,2,docr,57.27,2,10.172,2,33.674,2,3.046,2,87.92,2,1489.775,2,25.889,2,36.71173,2,-122.185753,2
1396967385,04/08/2014 14:29:45,2,docr,62.43,2,10.037,2,33.693,2,2.991,2,88.02,2,1489.399,2,25.9268,2,36.7117656,2,-122.18579146,2
1396967400,04/08/2014 14:30:00,2,docr,67,2,9.926,2,33.707,2,2.936,2,88.04,2,1489.092,2,25.9565,2,36.7117912,2,-122.18583893,2
1396967415,04/08/2014 14:30:15,2,docr,69.68,2,9.805,2,33.728,2,2.843,2,88.11,2,1488.725,2,25.9931,2,36.71181186,2,-122.18587993,2
1396967430,04/08/2014 14:30:30,2,docr,78.9,2,9.669,2,33.773,2,2.719,2,88.23,2,1488.44,2,26.051,2,36.711863,2,-122.1859232,2
1396967445,04/08/2014 14:30:45,2,docr,91.11,2,9.504,2,33.822,2,2.525,2,88.37,2,1488.102,2,26.1166,2,36.71186673,2,-122.18593253,2
1396967460,04/08/2014 14:31:00,2,docr,95.57,2,9.392,2,33.848,2,2.447,2,88.5,2,1487.799,2,26.1552,2,36.71187,2,-122.18594,2
1396967475,04/08/2014 14:31:15,2,docr,94.48,2,9.338,2,33.864,2,2.396,2,88.52,2,1487.603,2,26.1765,2,36.71192653,2,-122.18604866,2
1396967490,04/08/2014 14:31:30,2,docr,93.59,2,9.345,2,33.861,2,2.394,2,88.52,2,1487.61,2,26.173,2,36.7119266,2,-122.1860508,2
1396967505,04/08/2014 14:31:45,2,docr,94.28,2,9.349,2,33.86,2,2.392,2,88.54,2,1487.635,2,26.1716,2,36.711926,2,-122.186054,2
1396967520,04/08/2014 14:32:00,2,docr,95.47,2,9.345,2,33.862,2,2.386,2,88.55,2,1487.642,2,26.1738,2,36.71192446,2,-122.18606166,2
1396967535,04/08/2014 14:32:15,2,docr,94.58,2,9.352,2,33.857,2,2.393,2,88.55,2,1487.647,2,26.1687,2,36.71192706,2,-122.1860626,2
1396967550,04/08/2014 14:32:30,2,docr,98.45,2,9.281,2,33.881,2,2.346,2,88.54,2,1487.48,2,26.199,2,36.71193,2,-122.186064,2
1396967565,04/08/2014 14:32:45,2,docr,104.7,2,9.23,2,33.902,2,2.251,2,88.58,2,1487.423,2,26.2238,2,36.7119332,2,-122.1860688,2
1396967580,04/08/2014 14:33:00,2,docr,109.86,2,9.207,2,33.912,2,2.214,2,88.57,2,1487.436,2,26.2354,2,36.7119372,2,-122.18606773,2
1396967595,04/08/2014 14:33:15,2,docr,114.82,2,9.191,2,33.917,2,2.197,2,88.6,2,1487.466,2,26.242,2,36.711938,2,-122.186073,2
1396967610,04/08/2014 14:33:30,2,docr,119.78,2,9.132,2,33.932,2,2.171,2,88.63,2,1487.349,2,26.2632,2,36.71194626,2,-122.1860818,2
1396967625,04/08/2014 14:33:45,2,docr,124.15,2,9.033,2,33.963,2,2.081,2,88.68,2,1487.095,2,26.3033,2,36.71194726,2,-122.18607893,2
1396967640,04/08/2014 14:34:00,2,docr,128.12,2,8.994,2,33.98,2,1.993,2,88.69,2,1487.038,2,26.3229,2,36.711958,2,-122.186084,2
1396967655,04/08/2014 14:34:15,2,docr,132.28,2,8.966,2,33.99,2,1.933,2,88.7,2,1487.016,2,26.3352,2,36.71195313,2,-122.1860698,2
1396967670,04/08/2014 14:34:30,2,docr,142.4,2,8.926,2,34.003,2,1.885,2,88.68,2,1487.052,2,26.3519,2,36.7119498,2,-122.1860584,2
1396967685,04/08/2014 14:34:45,2,docr,152.12,2,8.872,2,34.024,2,1.815,2,88.7,2,1487.039,2,26.377,2,36.71196113,2,-122.18606873,2
1396967700,04/08/2014 14:35:00,2,docr,155.4,2,8.86,2,34.031,2,1.747,2,88.76,2,1487.058,2,26.3844,2,36.7119562,2,-122.1860814,2
1396967715,04/08/2014 14:35:15,2,docr,158.67,2,8.84,2,34.036,2,1.737,2,88.75,2,1487.044,2,26.3915,2,36.71195553,2,-122.18608926,2
1396967730,04/08/2014 14:35:30,2,docr,163.03,2,8.812,2,34.043,2,1.699,2,88.78,2,1487.021,2,26.4015,2,36.71197813,2,-122.18611306,2
1396967745,04/08/2014 14:35:45,2,docr,169.48,2,8.785,2,34.046,2,1.691,2,88.78,2,1487.032,2,26.4081,2,36.7119684,2,-122.18611746,2
1396967760,04/08/2014 14:36:00,2,docr,176.62,2,8.706,2,34.061,2,1.631,2,88.78,2,1486.875,2,26.4323,2,36.71195313,2,-122.18612266,2
1396967775,04/08/2014 14:36:15,2,docr,183.86,2,8.635,2,34.072,2,1.568,2,88.81,2,1486.745,2,26.4521,2,36.711969,2,-122.1861406,2
1396967790,04/08/2014 14:36:30,2,docr,191.2,2,8.575,2,34.082,2,1.531,2,88.82,2,1486.655,2,26.4693,2,36.71197333,2,-122.18613993,2
1396967805,04/08/2014 14:36:45,2,docr,198.54,2,8.501,2,34.084,2,1.508,2,88.88,2,1486.503,2,26.4823,2,36.711979,2,-122.186137,2
1396967820,04/08/2014 14:37:00,2,docr,205.68,2,8.364,2,34.095,2,1.491,2,88.89,2,1486.122,2,26.5119,2,36.71198813,2,-122.18613926,2
1396967835,04/08/2014 14:37:15,2,docr,211.93,2,8.306,2,34.105,2,1.444,2,88.9,2,1486.021,2,26.5286,2,36.71199353,2,-122.18614593,2
1396967850,04/08/2014 14:37:30,2,docr,217.68,2,8.282,2,34.106,2,1.416,2,88.88,2,1486.027,2,26.5331,2,36.711999,2,-122.186157,2
1396967865,04/08/2014 14:37:45,2,docr,223.53,2,8.185,2,34.101,2,1.419,2,89,2,1485.753,2,26.5439,2,36.71202073,2,-122.1861682,2
1396967880,04/08/2014 14:38:00,2,docr,229.48,2,8.093,2,34.111,2,1.406,2,88.99,2,1485.517,2,26.5656,2,36.71202666,2,-122.18617993,2
1396967895,04/08/2014 14:38:15,2,docr,235.43,2,8.065,2,34.126,2,1.33,2,88.97,2,1485.529,2,26.5816,2,36.712038,2,-122.186193,2
1396967910,04/08/2014 14:38:30,2,docr,241.38,2,8.002,2,34.136,2,1.256,2,88.95,2,1485.402,2,26.5989,2,36.7120528,2,-122.1862194,2
1396967925,04/08/2014 14:38:45,2,docr,247.23,2,7.934,2,34.142,2,1.209,2,89.05,2,1485.249,2,26.6137,2,36.71205773,2,-122.1862302,2
1396967940,04/08/2014 14:39:00,2,docr,252.98,2,7.904,2,34.146,2,1.178,2,89.06,2,1485.235,2,26.6213,2,36.712056,2,-122.186239,2
1396967955,04/08/2014 14:39:15,2,docr,258.83,2,7.874,2,34.147,2,1.164,2,89.07,2,1485.22,2,26.6266,2,36.7120688,2,-122.18625513,2
1396967970,04/08/2014 14:39:30,2,docr,264.58,2,7.825,2,34.146,2,1.155,2,89.06,2,1485.128,2,26.6331,2,36.71207513,2,-122.1862684,2
1396967985,04/08/2014 14:39:45,2,docr,270.53,2,7.78,2,34.144,2,1.155,2,89.03,2,1485.053,2,26.6381,2,36.712086,2,-122.186289,2
1396968000,04/08/2014 14:40:00,2,docr,276.38,2,7.684,2,34.147,2,1.123,2,89.07,2,1484.788,2,26.6545,2,36.71209266,2,-122.18631633,2
1396968015,04/08/2014 14:40:15,2,docr,282.43,2,7.621,2,34.156,2,1.063,2,89.01,2,1484.659,2,26.6707,2,36.71210126,2,-122.18633146,2
1396968030,04/08/2014 14:40:30,2,docr,288.17,2,7.605,2,34.164,2,1.015,2,88.94,2,1484.704,2,26.6794,2,36.7121178,2,-122.18636253,2
1396968045,04/08/2014 14:40:45,2,docr,293.83,2,7.601,2,34.166,2,0.989,2,88.88,2,1484.785,2,26.6816,2,36.7121328,2,-122.1863814,2
1396968060,04/08/2014 14:41:00,2,docr,299.57,2,7.591,2,34.169,2,0.97,2,88.73,2,1484.845,2,26.6855,2,36.71214413,2,-122.18639306,2
1396968075,04/08/2014 14:41:15,2,docr,306.12,2,7.561,2,34.173,2,0.944,2,88.56,2,1484.844,2,26.693,2,36.71217226,2,-122.18642933,2
1396968090,04/08/2014 14:41:30,2,docr,314.44,2,7.516,2,34.178,2,0.912,2,88.49,2,1484.817,2,26.7035,2,36.71218726,2,-122.18644646,2
1396968105,04/08/2014 14:41:45,2,docr,323.36,2,7.475,2,34.182,2,0.881,2,88.46,2,1484.812,2,26.7126,2,36.71220033,2,-122.18646053,2
1396968120,04/08/2014 14:42:00,2,docr,331.89,2,7.419,2,34.186,2,0.857,2,88.39,2,1484.744,2,26.7238,2,36.71221833,2,-122.186492,2
1396968135,04/08/2014 14:42:15,2,docr,340.11,2,7.335,2,34.192,2,0.814,2,88.4,2,1484.565,2,26.7405,2,36.71223453,2,-122.18650993,2
1396968150,04/08/2014 14:42:30,2,docr,348.04,2,7.261,2,34.203,2,0.753,2,88.4,2,1484.426,2,26.7596,2,36.712249,2,-122.186528,2
1396968165,04/08/2014 14:42:45,2,docr,356.56,2,7.22,2,34.212,2,0.706,2,88.46,2,1484.421,2,26.7725,2,36.712274,2,-122.186542,2
1396968180,04/08/2014 14:43:00,2,docr,364.69,2,7.181,2,34.211,2,0.684,2,88.48,2,1484.404,2,26.7772,2,36.71227726,2,-122.18657293,2
1396968195,04/08/2014 14:43:15,2,docr,373.01,2,7.132,2,34.212,2,0.668,2,88.56,2,1484.354,2,26.7849,2,36.712283,2,-122.186612,2
1396968210,04/08/2014 14:43:30,2,docr,381.04,2,7.11,2,34.215,2,0.658,2,88.56,2,1484.406,2,26.7904,2,36.7122834,2,-122.18665713,2
1396968225,04/08/2014 14:43:45,2,docr,388.87,2,7.015,2,34.215,2,0.634,2,88.63,2,1484.168,2,26.8036,2,36.7122908,2,-122.18667306,2
1396968240,04/08/2014 14:44:00,2,docr,397.19,2,6.938,2,34.222,2,0.599,2,88.64,2,1484.016,2,26.8197,2,36.712295,2,-122.186689,2
1396968255,04/08/2014 14:44:15,2,docr,404.92,2,6.876,2,34.225,2,0.588,2,88.62,2,1483.907,2,26.8306,2,36.71231046,2,-122.1867218,2
1396968270,04/08/2014 14:44:30,2,docr,413.14,2,6.79,2,34.228,2,0.567,2,88.44,2,1483.712,2,26.8447,2,36.7123186,2,-122.18673933,2
1396968285,04/08/2014 14:44:45,2,docr,420.97,2,6.712,2,34.237,2,0.542,2,88.44,2,1483.549,2,26.8623,2,36.712329,2,-122.186764,2
1396968300,04/08/2014 14:45:00,2,docr,428.79,2,6.68,2,34.241,2,0.517,2,88.46,2,1483.559,2,26.8698,2,36.71233353,2,-122.1868022,2
1396968315,04/08/2014 14:45:15,2,docr,436.62,2,6.663,2,34.242,2,0.508,2,88.44,2,1483.624,2,26.873,2,36.71233626,2,-122.18682053,2
1396968330,04/08/2014 14:45:30,2,docr,444.15,2,6.632,2,34.245,2,0.495,2,88.44,2,1483.632,2,26.8796,2,36.712342,2,-122.186859,2
1396968345,04/08/2014 14:45:45,2,docr,452.17,2,6.62,2,34.244,2,0.49,2,88.43,2,1483.717,2,26.8805,2,36.71234486,2,-122.18687866,2
1396968360,04/08/2014 14:46:00,2,docr,459.7,2,6.563,2,34.246,2,0.479,2,88.42,2,1483.621,2,26.8897,2,36.71234653,2,-122.18689506,2
1396968375,04/08/2014 14:46:15,2,docr,468.41,2,6.505,2,34.25,2,0.457,2,88.53,2,1483.543,2,26.9006,2,36.7123508,2,-122.1869262,2
1396968390,04/08/2014 14:46:30,2,docr,476.44,2,6.472,2,34.251,2,0.448,2,88.54,2,1483.548,2,26.9058,2,36.7123594,2,-122.1869492,2
1396968405,04/08/2014 14:46:45,2,docr,484.56,2,6.387,2,34.252,2,0.436,2,88.66,2,1483.35,2,26.9177,2,36.712365,2,-122.18697153,2
1396968420,04/08/2014 14:47:00,2,docr,492.38,2,6.306,2,34.254,2,0.417,2,88.75,2,1483.163,2,26.9299,2,36.7123836,2,-122.18700253,2
1396968435,04/08/2014 14:47:15,2,docr,500.2,2,6.242,2,34.26,2,0.401,2,88.7,2,1483.048,2,26.9429,2,36.71238873,2,-122.18702746,2
1396968450,04/08/2014 14:47:30,2,docr,508.32,2,6.174,2,34.264,2,0.386,2,88.71,2,1482.919,2,26.9549,2,36.71239226,2,-122.1870468,2
1396968465,04/08/2014 14:47:45,2,docr,516.25,2,6.117,2,34.271,2,0.373,2,88.68,2,1482.834,2,26.9677,2,36.71241306,2,-122.187094,2
1396968480,04/08/2014 14:48:00,2,docr,524.27,2,6.067,2,34.271,2,0.362,2,88.67,2,1482.769,2,26.9742,2,36.71241626,2,-122.1871174,2
1396968495,04/08/2014 14:48:15,2,docr,532.29,2,5.975,2,34.277,2,0.347,2,88.66,2,1482.544,2,26.9906,2,36.712419,2,-122.187136,2
1396968510,04/08/2014 14:48:30,2,docr,540.31,2,5.913,2,34.282,2,0.331,2,88.7,2,1482.437,2,27.0023,2,36.712438,2,-122.18717766,2
1396968525,04/08/2014 14:48:45,2,docr,548.33,2,5.876,2,34.283,2,0.325,2,88.74,2,1482.424,2,27.0078,2,36.7124418,2,-122.18719953,2
1396968540,04/08/2014 14:49:00,2,docr,556.25,2,5.829,2,34.285,2,0.317,2,88.76,2,1482.371,2,27.0153,2,36.71245,2,-122.187228,2
1396968555,04/08/2014 14:49:15,2,docr,564.07,2,5.777,2,34.29,2,0.31,2,88.69,2,1482.3,2,27.0257,2,36.71245053,2,-122.18726606,2
1396968570,04/08/2014 14:49:30,2,docr,571.99,2,5.736,2,34.294,2,0.312,2,88.52,2,1482.273,2,27.034,2,36.71245713,2,-122.1872916,2
1396968585,04/08/2014 14:49:45,2,docr,579.21,2,5.713,2,34.296,2,0.315,2,88.57,2,1482.303,2,27.0385,2,36.712468,2,-122.187329,2
1396968600,04/08/2014 14:50:00,2,docr,587.73,2,5.672,2,34.301,2,0.307,2,88.53,2,1482.287,2,27.0475,2,36.7124832,2,-122.18735486,2
1396968615,04/08/2014 14:50:15,2,docr,595.64,2,5.631,2,34.302,2,0.316,2,88.28,2,1482.256,2,27.0534,2,36.71249146,2,-122.18737393,2
1396968630,04/08/2014 14:50:30,2,docr,603.66,2,5.581,2,34.308,2,0.323,2,88.2,2,1482.196,2,27.0643,2,36.712506,2,-122.187401,2
1396968645,04/08/2014 14:50:45,2,docr,611.68,2,5.525,2,34.309,2,0.303,2,88.71,2,1482.106,2,27.0719,2,36.71250986,2,-122.1874378,2
1396968660,04/08/2014 14:51:00,2,docr,619.89,2,5.477,2,34.315,2,0.293,2,88.29,2,1482.057,2,27.0825,2,36.7125114,2,-122.18745906,2
1396968675,04/08/2014 14:51:15,2,docr,628.01,2,5.428,2,34.319,2,0.32,2,87.7,2,1482,2,27.0915,2,36.712525,2,-122.187488,2
1396968690,04/08/2014 14:51:30,2,docr,636.12,2,5.389,2,34.323,2,0.327,2,87.57,2,1481.983,2,27.0994,2,36.71253353,2,-122.18750553,2
1396968705,04/08/2014 14:51:45,2,docr,644.14,2,5.35,2,34.325,2,0.327,2,87.69,2,1481.961,2,27.1057,2,36.71253886,2,-122.187521,2
1396968720,04/08/2014 14:52:00,2,docr,652.45,2,5.284,2,34.33,2,0.296,2,88.32,2,1481.839,2,27.1175,2,36.71254833,2,-122.1875498,2
1396968735,04/08/2014 14:52:15,2,docr,660.67,2,5.259,2,34.333,2,0.286,2,88.19,2,1481.879,2,27.1229,2,36.7125538,2,-122.18756906,2
1396968750,04/08/2014 14:52:30,2,docr,668.98,2,5.205,2,34.334,2,0.286,2,88.35,2,1481.8,2,27.13,2,36.71256126,2,-122.1875894,2
1396968765,04/08/2014 14:52:45,2,docr,677.09,2,5.157,2,34.342,2,0.272,2,88.43,2,1481.75,2,27.142,2,36.712567,2,-122.187619,2
1396968780,04/08/2014 14:53:00,2,docr,685.6,2,5.149,2,34.343,2,0.272,2,88.45,2,1481.861,2,27.1438,2,36.71257246,2,-122.18762826,2
1396968795,04/08/2014 14:53:15,2,docr,694.11,2,5.138,2,34.343,2,0.269,2,88.5,2,1481.958,2,27.1452,2,36.71257613,2,-122.1876382,2
1396968810,04/08/2014 14:53:30,2,docr,702.62,2,5.087,2,34.347,2,0.258,2,88.74,2,1481.898,2,27.1543,2,36.7125786,2,-122.1876568,2
1396968825,04/08/2014 14:53:45,2,docr,711.03,2,5.057,2,34.348,2,0.243,2,88.9,2,1481.918,2,27.1586,2,36.71257933,2,-122.1876708,2
1396968840,04/08/2014 14:54:00,2,docr,719.14,2,5.003,2,34.35,2,0.234,2,89.05,2,1481.835,2,27.1665,2,36.71258,2,-122.18768,2
1396968855,04/08/2014 14:54:15,2,docr,727.55,2,4.98,2,34.353,2,0.229,2,89.1,2,1481.886,2,27.1715,2,36.71258993,2,-122.1876928,2
1396968870,04/08/2014 14:54:30,2,docr,735.86,2,4.967,2,34.354,2,0.23,2,89.06,2,1481.973,2,27.1739,2,36.71259353,2,-122.18770233,2
1396968885,04/08/2014 14:54:45,2,docr,744.16,2,4.929,2,34.357,2,0.233,2,89.06,2,1481.96,2,27.1806,2,36.712596,2,-122.187722,2
1396968900,04/08/2014 14:55:00,2,docr,752.37,2,4.921,2,34.358,2,0.231,2,89.05,2,1482.066,2,27.1824,2,36.71260126,2,-122.1877366,2
1396968915,04/08/2014 14:55:15,2,docr,759.5,2,4.902,2,34.358,2,0.233,2,89.05,2,1482.107,2,27.1846,2,36.7126122,2,-122.18773186,2
1396968930,04/08/2014 14:55:30,2,docr,767.51,2,4.872,2,34.361,2,0.234,2,89.03,2,1482.122,2,27.1905,2,36.712637,2,-122.187722,2
1396968945,04/08/2014 14:55:45,2,docr,774.92,2,4.85,2,34.361,2,0.235,2,89.07,2,1482.156,2,27.193,2,36.71263526,2,-122.18772886,2
1396968960,04/08/2014 14:56:00,2,docr,780.56,2,4.81,2,34.364,2,0.233,2,89.1,2,1482.09,2,27.1999,2,36.71262233,2,-122.18769753,2
1396968975,04/08/2014 14:56:15,2,docr,785.9,2,4.795,2,34.365,2,0.231,2,89.12,2,1482.119,2,27.2024,2,36.712596,2,-122.187629,2
1396968990,04/08/2014 14:56:30,2,docr,792.53,2,4.78,2,34.367,2,0.232,2,89.09,2,1482.171,2,27.2057,2,36.71255933,2,-122.18756653,2
1396969005,04/08/2014 14:56:45,2,docr,803.9,2,4.764,2,34.371,2,0.234,2,88.95,2,1482.301,2,27.2108,2,36.71254553,2,-122.187548,2
1396969020,04/08/2014 14:57:00,2,docr,815.17,2,4.718,2,34.375,2,0.242,2,88.87,2,1482.305,2,27.2192,2,36.712537,2,-122.187554,2
1396969035,04/08/2014 14:57:15,2,docr,823.87,2,4.692,2,34.38,2,0.249,2,88.88,2,1482.351,2,27.2261,2,36.7125394,2,-122.187581,2
1396969050,04/08/2014 14:57:30,2,docr,832.18,2,4.68,2,34.38,2,0.25,2,88.87,2,1482.44,2,27.2275,2,36.71254206,2,-122.18759746,2
1396969065,04/08/2014 14:57:45,2,docr,840.28,2,4.659,2,34.38,2,0.25,2,88.9,2,1482.489,2,27.2299,2,36.71253593,2,-122.18760826,2
1396969080,04/08/2014 14:58:00,2,docr,848.19,2,4.628,2,34.383,2,0.251,2,88.91,2,1482.498,2,27.2357,2,36.71253306,2,-122.1876342,2
1396969095,04/08/2014 14:58:15,2,docr,859.46,2,4.579,2,34.386,2,0.254,2,88.95,2,1482.489,2,27.2435,2,36.71253333,2,-122.187648,2
1396969110,04/08/2014 14:58:30,2,docr,870.44,2,4.523,2,34.392,2,0.263,2,88.9,2,1482.449,2,27.2545,2,36.71254633,2,-122.18766213,2
1396969125,04/08/2014 14:58:45,2,docr,876.76,2,4.493,2,34.397,2,0.271,2,88.87,2,1482.437,2,27.2617,2,36.71255493,2,-122.1876744,2
1396969140,04/08/2014 14:59:00,2,docr,876.96,2,4.497,2,34.398,2,0.273,2,88.9,2,1482.459,2,27.2621,2,36.71256113,2,-122.18768366,2
1396969155,04/08/2014 14:59:15,2,docr,877.45,2,4.499,2,34.397,2,0.273,2,88.9,2,1482.474,2,27.2611,2,36.712563,2,-122.187707,2
1396969170,04/08/2014 14:59:30,2,docr,878.05,2,4.499,2,34.397,2,0.275,2,88.9,2,1482.484,2,27.2611,2,36.7125732,2,-122.1877072,2
1396969185,04/08/2014 14:59:45,2,docr,878.15,2,4.497,2,34.396,2,0.273,2,88.85,2,1482.476,2,27.2605,2,36.712582,2,-122.187708,2
1396969200,04/08/2014 15:00:00,2,docr,876.76,2,4.492,2,34.397,2,0.274,2,88.89,2,1482.433,2,27.2619,2,36.71256486,2,-122.18766426,2
1396969215,04/08/2014 15:00:15,2,docr,876.07,2,4.493,2,34.396,2,0.273,2,88.88,2,1482.425,2,27.2609,2,36.7125602,2,-122.18767966,2
1396969230,04/08/2014 15:00:30,2,docr,875.48,2,4.496,2,34.396,2,0.273,2,88.88,2,1482.427,2,27.2606,2,36.71256,2,-122.187698,2
1396969245,04/08/2014 15:00:45,2,docr,878.15,2,4.491,2,34.396,2,0.273,2,88.83,2,1482.451,2,27.2612,2,36.71255873,2,-122.18771666,2
1396969260,04/08/2014 15:01:00,2,docr,878.54,2,4.49,2,34.397,2,0.276,2,88.83,2,1482.455,2,27.2621,2,36.71255786,2,-122.1877244,2
1396969275,04/08/2014 15:01:15,2,docr,877.45,2,4.488,2,34.397,2,0.274,2,88.83,2,1482.428,2,27.2623,2,36.712555,2,-122.18774,2
1396969290,04/08/2014 15:01:30,2,docr,876.96,2,4.49,2,34.397,2,0.275,2,88.89,2,1482.428,2,27.2621,2,36.7125678,2,-122.18773306,2
1396969305,04/08/2014 15:01:45,2,docr,877.06,2,4.487,2,34.398,2,0.274,2,88.88,2,1482.419,2,27.2632,2,36.71257113,2,-122.18772993,2
1396969320,04/08/2014 15:02:00,2,docr,877.36,2,4.488,2,34.398,2,0.276,2,88.84,2,1482.428,2,27.2631,2,36.712572,2,-122.187732,2
1396969335,04/08/2014 15:02:15,2,docr,876.56,2,4.488,2,34.398,2,0.275,2,88.89,2,1482.415,2,27.2631,2,36.71258306,2,-122.18772386,2
1396969350,04/08/2014 15:02:30,2,docr,871.62,2,4.499,2,34.396,2,0.271,2,88.9,2,1482.375,2,27.2603,2,36.71258386,2,-122.18772486,2
1396969365,04/08/2014 15:02:45,2,docr,869.74,2,4.505,2,34.395,2,0.27,2,88.91,2,1482.367,2,27.2588,2,36.71258,2,-122.187725,2
1396969380,04/08/2014 15:03:00,2,docr,870.53,2,4.505,2,34.395,2,0.271,2,88.92,2,1482.38,2,27.2588,2,36.71258,2,-122.18770586,2
1396969395,04/08/2014 15:03:15,2,docr,871.82,2,4.501,2,34.395,2,0.273,2,88.93,2,1482.385,2,27.2592,2,36.71257566,2,-122.18768473,2
1396969410,04/08/2014 15:03:30,2,docr,873.1,2,4.501,2,34.395,2,0.27,2,88.92,2,1482.407,2,27.2593,2,36.71256126,2,-122.18761913,2
1396969425,04/08/2014 15:03:45,2,docr,872.51,2,4.501,2,34.395,2,0.27,2,88.9,2,1482.397,2,27.2593,2,36.71257826,2,-122.18757546,2
1396969440,04/08/2014 15:04:00,2,docr,870.53,2,4.502,2,34.395,2,0.271,2,88.91,2,1482.368,2,27.2591,2,36.71258946,2,-122.18754306,2
1396969455,04/08/2014 15:04:15,2,docr,870.44,2,4.502,2,34.396,2,0.27,2,88.92,2,1482.368,2,27.2599,2,36.712584,2,-122.18749526,2
1396969470,04/08/2014 15:04:30,2,docr,870.34,2,4.502,2,34.397,2,0.269,2,88.91,2,1482.367,2,27.2607,2,36.7126092,2,-122.18745373,2
1396969485,04/08/2014 15:04:45,2,docr,870.04,2,4.5,2,34.397,2,0.27,2,88.91,2,1482.354,2,27.2609,2,36.71262933,2,-122.18741773,2
1396969500,04/08/2014 15:05:00,2,docr,869.74,2,4.503,2,34.396,2,0.272,2,88.91,2,1482.36,2,27.2598,2,36.7126876,2,-122.1873352,2
1396969515,04/08/2014 15:05:15,2,docr,869.45,2,4.503,2,34.396,2,0.269,2,88.91,2,1482.355,2,27.2598,2,36.71271226,2,-122.18728846,2
1396969530,04/08/2014 15:05:30,2,docr,869.25,2,4.503,2,34.396,2,0.27,2,88.9,2,1482.352,2,27.2598,2,36.712736,2,-122.187244,2
1396969545,04/08/2014 15:05:45,2,docr,868.85,2,4.504,2,34.396,2,0.269,2,88.9,2,1482.349,2,27.2597,2,36.7127624,2,-122.18714593,2
1396969560,04/08/2014 15:06:00,2,docr,868.56,2,4.504,2,34.395,2,0.271,2,88.91,2,1482.343,2,27.2589,2,36.7127724,2,-122.18710133,2
1396969575,04/08/2014 15:06:15,2,docr,868.26,2,4.502,2,34.395,2,0.272,2,88.91,2,1482.33,2,27.2591,2,36.712782,2,-122.187046,2
1396969590,04/08/2014 15:06:30,2,docr,868.06,2,4.502,2,34.395,2,0.27,2,88.88,2,1482.327,2,27.2591,2,36.7127976,2,-122.1869932,2
1396969605,04/08/2014 15:06:45,2,docr,868.26,2,4.502,2,34.396,2,0.269,2,88.91,2,1482.331,2,27.2599,2,36.71279393,2,-122.186995,2
1396969620,04/08/2014 15:07:00,2,docr,868.36,2,4.501,2,34.396,2,0.271,2,88.91,2,1482.329,2,27.26,2,36.712787,2,-122.187,2
1396969635,04/08/2014 15:07:15,2,docr,868.46,2,4.499,2,34.396,2,0.27,2,88.91,2,1482.322,2,27.2602,2,36.71278926,2,-122.1870228,2
1396969650,04/08/2014 15:07:30,2,docr,868.46,2,4.5,2,34.397,2,0.272,2,88.9,2,1482.327,2,27.2609,2,36.71278706,2,-122.1870286,2
1396969665,04/08/2014 15:07:45,2,docr,867.96,2,4.499,2,34.397,2,0.27,2,88.9,2,1482.315,2,27.261,2,36.71278,2,-122.187031,2
1396969680,04/08/2014 15:08:00,2,docr,869.25,2,4.496,2,34.397,2,0.272,2,88.89,2,1482.324,2,27.2614,2,36.71278133,2,-122.18706966,2
1396969695,04/08/2014 15:08:15,2,docr,871.23,2,4.498,2,34.396,2,0.271,2,88.9,2,1482.364,2,27.2604,2,36.71278093,2,-122.1870888,2
1396969710,04/08/2014 15:08:30,2,docr,872.12,2,4.491,2,34.396,2,0.27,2,88.89,2,1482.35,2,27.2611,2,36.712772,2,-122.187105,2
1396969725,04/08/2014 15:08:45,2,docr,873.3,2,4.496,2,34.396,2,0.272,2,88.91,2,1482.391,2,27.2606,2,36.71276573,2,-122.18709786,2
1396969740,04/08/2014 15:09:00,2,docr,874.19,2,4.488,2,34.396,2,0.272,2,88.9,2,1482.373,2,27.2615,2,36.71276353,2,-122.18709666,2
1396969755,04/08/2014 15:09:15,2,docr,875.28,2,4.486,2,34.396,2,0.272,2,88.93,2,1482.382,2,27.2617,2,36.7127642,2,-122.18711546,2
1396969770,04/08/2014 15:09:30,2,docr,874.59,2,4.484,2,34.397,2,0.271,2,88.92,2,1482.364,2,27.2627,2,36.7127612,2,-122.1871308,2
1396969785,04/08/2014 15:09:45,2,docr,873.9,2,4.484,2,34.397,2,0.271,2,88.91,2,1482.352,2,27.2627,2,36.71275813,2,-122.18713306,2
1396969800,04/08/2014 15:10:00,2,docr,873.6,2,4.488,2,34.397,2,0.271,2,88.89,2,1482.364,2,27.2623,2,36.71274513,2,-122.1871166,2
1396969815,04/08/2014 15:10:15,2,docr,873.4,2,4.485,2,34.398,2,0.272,2,88.91,2,1482.35,2,27.2634,2,36.712735,2,-122.18708033,2
1396969830,04/08/2014 15:10:30,2,docr,873.5,2,4.479,2,34.398,2,0.271,2,88.91,2,1482.326,2,27.264,2,36.7127256,2,-122.1870468,2
1396969845,04/08/2014 15:10:45,2,docr,873.01,2,4.478,2,34.399,2,0.274,2,88.89,2,1482.315,2,27.2649,2,36.71269893,2,-122.1869892,2
1396969860,04/08/2014 15:11:00,2,docr,872.51,2,4.488,2,34.397,2,0.273,2,88.9,2,1482.346,2,27.2622,2,36.71269,2,-122.18694153,2
1396969875,04/08/2014 15:11:15,2,docr,872.12,2,4.485,2,34.397,2,0.272,2,88.89,2,1482.327,2,27.2626,2,36.71268,2,-122.186898,2
1396969890,04/08/2014 15:11:30,2,docr,872.31,2,4.483,2,34.397,2,0.272,2,88.88,2,1482.322,2,27.2628,2,36.71268626,2,-122.18681786,2
1396969905,04/08/2014 15:11:45,2,docr,873.2,2,4.481,2,34.397,2,0.273,2,88.89,2,1482.328,2,27.263,2,36.71268466,2,-122.18679206,2
1396969920,04/08/2014 15:12:00,2,docr,873.5,2,4.485,2,34.396,2,0.273,2,88.88,2,1482.349,2,27.2618,2,36.712679,2,-122.186763,2
1396969935,04/08/2014 15:12:15,2,docr,874.09,2,4.482,2,34.396,2,0.274,2,88.89,2,1482.346,2,27.2621,2,36.71270373,2,-122.18670793,2
1396969950,04/08/2014 15:12:30,2,docr,873.6,2,4.482,2,34.397,2,0.273,2,88.87,2,1482.339,2,27.2629,2,36.71269666,2,-122.1866934,2
1396969965,04/08/2014 15:12:45,2,docr,872.71,2,4.48,2,34.398,2,0.273,2,88.87,2,1482.317,2,27.2639,2,36.71267,2,-122.186679,2
1396969980,04/08/2014 15:13:00,2,docr,871.72,2,4.486,2,34.398,2,0.274,2,88.89,2,1482.326,2,27.2632,2,36.71265306,2,-122.18668746,2
1396969995,04/08/2014 15:13:15,2,docr,870.83,2,4.49,2,34.398,2,0.273,2,88.88,2,1482.327,2,27.2628,2,36.71265173,2,-122.18668573,2
1396970010,04/08/2014 15:13:30,2,docr,870.73,2,4.493,2,34.398,2,0.27,2,88.88,2,1482.338,2,27.2625,2,36.712642,2,-122.18668,2
1396970025,04/08/2014 15:13:45,2,docr,871.33,2,4.492,2,34.397,2,0.272,2,88.87,2,1482.342,2,27.2618,2,36.71265293,2,-122.18666733,2
1396970040,04/08/2014 15:14:00,2,docr,872.81,2,4.489,2,34.397,2,0.273,2,88.89,2,1482.355,2,27.2621,2,36.71265593,2,-122.18665673,2
1396970055,04/08/2014 15:14:15,2,docr,873.1,2,4.489,2,34.397,2,0.271,2,88.89,2,1482.36,2,27.2621,2,36.712655,2,-122.186653,2
1396970070,04/08/2014 15:14:30,2,docr,873.1,2,4.488,2,34.397,2,0.273,2,88.87,2,1482.356,2,27.2623,2,36.71266406,2,-122.18665113,2
1396970085,04/08/2014 15:14:45,2,docr,873.3,2,4.49,2,34.396,2,0.274,2,88.87,2,1482.366,2,27.2612,2,36.71267206,2,-122.18664373,2
1396970100,04/08/2014 15:15:00,2,docr,873.1,2,4.49,2,34.396,2,0.273,2,88.88,2,1482.363,2,27.2612,2,36.7126844,2,-122.18661746,2
1396970115,04/08/2014 15:15:15,2,docr,874.29,2,4.488,2,34.397,2,0.272,2,88.88,2,1482.376,2,27.2623,2,36.71268213,2,-122.1866184,2
1396970130,04/08/2014 15:15:30,2,docr,873.99,2,4.485,2,34.397,2,0.273,2,88.88,2,1482.358,2,27.2626,2,36.71268026,2,-122.18661686,2
1396970145,04/08/2014 15:15:45,2,docr,873.8,2,4.483,2,34.398,2,0.273,2,88.87,2,1482.348,2,27.2636,2,36.7126916,2,-122.1866012,2
1396970160,04/08/2014 15:16:00,2,docr,873.6,2,4.483,2,34.398,2,0.273,2,88.87,2,1482.345,2,27.2636,2,36.71268793,2,-122.1865924,2
1396970175,04/08/2014 15:16:15,2,docr,875.87,2,4.475,2,34.399,2,0.274,2,88.86,2,1482.351,2,27.2653,2,36.71268333,2,-122.186586,2
1396970190,04/08/2014 15:16:30,2,docr,875.77,2,4.474,2,34.399,2,0.276,2,88.85,2,1482.345,2,27.2654,2,36.7126716,2,-122.1866058,2
1396970205,04/08/2014 15:16:45,2,docr,875.08,2,4.472,2,34.399,2,0.275,2,88.83,2,1482.325,2,27.2656,2,36.71267266,2,-122.18661866,2
1396970220,04/08/2014 15:17:00,2,docr,875.97,2,4.47,2,34.399,2,0.274,2,88.85,2,1482.332,2,27.2658,2,36.712674,2,-122.186633,2
1396970235,04/08/2014 15:17:15,2,docr,876.07,2,4.469,2,34.398,2,0.276,2,88.82,2,1482.328,2,27.2651,2,36.71269293,2,-122.1866632,2
1396970250,04/08/2014 15:17:30,2,docr,876.56,2,4.468,2,34.398,2,0.276,2,88.82,2,1482.332,2,27.2652,2,36.71269073,2,-122.18666273,2
1396970265,04/08/2014 15:17:45,2,docr,876.96,2,4.467,2,34.398,2,0.275,2,88.81,2,1482.335,2,27.2653,2,36.712686,2,-122.186661,2
1396970280,04/08/2014 15:18:00,2,docr,877.26,2,4.472,2,34.399,2,0.276,2,88.86,2,1482.362,2,27.2656,2,36.7127056,2,-122.18665106,2
1396970295,04/08/2014 15:18:15,2,docr,877.75,2,4.468,2,34.398,2,0.275,2,88.8,2,1482.352,2,27.2652,2,36.7127006,2,-122.18665326,2
1396970310,04/08/2014 15:18:30,2,docr,878.05,2,4.473,2,34.4,2,0.276,2,88.78,2,1482.38,2,27.2663,2,36.712689,2,-122.18666,2
1396970325,04/08/2014 15:18:45,2,docr,878.05,2,4.482,2,34.4,2,0.275,2,88.84,2,1482.417,2,27.2653,2,36.71269026,2,-122.186652,2
1396970340,04/08/2014 15:19:00,2,docr,877.95,2,4.484,2,34.399,2,0.276,2,88.87,2,1482.423,2,27.2643,2,36.71269166,2,-122.1866506,2
1396970355,04/08/2014 15:19:15,2,docr,878.05,2,4.484,2,34.399,2,0.276,2,88.85,2,1482.424,2,27.2643,2,36.712693,2,-122.186655,2
1396970370,04/08/2014 15:19:30,2,docr,878.05,2,4.476,2,34.401,2,0.276,2,88.84,2,1482.394,2,27.2668,2,36.712697,2,-122.18664873,2
1396970385,04/08/2014 15:19:45,2,docr,878.05,2,4.481,2,34.399,2,0.276,2,88.82,2,1482.412,2,27.2646,2,36.71269773,2,-122.18664886,2
1396970400,04/08/2014 15:20:00,2,docr,878.05,2,4.481,2,34.398,2,0.276,2,88.77,2,1482.411,2,27.2638,2,36.712698,2,-122.186647,2
1396970415,04/08/2014 15:20:15,2,docr,878.05,2,4.484,2,34.399,2,0.276,2,88.77,2,1482.424,2,27.2643,2,36.7126992,2,-122.18665026,2
1396970430,04/08/2014 15:20:30,2,docr,878.05,2,4.484,2,34.397,2,0.276,2,88.79,2,1482.422,2,27.2627,2,36.71269886,2,-122.18664986,2
1396970445,04/08/2014 15:20:45,2,docr,878.05,2,4.489,2,34.397,2,0.276,2,88.79,2,1482.442,2,27.2622,2,36.71269673,2,-122.18665466,2
1396970460,04/08/2014 15:21:00,2,docr,878.05,2,4.484,2,34.403,2,0.277,2,88.79,2,1482.43,2,27.2675,2,36.7126938,2,-122.18665186,2
1396970475,04/08/2014 15:21:15,2,docr,878.05,2,4.49,2,34.398,2,0.276,2,88.77,2,1482.448,2,27.2629,2,36.71269053,2,-122.186653,2
1396970490,04/08/2014 15:21:30,2,docr,878.05,2,4.471,2,34.399,2,0.276,2,88.77,2,1482.371,2,27.2657,2,36.71269313,2,-122.18664953,2
1396970505,04/08/2014 15:21:45,2,docr,877.95,2,4.48,2,34.401,2,0.274,2,88.77,2,1482.409,2,27.2663,2,36.71269406,2,-122.1866458,2
1396970520,04/08/2014 15:22:00,2,docr,878.05,2,4.478,2,34.4,2,0.276,2,88.75,2,1482.401,2,27.2657,2,36.71269473,2,-122.186645,2
1396970535,04/08/2014 15:22:15,2,docr,878.05,2,4.463,2,34.4,2,0.276,2,88.78,2,1482.339,2,27.2674,2,36.7127004,2,-122.186653,2
1396970550,04/08/2014 15:22:30,2,docr,878.05,2,4.463,2,34.4,2,0.276,2,88.81,2,1482.339,2,27.2674,2,36.7127,2,-122.18664633,2
1396970565,04/08/2014 15:22:45,2,docr,878.05,2,4.467,2,34.398,2,0.276,2,88.84,2,1482.353,2,27.2653,2,36.712698,2,-122.186639,2
1396970580,04/08/2014 15:23:00,2,docr,878.05,2,4.469,2,34.4,2,0.276,2,88.82,2,1482.364,2,27.2667,2,36.71270806,2,-122.1866458,2
1396970595,04/08/2014 15:23:15,2,docr,878.05,2,4.467,2,34.398,2,0.277,2,88.8,2,1482.353,2,27.2653,2,36.712705,2,-122.18664373,2
1396970610,04/08/2014 15:23:30,2,docr,878.05,2,4.464,2,34.399,2,0.277,2,88.82,2,1482.342,2,27.2665,2,36.712701,2,-122.186641,2
1396970625,04/08/2014 15:23:45,2,docr,878.05,2,4.465,2,34.4,2,0.277,2,88.8,2,1482.347,2,27.2671,2,36.7126916,2,-122.18664906,2
1396970640,04/08/2014 15:24:00,2,docr,878.05,2,4.467,2,34.4,2,0.276,2,88.83,2,1482.355,2,27.2669,2,36.71269506,2,-122.18664753,2
1396970655,04/08/2014 15:24:15,2,docr,877.36,2,4.469,2,34.399,2,0.277,2,88.81,2,1482.351,2,27.2659,2,36.7127,2,-122.186643,2
1396970670,04/08/2014 15:24:30,2,docr,876.07,2,4.466,2,34.399,2,0.276,2,88.85,2,1482.317,2,27.2662,2,36.7127074,2,-122.18666366,2
1396970685,04/08/2014 15:24:45,2,docr,875.48,2,4.47,2,34.4,2,0.276,2,88.88,2,1482.325,2,27.2666,2,36.71271353,2,-122.18665906,2
1396970700,04/08/2014 15:25:00,2,docr,875.08,2,4.475,2,34.399,2,0.275,2,88.75,2,1482.338,2,27.2653,2,36.712722,2,-122.186641,2
1396970715,04/08/2014 15:25:15,2,docr,876.66,2,4.464,2,34.4,2,0.275,2,88.76,2,1482.32,2,27.2672,2,36.71272526,2,-122.1866562,2
1396970730,04/08/2014 15:25:30,2,docr,877.95,2,4.461,2,34.4,2,0.276,2,88.78,2,1482.329,2,27.2676,2,36.71272153,2,-122.1866612,2
1396970745,04/08/2014 15:25:45,2,docr,877.95,2,4.462,2,34.399,2,0.275,2,88.78,2,1482.332,2,27.2667,2,36.712724,2,-122.186677,2
1396970760,04/08/2014 15:26:00,2,docr,877.95,2,4.462,2,34.399,2,0.276,2,88.8,2,1482.332,2,27.2667,2,36.712726,2,-122.18667126,2
1396970775,04/08/2014 15:26:15,2,docr,877.95,2,4.462,2,34.399,2,0.276,2,88.79,2,1482.332,2,27.2667,2,36.7127256,2,-122.18667073,2
1396970790,04/08/2014 15:26:30,2,docr,877.95,2,4.463,2,34.399,2,0.274,2,88.83,2,1482.336,2,27.2666,2,36.7127234,2,-122.18666446,2
1396970805,04/08/2014 15:26:45,2,docr,877.95,2,4.462,2,34.399,2,0.276,2,88.78,2,1482.332,2,27.2667,2,36.71272453,2,-122.18666713,2
1396970820,04/08/2014 15:27:00,2,docr,877.95,2,4.463,2,34.399,2,0.276,2,88.8,2,1482.336,2,27.2666,2,36.71272306,2,-122.1866658,2
1396970835,04/08/2014 15:27:15,2,docr,877.95,2,4.463,2,34.399,2,0.276,2,88.8,2,1482.336,2,27.2666,2,36.71273,2,-122.186671,2
1396970850,04/08/2014 15:27:30,2,docr,877.95,2,4.46,2,34.4,2,0.276,2,88.83,2,1482.325,2,27.2677,2,36.71272846,2,-122.1866722,2
1396970865,04/08/2014 15:27:45,2,docr,877.95,2,4.46,2,34.4,2,0.277,2,88.84,2,1482.325,2,27.2677,2,36.71272793,2,-122.18667106,2
1396970880,04/08/2014 15:28:00,2,docr,877.95,2,4.46,2,34.4,2,0.277,2,88.8,2,1482.325,2,27.2677,2,36.7127298,2,-122.1866748,2
1396970895,04/08/2014 15:28:15,2,docr,877.95,2,4.46,2,34.4,2,0.277,2,88.74,2,1482.325,2,27.2677,2,36.71272806,2,-122.18667333,2
1396970910,04/08/2014 15:28:30,2,docr,877.95,2,4.46,2,34.4,2,0.275,2,88.78,2,1482.325,2,27.2677,2,36.712727,2,-122.186671,2
1396970925,04/08/2014 15:28:45,2,docr,877.95,2,4.46,2,34.399,2,0.274,2,88.81,2,1482.324,2,27.2669,2,36.71271953,2,-122.18667893,2
1396970940,04/08/2014 15:29:00,2,docr,877.95,2,4.461,2,34.398,2,0.277,2,88.81,2,1482.326,2,27.266,2,36.71271973,2,-122.18667666,2
1396970955,04/08/2014 15:29:15,2,docr,877.95,2,4.461,2,34.398,2,0.277,2,88.78,2,1482.326,2,27.266,2,36.71272,2,-122.186668,2
1396970970,04/08/2014 15:29:30,2,docr,877.95,2,4.461,2,34.399,2,0.275,2,88.8,2,1482.328,2,27.2668,2,36.7127268,2,-122.18667386,2
1396970985,04/08/2014 15:29:45,2,docr,877.95,2,4.46,2,34.399,2,0.277,2,88.71,2,1482.324,2,27.2669,2,36.71272486,2,-122.18666726,2
1396971000,04/08/2014 15:30:00,2,docr,877.95,2,4.46,2,34.4,2,0.276,2,88.77,2,1482.325,2,27.2677,2,36.712725,2,-122.186658,2
1396971015,04/08/2014 15:30:15,2,docr,877.95,2,4.459,2,34.4,2,0.275,2,88.78,2,1482.321,2,27.2678,2,36.71271913,2,-122.186664,2
1396971030,04/08/2014 15:30:30,2,docr,877.95,2,4.459,2,34.4,2,0.277,2,88.78,2,1482.321,2,27.2678,2,36.7127214,2,-122.18666613,2
1396971045,04/08/2014 15:30:45,2,docr,877.95,2,4.459,2,34.4,2,0.277,2,88.78,2,1482.321,2,27.2678,2,36.712727,2,-122.186668,2
1396971060,04/08/2014 15:31:00,2,docr,877.95,2,4.459,2,34.4,2,0.276,2,88.81,2,1482.321,2,27.2678,2,36.7127278,2,-122.18666613,2
1396971075,04/08/2014 15:31:15,2,docr,876.96,2,4.461,2,34.4,2,0.275,2,88.84,2,1482.313,2,27.2676,2,36.71272446,2,-122.18666373,2
1396971090,04/08/2014 15:31:30,2,docr,877.55,2,4.461,2,34.399,2,0.274,2,88.83,2,1482.321,2,27.2668,2,36.71271,2,-122.186652,2
1396971105,04/08/2014 15:31:45,2,docr,877.95,2,4.459,2,34.399,2,0.276,2,88.85,2,1482.319,2,27.267,2,36.71270926,2,-122.18665113,2
1396971120,04/08/2014 15:32:00,2,docr,877.95,2,4.459,2,34.399,2,0.277,2,88.81,2,1482.319,2,27.267,2,36.7127096,2,-122.1866502,2
1396971135,04/08/2014 15:32:15,2,docr,877.95,2,4.459,2,34.399,2,0.276,2,88.79,2,1482.319,2,27.267,2,36.71271106,2,-122.18664486,2
1396971150,04/08/2014 15:32:30,2,docr,877.95,2,4.458,2,34.399,2,0.276,2,88.82,2,1482.315,2,27.2671,2,36.7127102,2,-122.18664493,2
1396971165,04/08/2014 15:32:45,2,docr,877.16,2,4.459,2,34.399,2,0.277,2,88.81,2,1482.306,2,27.267,2,36.71271313,2,-122.18664606,2
1396971180,04/08/2014 15:33:00,2,docr,876.17,2,4.464,2,34.4,2,0.276,2,88.84,2,1482.312,2,27.2672,2,36.71272473,2,-122.1866328,2
1396971195,04/08/2014 15:33:15,2,docr,877.06,2,4.462,2,34.4,2,0.276,2,88.84,2,1482.318,2,27.2675,2,36.71271386,2,-122.18661406,2
1396971210,04/08/2014 15:33:30,2,docr,877.85,2,4.462,2,34.4,2,0.276,2,88.84,2,1482.332,2,27.2675,2,36.71270453,2,-122.18660273,2
1396971225,04/08/2014 15:33:45,2,docr,878.05,2,4.466,2,34.4,2,0.276,2,88.81,2,1482.351,2,27.267,2,36.7126826,2,-122.1866052,2
1396971240,04/08/2014 15:34:00,2,docr,877.65,2,4.465,2,34.399,2,0.275,2,88.79,2,1482.339,2,27.2663,2,36.71268226,2,-122.18660326,2
1396971255,04/08/2014 15:34:15,2,docr,876.76,2,4.467,2,34.399,2,0.275,2,88.84,2,1482.333,2,27.2661,2,36.712683,2,-122.186598,2
1396971270,04/08/2014 15:34:30,2,docr,877.16,2,4.464,2,34.398,2,0.274,2,88.64,2,1482.326,2,27.2657,2,36.7126978,2,-122.18661033,2
1396971285,04/08/2014 15:34:45,2,docr,877.16,2,4.466,2,34.398,2,0.275,2,86.32,2,1482.334,2,27.2654,2,36.71269426,2,-122.1866076,2
1396971300,04/08/2014 15:35:00,2,docr,877.45,2,4.466,2,34.398,2,0.277,2,87.18,2,1482.339,2,27.2654,2,36.712692,2,-122.186596,2
1396971315,04/08/2014 15:35:15,2,docr,877.26,2,4.471,2,34.398,2,0.275,2,88.63,2,1482.356,2,27.2649,2,36.71271386,2,-122.1866244,2
1396971330,04/08/2014 15:35:30,2,docr,876.47,2,4.48,2,34.397,2,0.273,2,88.79,2,1482.379,2,27.2631,2,36.71271166,2,-122.18663946,2
1396971345,04/08/2014 15:35:45,2,docr,876.47,2,4.477,2,34.398,2,0.271,2,88.87,2,1482.368,2,27.2643,2,36.71271,2,-122.186655,2
1396971360,04/08/2014 15:36:00,2,docr,876.37,2,4.469,2,34.399,2,0.274,2,88.5,2,1482.334,2,27.2659,2,36.71271253,2,-122.18665133,2
1396971375,04/08/2014 15:36:15,2,docr,876.47,2,4.463,2,34.4,2,0.274,2,87.99,2,1482.313,2,27.2673,2,36.712712,2,-122.18664813,2
1396971390,04/08/2014 15:36:30,2,docr,876.47,2,4.462,2,34.4,2,0.275,2,87.15,2,1482.308,2,27.2675,2,36.71271,2,-122.186648,2
1396971405,04/08/2014 15:36:45,2,docr,876.56,2,4.462,2,34.4,2,0.275,2,88.81,2,1482.31,2,27.2675,2,36.7127104,2,-122.18665266,2
1396971420,04/08/2014 15:37:00,2,docr,876.47,2,4.462,2,34.399,2,0.275,2,88.82,2,1482.307,2,27.2667,2,36.71271266,2,-122.18665233,2
1396971435,04/08/2014 15:37:15,2,docr,876.37,2,4.464,2,34.399,2,0.275,2,88.87,2,1482.314,2,27.2664,2,36.712712,2,-122.186658,2
1396971450,04/08/2014 15:37:30,2,docr,876.56,2,4.469,2,34.398,2,0.275,2,88.87,2,1482.336,2,27.2651,2,36.71270733,2,-122.18665973,2
1396971465,04/08/2014 15:37:45,2,docr,876.66,2,4.469,2,34.398,2,0.276,2,88.86,2,1482.338,2,27.2651,2,36.7126968,2,-122.1866578,2
1396971480,04/08/2014 15:38:00,2,docr,877.26,2,4.466,2,34.399,2,0.276,2,88.83,2,1482.337,2,27.2662,2,36.71266573,2,-122.18663373,2
1396971495,04/08/2014 15:38:15,2,docr,877.75,2,4.465,2,34.399,2,0.275,2,88.87,2,1482.341,2,27.2663,2,36.7126648,2,-122.18662633,2
1396971510,04/08/2014 15:38:30,2,docr,878.15,2,4.467,2,34.4,2,0.276,2,88.81,2,1482.357,2,27.2669,2,36.71266366,2,-122.186621,2
1396971525,04/08/2014 15:38:45,2,docr,878.15,2,4.469,2,34.4,2,0.275,2,88.82,2,1482.365,2,27.2667,2,36.7126614,2,-122.18662313,2
1396971540,04/08/2014 15:39:00,2,docr,878.05,2,4.467,2,34.401,2,0.277,2,88.82,2,1482.357,2,27.2677,2,36.712664,2,-122.18662073,2
1396971555,04/08/2014 15:39:15,2,docr,878.15,2,4.466,2,34.401,2,0.276,2,88.81,2,1482.354,2,27.2678,2,36.71266613,2,-122.18661913,2
1396971570,04/08/2014 15:39:30,2,docr,878.15,2,4.467,2,34.4,2,0.276,2,88.82,2,1482.357,2,27.2669,2,36.712667,2,-122.1866178,2
1396971585,04/08/2014 15:39:45,2,docr,878.15,2,4.47,2,34.401,2,0.276,2,88.81,2,1482.371,2,27.2674,2,36.71266673,2,-122.1866182,2
1396971600,04/08/2014 15:40:00,2,docr,878.05,2,4.47,2,34.4,2,0.276,2,88.85,2,1482.368,2,27.2666,2,36.712666,2,-122.186617,2
1396971615,04/08/2014 15:40:15,2,docr,878.15,2,4.475,2,34.4,2,0.276,2,88.85,2,1482.39,2,27.2661,2,36.7126646,2,-122.18662186,2
1396971630,04/08/2014 15:40:30,2,docr,878.15,2,4.473,2,34.398,2,0.276,2,88.83,2,1482.379,2,27.2647,2,36.71266713,2,-122.18662006,2
1396971645,04/08/2014 15:40:45,2,docr,878.15,2,4.466,2,34.399,2,0.275,2,88.82,2,1482.352,2,27.2663,2,36.712667,2,-122.186613,2
1396971660,04/08/2014 15:41:00,2,docr,878.15,2,4.459,2,34.399,2,0.276,2,88.82,2,1482.323,2,27.267,2,36.71267393,2,-122.18662166,2
1396971675,04/08/2014 15:41:15,2,docr,878.15,2,4.464,2,34.4,2,0.277,2,88.83,2,1482.345,2,27.2673,2,36.7126718,2,-122.18661993,2
1396971690,04/08/2014 15:41:30,2,docr,878.15,2,4.481,2,34.399,2,0.276,2,88.83,2,1482.414,2,27.2646,2,36.712667,2,-122.186612,2
1396971705,04/08/2014 15:41:45,2,docr,878.15,2,4.473,2,34.399,2,0.278,2,88.85,2,1482.381,2,27.2655,2,36.7126656,2,-122.18661793,2
1396971720,04/08/2014 15:42:00,2,docr,878.15,2,4.474,2,34.401,2,0.276,2,88.83,2,1482.387,2,27.267,2,36.71266613,2,-122.1866178,2
1396971735,04/08/2014 15:42:15,2,docr,878.15,2,4.473,2,34.4,2,0.277,2,88.79,2,1482.382,2,27.2663,2,36.712664,2,-122.186615,2
1396971750,04/08/2014 15:42:30,2,docr,878.15,2,4.471,2,34.4,2,0.276,2,88.83,2,1482.374,2,27.2665,2,36.71266053,2,-122.1866166,2
1396971765,04/08/2014 15:42:45,2,docr,878.05,2,4.46,2,34.4,2,0.276,2,88.82,2,1482.327,2,27.2677,2,36.71266206,2,-122.18661906,2
1396971780,04/08/2014 15:43:00,2,docr,878.15,2,4.471,2,34.396,2,0.276,2,88.82,2,1482.369,2,27.2633,2,36.712667,2,-122.186626,2
1396971795,04/08/2014 15:43:15,2,docr,878.15,2,4.46,2,34.4,2,0.276,2,88.83,2,1482.328,2,27.2677,2,36.7126604,2,-122.18662373,2
1396971810,04/08/2014 15:43:30,2,docr,878.15,2,4.475,2,34.401,2,0.277,2,88.81,2,1482.391,2,27.2669,2,36.7126602,2,-122.18662253,2
1396971825,04/08/2014 15:43:45,2,docr,878.15,2,4.483,2,34.399,2,0.276,2,88.86,2,1482.422,2,27.2644,2,36.712669,2,-122.186624,2
1396971840,04/08/2014 15:44:00,2,docr,878.05,2,4.469,2,34.399,2,0.275,2,88.83,2,1482.362,2,27.2659,2,36.7126646,2,-122.18661946,2
1396971855,04/08/2014 15:44:15,2,docr,878.05,2,4.46,2,34.399,2,0.276,2,88.81,2,1482.325,2,27.2669,2,36.7126636,2,-122.18661553,2
1396971870,04/08/2014 15:44:30,2,docr,878.15,2,4.457,2,34.4,2,0.278,2,88.81,2,1482.316,2,27.268,2,36.71267313,2,-122.1866126,2
1396971885,04/08/2014 15:44:45,2,docr,878.15,2,4.46,2,34.399,2,0.276,2,88.8,2,1482.327,2,27.2669,2,36.71267006,2,-122.18661466,2
1396971900,04/08/2014 15:45:00,2,docr,878.15,2,4.46,2,34.401,2,0.276,2,88.81,2,1482.33,2,27.2685,2,36.71266846,2,-122.1866172,2
1396971915,04/08/2014 15:45:15,2,docr,878.15,2,4.459,2,34.401,2,0.276,2,88.82,2,1482.325,2,27.2686,2,36.7126684,2,-122.1866186,2
1396971930,04/08/2014 15:45:30,2,docr,878.05,2,4.466,2,34.4,2,0.276,2,88.85,2,1482.351,2,27.267,2,36.712669,2,-122.18661706,2
1396971945,04/08/2014 15:45:45,2,docr,878.15,2,4.465,2,34.4,2,0.275,2,88.83,2,1482.349,2,27.2672,2,36.712671,2,-122.186618,2
1396971960,04/08/2014 15:46:00,2,docr,878.05,2,4.46,2,34.399,2,0.278,2,88.85,2,1482.325,2,27.2669,2,36.71266933,2,-122.1866198,2
1396971975,04/08/2014 15:46:15,2,docr,878.15,2,4.465,2,34.399,2,0.276,2,88.85,2,1482.348,2,27.2664,2,36.71266793,2,-122.1866198,2
1396971990,04/08/2014 15:46:30,2,docr,878.15,2,4.461,2,34.398,2,0.277,2,88.81,2,1482.33,2,27.266,2,36.712664,2,-122.186618,2
1396972005,04/08/2014 15:46:45,2,docr,878.15,2,4.463,2,34.399,2,0.277,2,88.82,2,1482.339,2,27.2666,2,36.71266273,2,-122.18661946,2
1396972020,04/08/2014 15:47:00,2,docr,878.15,2,4.459,2,34.401,2,0.277,2,88.83,2,1482.325,2,27.2686,2,36.71266273,2,-122.1866226,2
1396972035,04/08/2014 15:47:15,2,docr,878.15,2,4.459,2,34.4,2,0.277,2,88.84,2,1482.324,2,27.2678,2,36.712667,2,-122.186627,2
1396972050,04/08/2014 15:47:30,2,docr,878.15,2,4.462,2,34.401,2,0.276,2,88.84,2,1482.338,2,27.2683,2,36.712665,2,-122.18662313,2
1396972065,04/08/2014 15:47:45,2,docr,878.05,2,4.458,2,34.399,2,0.277,2,88.82,2,1482.317,2,27.2671,2,36.71266546,2,-122.18662153,2
1396972080,04/08/2014 15:48:00,2,docr,878.15,2,4.459,2,34.401,2,0.277,2,88.81,2,1482.325,2,27.2686,2,36.712667,2,-122.186617,2
1396972095,04/08/2014 15:48:15,2,docr,878.15,2,4.458,2,34.4,2,0.277,2,88.83,2,1482.32,2,27.2679,2,36.71267413,2,-122.186617,2
1396972110,04/08/2014 15:48:30,2,docr,878.05,2,4.459,2,34.4,2,0.277,2,88.86,2,1482.322,2,27.2678,2,36.71267646,2,-122.186616,2
1396972125,04/08/2014 15:48:45,2,docr,878.05,2,4.458,2,34.4,2,0.277,2,88.8,2,1482.318,2,27.2679,2,36.712677,2,-122.186621,2
1396972140,04/08/2014 15:49:00,2,docr,878.05,2,4.457,2,34.4,2,0.278,2,88.78,2,1482.314,2,27.268,2,36.7126722,2,-122.1866214,2
1396972155,04/08/2014 15:49:15,2,docr,878.05,2,4.456,2,34.399,2,0.277,2,88.81,2,1482.309,2,27.2673,2,36.7126714,2,-122.18661953,2
1396972170,04/08/2014 15:49:30,2,docr,878.05,2,4.456,2,34.399,2,0.276,2,88.8,2,1482.309,2,27.2673,2,36.7126758,2,-122.186611,2
1396972185,04/08/2014 15:49:45,2,docr,878.05,2,4.457,2,34.401,2,0.277,2,88.81,2,1482.315,2,27.2688,2,36.71267626,2,-122.1866226,2
1396972200,04/08/2014 15:50:00,2,docr,878.05,2,4.462,2,34.399,2,0.278,2,88.84,2,1482.334,2,27.2667,2,36.7126786,2,-122.18662886,2
1396972215,04/08/2014 15:50:15,2,docr,878.05,2,4.461,2,34.401,2,0.277,2,88.82,2,1482.332,2,27.2684,2,36.7126704,2,-122.18661813,2
1396972230,04/08/2014 15:50:30,2,docr,878.05,2,4.461,2,34.4,2,0.275,2,88.84,2,1482.331,2,27.2676,2,36.71267266,2,-122.18661806,2
1396972245,04/08/2014 15:50:45,2,docr,877.95,2,4.459,2,34.401,2,0.275,2,88.85,2,1482.322,2,27.2686,2,36.71267346,2,-122.1866194,2
1396972260,04/08/2014 15:51:00,2,docr,877.45,2,4.457,2,34.4,2,0.275,2,88.62,2,1482.304,2,27.268,2,36.7126766,2,-122.1866302,2
1396972275,04/08/2014 15:51:15,2,docr,876.66,2,4.459,2,34.4,2,0.276,2,87.93,2,1482.299,2,27.2678,2,36.71268173,2,-122.18664306,2
1396972290,04/08/2014 15:51:30,2,docr,876.76,2,4.461,2,34.4,2,0.276,2,88.58,2,1482.309,2,27.2676,2,36.712686,2,-122.186654,2
1396972305,04/08/2014 15:51:45,2,docr,875.97,2,4.465,2,34.399,2,0.275,2,88.57,2,1482.311,2,27.2663,2,36.7126674,2,-122.18669426,2
1396972320,04/08/2014 15:52:00,2,docr,876.17,2,4.468,2,34.398,2,0.275,2,87.79,2,1482.326,2,27.2652,2,36.71264633,2,-122.1867216,2
1396972335,04/08/2014 15:52:15,2,docr,876.56,2,4.468,2,34.398,2,0.275,2,87.75,2,1482.332,2,27.2652,2,36.712619,2,-122.18675,2
1396972350,04/08/2014 15:52:30,2,docr,876.76,2,4.463,2,34.399,2,0.275,2,88.7,2,1482.316,2,27.2666,2,36.71260646,2,-122.18679653,2
1396972365,04/08/2014 15:52:45,2,docr,876.96,2,4.464,2,34.398,2,0.276,2,88.66,2,1482.322,2,27.2657,2,36.71259173,2,-122.18680933,2
1396972380,04/08/2014 15:53:00,2,docr,877.16,2,4.458,2,34.4,2,0.278,2,88.49,2,1482.303,2,27.2679,2,36.712544,2,-122.186836,2
1396972395,04/08/2014 15:53:15,2,docr,877.45,2,4.459,2,34.4,2,0.276,2,87.85,2,1482.313,2,27.2678,2,36.71247486,2,-122.18685193,2
1396972410,04/08/2014 15:53:30,2,docr,877.45,2,4.461,2,34.4,2,0.275,2,88.76,2,1482.321,2,27.2676,2,36.71246513,2,-122.18685186,2
1396972425,04/08/2014 15:53:45,2,docr,877.45,2,4.466,2,34.4,2,0.276,2,88.86,2,1482.341,2,27.267,2,36.712477,2,-122.186848,2
1396972440,04/08/2014 15:54:00,2,docr,877.36,2,4.461,2,34.399,2,0.274,2,88.87,2,1482.318,2,27.2668,2,36.71249473,2,-122.18681666,2
1396972455,04/08/2014 15:54:15,2,docr,877.06,2,4.456,2,34.401,2,0.277,2,88.86,2,1482.295,2,27.2689,2,36.71249913,2,-122.1867988,2
1396972470,04/08/2014 15:54:30,2,docr,876.76,2,4.453,2,34.4,2,0.277,2,88.82,2,1482.276,2,27.2684,2,36.712509,2,-122.186773,2
1396972485,04/08/2014 15:54:45,2,docr,876.86,2,4.459,2,34.399,2,0.278,2,88.84,2,1482.301,2,27.267,2,36.71249153,2,-122.18676986,2
1396972500,04/08/2014 15:55:00,2,docr,876.37,2,4.464,2,34.399,2,0.277,2,88.83,2,1482.314,2,27.2664,2,36.712483,2,-122.1867668,2
1396972515,04/08/2014 15:55:15,2,docr,875.48,2,4.487,2,34.396,2,0.272,2,88.89,2,1482.39,2,27.2616,2,36.712483,2,-122.186762,2
1396972530,04/08/2014 15:55:30,2,docr,875.97,2,4.483,2,34.397,2,0.27,2,88.89,2,1482.383,2,27.2628,2,36.7125142,2,-122.18677506,2
1396972545,04/08/2014 15:55:45,2,docr,877.06,2,4.47,2,34.398,2,0.273,2,88.83,2,1482.349,2,27.265,2,36.71251993,2,-122.18677646,2
1396972560,04/08/2014 15:56:00,2,docr,878.25,2,4.451,2,34.4,2,0.277,2,88.83,2,1482.293,2,27.2687,2,36.712487,2,-122.1867496,2
1396972575,04/08/2014 15:56:15,2,docr,879.04,2,4.451,2,34.401,2,0.277,2,88.82,2,1482.307,2,27.2695,2,36.71249746,2,-122.18675166,2
1396972590,04/08/2014 15:56:30,2,docr,879.13,2,4.451,2,34.401,2,0.278,2,88.83,2,1482.309,2,27.2695,2,36.7125068,2,-122.18675133,2
1396972605,04/08/2014 15:56:45,2,docr,879.13,2,4.45,2,34.401,2,0.278,2,88.82,2,1482.305,2,27.2696,2,36.7124956,2,-122.1867566,2
1396972620,04/08/2014 15:57:00,2,docr,879.13,2,4.448,2,34.401,2,0.277,2,88.81,2,1482.296,2,27.2698,2,36.7124918,2,-122.18675653,2
1396972635,04/08/2014 15:57:15,2,docr,879.13,2,4.449,2,34.401,2,0.278,2,88.79,2,1482.301,2,27.2697,2,36.712482,2,-122.186752,2
1396972650,04/08/2014 15:57:30,2,docr,879.13,2,4.448,2,34.401,2,0.278,2,88.79,2,1482.296,2,27.2698,2,36.7124992,2,-122.18676113,2
1396972665,04/08/2014 15:57:45,2,docr,879.13,2,4.448,2,34.4,2,0.278,2,88.82,2,1482.295,2,27.269,2,36.71249606,2,-122.186763,2
1396972680,04/08/2014 15:58:00,2,docr,879.13,2,4.45,2,34.399,2,0.279,2,88.81,2,1482.302,2,27.268,2,36.712483,2,-122.186761,2
1396972695,04/08/2014 15:58:15,2,docr,879.13,2,4.45,2,34.4,2,0.277,2,88.8,2,1482.303,2,27.2688,2,36.7124886,2,-122.1867622,2
1396972710,04/08/2014 15:58:30,2,docr,879.13,2,4.45,2,34.4,2,0.279,2,88.82,2,1482.303,2,27.2688,2,36.71249393,2,-122.186761,2
1396972725,04/08/2014 15:58:45,2,docr,879.13,2,4.448,2,34.401,2,0.276,2,88.81,2,1482.296,2,27.2698,2,36.712492,2,-122.186753,2
1396972740,04/08/2014 15:59:00,2,docr,879.13,2,4.448,2,34.4,2,0.278,2,88.75,2,1482.295,2,27.269,2,36.7124878,2,-122.18676206,2
1396972755,04/08/2014 15:59:15,2,docr,879.13,2,4.447,2,34.402,2,0.279,2,88.77,2,1482.294,2,27.2707,2,36.7124924,2,-122.18676273,2
1396972770,04/08/2014 15:59:30,2,docr,879.13,2,4.448,2,34.402,2,0.278,2,88.81,2,1482.298,2,27.2706,2,36.712483,2,-122.186753,2
1396972785,04/08/2014 15:59:45,2,docr,879.13,2,4.449,2,34.401,2,0.278,2,88.8,2,1482.301,2,27.2697,2,36.7124898,2,-122.1867578,2
1396972800,04/08/2014 16:00:00,2,docr,879.13,2,4.449,2,34.401,2,0.277,2,88.79,2,1482.301,2,27.2697,2,36.71249286,2,-122.18675873,2
1396972815,04/08/2014 16:00:15,2,docr,879.13,2,4.451,2,34.401,2,0.279,2,88.79,2,1482.309,2,27.2695,2,36.712488,2,-122.186759,2
1396972830,04/08/2014 16:00:30,2,docr,879.13,2,4.451,2,34.4,2,0.278,2,88.77,2,1482.308,2,27.2687,2,36.71249246,2,-122.1867616,2
1396972845,04/08/2014 16:00:45,2,docr,879.13,2,4.448,2,34.4,2,0.277,2,88.81,2,1482.295,2,27.269,2,36.71249473,2,-122.18676446,2
1396972860,04/08/2014 16:01:00,2,docr,879.13,2,4.449,2,34.399,2,0.279,2,88.78,2,1482.298,2,27.2681,2,36.71249493,2,-122.18676073,2
1396972875,04/08/2014 16:01:15,2,docr,879.13,2,4.447,2,34.4,2,0.278,2,88.79,2,1482.291,2,27.2691,2,36.71249073,2,-122.18676026,2
1396972890,04/08/2014 16:01:30,2,docr,879.13,2,4.447,2,34.4,2,0.278,2,88.77,2,1482.291,2,27.2691,2,36.71248766,2,-122.18675953,2
1396972905,04/08/2014 16:01:45,2,docr,879.13,2,4.446,2,34.401,2,0.28,2,88.8,2,1482.288,2,27.27,2,36.71248693,2,-122.18674913,2
1396972920,04/08/2014 16:02:00,2,docr,879.13,2,4.446,2,34.401,2,0.277,2,88.79,2,1482.288,2,27.27,2,36.7124954,2,-122.1867518,2
1396972935,04/08/2014 16:02:15,2,docr,879.13,2,4.446,2,34.401,2,0.278,2,88.77,2,1482.288,2,27.27,2,36.71250173,2,-122.18675413,2
1396972950,04/08/2014 16:02:30,2,docr,879.13,2,4.447,2,34.401,2,0.28,2,88.78,2,1482.292,2,27.2699,2,36.7124894,2,-122.1867608,2
1396972965,04/08/2014 16:02:45,2,docr,879.13,2,4.448,2,34.401,2,0.278,2,88.83,2,1482.296,2,27.2698,2,36.712495,2,-122.18675613,2
1396972980,04/08/2014 16:03:00,2,docr,879.13,2,4.446,2,34.402,2,0.278,2,88.8,2,1482.289,2,27.2708,2,36.712504,2,-122.186751,2
1396972995,04/08/2014 16:03:15,2,docr,879.13,2,4.451,2,34.399,2,0.279,2,88.81,2,1482.306,2,27.2679,2,36.7124876,2,-122.18675746,2
1396973010,04/08/2014 16:03:30,2,docr,879.13,2,4.447,2,34.4,2,0.279,2,88.81,2,1482.291,2,27.2691,2,36.71248893,2,-122.18675373,2
1396973025,04/08/2014 16:03:45,2,docr,879.13,2,4.452,2,34.401,2,0.278,2,88.82,2,1482.313,2,27.2694,2,36.71249,2,-122.186754,2
1396973040,04/08/2014 16:04:00,2,docr,879.13,2,4.458,2,34.4,2,0.277,2,88.81,2,1482.337,2,27.2679,2,36.7124944,2,-122.18674946,2
1396973055,04/08/2014 16:04:15,2,docr,879.13,2,4.459,2,34.4,2,0.278,2,88.83,2,1482.341,2,27.2678,2,36.7124994,2,-122.1867478,2
1396973070,04/08/2014 16:04:30,2,docr,879.13,2,4.467,2,34.4,2,0.278,2,88.81,2,1482.374,2,27.2669,2,36.71251,2,-122.186752,2
1396973085,04/08/2014 16:04:45,2,docr,879.13,2,4.466,2,34.402,2,0.278,2,88.78,2,1482.372,2,27.2686,2,36.71250066,2,-122.18675813,2
1396973100,04/08/2014 16:05:00,2,docr,879.13,2,4.466,2,34.399,2,0.278,2,88.78,2,1482.368,2,27.2663,2,36.712498,2,-122.18675873,2
1396973115,04/08/2014 16:05:15,2,docr,879.13,2,4.451,2,34.402,2,0.278,2,88.79,2,1482.31,2,27.2702,2,36.7125,2,-122.186755,2
1396973130,04/08/2014 16:05:30,2,docr,879.13,2,4.461,2,34.401,2,0.278,2,88.8,2,1482.35,2,27.2684,2,36.71249773,2,-122.18675086,2
1396973145,04/08/2014 16:05:45,2,docr,879.13,2,4.461,2,34.401,2,0.278,2,88.76,2,1482.35,2,27.2684,2,36.71249766,2,-122.18674986,2
1396973160,04/08/2014 16:06:00,2,docr,879.13,2,4.46,2,34.4,2,0.28,2,88.78,2,1482.345,2,27.2677,2,36.712503,2,-122.186742,2
1396973175,04/08/2014 16:06:15,2,docr,879.13,2,4.462,2,34.401,2,0.278,2,88.81,2,1482.354,2,27.2683,2,36.7124988,2,-122.18674786,2
1396973190,04/08/2014 16:06:30,2,docr,879.13,2,4.461,2,34.401,2,0.278,2,88.79,2,1482.35,2,27.2684,2,36.71249146,2,-122.18674633,2
1396973205,04/08/2014 16:06:45,2,docr,879.13,2,4.46,2,34.399,2,0.28,2,88.81,2,1482.343,2,27.2669,2,36.71249,2,-122.186753,2
1396973220,04/08/2014 16:07:00,2,docr,879.13,2,4.461,2,34.401,2,0.279,2,88.82,2,1482.35,2,27.2684,2,36.71249293,2,-122.1867528,2
1396973235,04/08/2014 16:07:15,2,docr,879.13,2,4.46,2,34.401,2,0.278,2,88.81,2,1482.346,2,27.2685,2,36.7124944,2,-122.1867534,2
1396973250,04/08/2014 16:07:30,2,docr,879.13,2,4.463,2,34.401,2,0.278,2,88.82,2,1482.358,2,27.2682,2,36.71248566,2,-122.18675006,2
1396973265,04/08/2014 16:07:45,2,docr,879.13,2,4.46,2,34.401,2,0.279,2,88.83,2,1482.346,2,27.2685,2,36.71249186,2,-122.18675066,2
1396973280,04/08/2014 16:08:00,2,docr,879.13,2,4.458,2,34.402,2,0.278,2,88.81,2,1482.339,2,27.2695,2,36.7124968,2,-122.18674693,2
1396973295,04/08/2014 16:08:15,2,docr,879.13,2,4.458,2,34.402,2,0.278,2,88.81,2,1482.339,2,27.2695,2,36.7125074,2,-122.1867444,2
1396973310,04/08/2014 16:08:30,2,docr,879.13,2,4.46,2,34.4,2,0.278,2,88.82,2,1482.345,2,27.2677,2,36.71249833,2,-122.18674693,2
1396973325,04/08/2014 16:08:45,2,docr,879.13,2,4.461,2,34.4,2,0.278,2,88.81,2,1482.349,2,27.2676,2,36.712487,2,-122.18675,2
1396973340,04/08/2014 16:09:00,2,docr,879.13,2,4.457,2,34.402,2,0.28,2,88.79,2,1482.335,2,27.2696,2,36.71250506,2,-122.18674826,2
1396973355,04/08/2014 16:09:15,2,docr,879.13,2,4.461,2,34.399,2,0.279,2,88.81,2,1482.348,2,27.2668,2,36.71249993,2,-122.18674566,2
1396973370,04/08/2014 16:09:30,2,docr,879.13,2,4.461,2,34.4,2,0.28,2,88.79,2,1482.349,2,27.2676,2,36.7125,2,-122.186744,2
1396973385,04/08/2014 16:09:45,2,docr,879.13,2,4.46,2,34.401,2,0.278,2,88.78,2,1482.346,2,27.2685,2,36.71249326,2,-122.1867518,2
1396973400,04/08/2014 16:10:00,2,docr,879.13,2,4.46,2,34.4,2,0.279,2,88.79,2,1482.345,2,27.2677,2,36.712493,2,-122.1867512,2
1396973415,04/08/2014 16:10:15,2,docr,879.13,2,4.458,2,34.4,2,0.278,2,88.83,2,1482.337,2,27.2679,2,36.712486,2,-122.186748,2
1396973430,04/08/2014 16:10:30,2,docr,879.13,2,4.46,2,34.401,2,0.278,2,88.8,2,1482.346,2,27.2685,2,36.71249706,2,-122.18675373,2
1396973445,04/08/2014 16:10:45,2,docr,879.13,2,4.457,2,34.402,2,0.279,2,88.8,2,1482.335,2,27.2696,2,36.71249593,2,-122.18675406,2
1396973460,04/08/2014 16:11:00,2,docr,879.13,2,4.453,2,34.403,2,0.279,2,88.77,2,1482.32,2,27.2708,2,36.712481,2,-122.186753,2
1396973475,04/08/2014 16:11:15,2,docr,879.13,2,4.456,2,34.403,2,0.279,2,88.79,2,1482.332,2,27.2705,2,36.71249193,2,-122.18675486,2
1396973490,04/08/2014 16:11:30,2,docr,879.13,2,4.459,2,34.401,2,0.28,2,88.8,2,1482.342,2,27.2686,2,36.71249146,2,-122.18675753,2
1396973505,04/08/2014 16:11:45,2,docr,879.13,2,4.458,2,34.401,2,0.278,2,88.81,2,1482.338,2,27.2687,2,36.712483,2,-122.18676,2
1396973520,04/08/2014 16:12:00,2,docr,879.13,2,4.46,2,34.4,2,0.279,2,88.8,2,1482.345,2,27.2677,2,36.71249153,2,-122.18675913,2
1396973535,04/08/2014 16:12:15,2,docr,879.13,2,4.458,2,34.4,2,0.28,2,88.79,2,1482.337,2,27.2679,2,36.71249566,2,-122.18675766,2
1396973550,04/08/2014 16:12:30,2,docr,879.13,2,4.456,2,34.4,2,0.28,2,88.76,2,1482.328,2,27.2681,2,36.7124934,2,-122.18674833,2
1396973565,04/08/2014 16:12:45,2,docr,879.13,2,4.456,2,34.401,2,0.279,2,88.81,2,1482.33,2,27.2689,2,36.71249326,2,-122.18675493,2
1396973580,04/08/2014 16:13:00,2,docr,879.13,2,4.457,2,34.401,2,0.279,2,88.8,2,1482.334,2,27.2688,2,36.71249366,2,-122.1867606,2
1396973595,04/08/2014 16:13:15,2,docr,879.13,2,4.457,2,34.401,2,0.279,2,88.78,2,1482.334,2,27.2688,2,36.71248973,2,-122.18675,2
1396973610,04/08/2014 16:13:30,2,docr,879.13,2,4.46,2,34.4,2,0.28,2,88.77,2,1482.345,2,27.2677,2,36.71249533,2,-122.18675186,2
1396973625,04/08/2014 16:13:45,2,docr,879.13,2,4.457,2,34.403,2,0.278,2,88.8,2,1482.336,2,27.2704,2,36.71249846,2,-122.18675246,2
1396973640,04/08/2014 16:14:00,2,docr,879.13,2,4.458,2,34.403,2,0.278,2,88.79,2,1482.34,2,27.2703,2,36.7125014,2,-122.18676313,2
1396973655,04/08/2014 16:14:15,2,docr,879.13,2,4.458,2,34.403,2,0.278,2,88.79,2,1482.34,2,27.2703,2,36.71249566,2,-122.18675553,2
1396973670,04/08/2014 16:14:30,2,docr,879.13,2,4.461,2,34.4,2,0.278,2,88.76,2,1482.349,2,27.2676,2,36.712487,2,-122.186748,2
1396973685,04/08/2014 16:14:45,2,docr,879.13,2,4.463,2,34.401,2,0.279,2,88.8,2,1482.358,2,27.2682,2,36.71248913,2,-122.18675913,2
1396973700,04/08/2014 16:15:00,2,docr,879.13,2,4.461,2,34.4,2,0.279,2,88.79,2,1482.349,2,27.2676,2,36.71249666,2,-122.18675513,2
1396973715,04/08/2014 16:15:15,2,docr,879.13,2,4.464,2,34.4,2,0.278,2,88.82,2,1482.361,2,27.2673,2,36.712508,2,-122.186747,2
1396973730,04/08/2014 16:15:30,2,docr,879.13,2,4.459,2,34.401,2,0.279,2,88.81,2,1482.342,2,27.2686,2,36.7124972,2,-122.18675726,2
1396973745,04/08/2014 16:15:45,2,docr,879.13,2,4.454,2,34.402,2,0.278,2,88.72,2,1482.323,2,27.2699,2,36.71249226,2,-122.18675626,2
1396973760,04/08/2014 16:16:00,2,docr,879.13,2,4.446,2,34.4,2,0.279,2,88.77,2,1482.287,2,27.2692,2,36.712484,2,-122.186751,2
1396973775,04/08/2014 16:16:15,2,docr,879.13,2,4.445,2,34.401,2,0.28,2,88.81,2,1482.284,2,27.2701,2,36.71248573,2,-122.18675646,2
1396973790,04/08/2014 16:16:30,2,docr,879.13,2,4.445,2,34.401,2,0.279,2,88.78,2,1482.284,2,27.2701,2,36.71249173,2,-122.18675726,2
1396973805,04/08/2014 16:16:45,2,docr,879.13,2,4.442,2,34.403,2,0.279,2,88.72,2,1482.274,2,27.272,2,36.712506,2,-122.186759,2
1396973820,04/08/2014 16:17:00,2,docr,879.13,2,4.44,2,34.402,2,0.278,2,87.66,2,1482.265,2,27.2714,2,36.71250413,2,-122.18675486,2
1396973835,04/08/2014 16:17:15,2,docr,879.13,2,4.44,2,34.402,2,0.279,2,88.63,2,1482.265,2,27.2714,2,36.71249906,2,-122.18675426,2
1396973850,04/08/2014 16:17:30,2,docr,879.13,2,4.455,2,34.402,2,0.278,2,88.73,2,1482.327,2,27.2698,2,36.712495,2,-122.186757,2
1396973865,04/08/2014 16:17:45,2,docr,879.13,2,4.445,2,34.402,2,0.279,2,88.74,2,1482.285,2,27.2709,2,36.7124984,2,-122.18676253,2
1396973880,04/08/2014 16:18:00,2,docr,879.13,2,4.446,2,34.401,2,0.279,2,88.8,2,1482.288,2,27.27,2,36.7124962,2,-122.1867658,2
1396973895,04/08/2014 16:18:15,2,docr,879.13,2,4.457,2,34.4,2,0.278,2,88.79,2,1482.332,2,27.268,2,36.71247726,2,-122.1867678,2
1396973910,04/08/2014 16:18:30,2,docr,879.13,2,4.455,2,34.399,2,0.279,2,88.8,2,1482.323,2,27.2674,2,36.71248873,2,-122.18676773,2
1396973925,04/08/2014 16:18:45,2,docr,879.13,2,4.446,2,34.401,2,0.278,2,88.76,2,1482.288,2,27.27,2,36.71249,2,-122.18677033,2
1396973940,04/08/2014 16:19:00,2,docr,879.13,2,4.456,2,34.402,2,0.279,2,88.77,2,1482.331,2,27.2697,2,36.71248213,2,-122.18676446,2
1396973955,04/08/2014 16:19:15,2,docr,879.13,2,4.454,2,34.401,2,0.28,2,88.75,2,1482.321,2,27.2691,2,36.7124934,2,-122.186766,2
1396973970,04/08/2014 16:19:30,2,docr,879.13,2,4.456,2,34.402,2,0.28,2,88.81,2,1482.331,2,27.2697,2,36.71249793,2,-122.18676913,2
1396973985,04/08/2014 16:19:45,2,docr,879.13,2,4.456,2,34.401,2,0.278,2,88.76,2,1482.33,2,27.2689,2,36.7124866,2,-122.1867612,2
1396974000,04/08/2014 16:20:00,2,docr,879.13,2,4.448,2,34.402,2,0.28,2,88.73,2,1482.298,2,27.2706,2,36.71248466,2,-122.18675906,2
1396974015,04/08/2014 16:20:15,2,docr,879.13,2,4.449,2,34.401,2,0.278,2,88.82,2,1482.301,2,27.2697,2,36.712483,2,-122.186755,2
1396974030,04/08/2014 16:20:30,2,docr,879.13,2,4.443,2,34.401,2,0.279,2,88.8,2,1482.276,2,27.2703,2,36.71249086,2,-122.186762,2
1396974045,04/08/2014 16:20:45,2,docr,879.13,2,4.442,2,34.401,2,0.28,2,88.79,2,1482.272,2,27.2704,2,36.71248966,2,-122.18675793,2
1396974060,04/08/2014 16:21:00,2,docr,879.13,2,4.449,2,34.402,2,0.279,2,88.81,2,1482.302,2,27.2705,2,36.712487,2,-122.186751,2
1396974075,04/08/2014 16:21:15,2,docr,879.13,2,4.452,2,34.398,2,0.278,2,88.8,2,1482.309,2,27.267,2,36.71249086,2,-122.1867666,2
1396974090,04/08/2014 16:21:30,2,docr,879.13,2,4.448,2,34.402,2,0.279,2,88.81,2,1482.298,2,27.2706,2,36.71249113,2,-122.1867622,2
1396974105,04/08/2014 16:21:45,2,docr,879.13,2,4.446,2,34.401,2,0.279,2,88.8,2,1482.288,2,27.27,2,36.712489,2,-122.186751,2
1396974120,04/08/2014 16:22:00,2,docr,879.04,2,4.448,2,34.399,2,0.279,2,88.78,2,1482.292,2,27.2682,2,36.71249886,2,-122.18675833,2
1396974135,04/08/2014 16:22:15,2,docr,879.04,2,4.447,2,34.403,2,0.279,2,88.8,2,1482.293,2,27.2715,2,36.7125008,2,-122.18675853,2
1396974150,04/08/2014 16:22:30,2,docr,879.04,2,4.443,2,34.402,2,0.278,2,88.43,2,1482.275,2,27.2711,2,36.7125,2,-122.186752,2
1396974165,04/08/2014 16:22:45,2,docr,879.04,2,4.449,2,34.402,2,0.28,2,88.82,2,1482.3,2,27.2705,2,36.71250026,2,-122.186756,2
1396974180,04/08/2014 16:23:00,2,docr,879.04,2,4.449,2,34.4,2,0.279,2,88.81,2,1482.298,2,27.2689,2,36.71249993,2,-122.1867582,2
1396974195,04/08/2014 16:23:15,2,docr,879.04,2,4.447,2,34.402,2,0.28,2,88.53,2,1482.292,2,27.2707,2,36.712497,2,-122.186767,2
1396974210,04/08/2014 16:23:30,2,docr,879.04,2,4.444,2,34.401,2,0.279,2,88.8,2,1482.278,2,27.2702,2,36.7125014,2,-122.18676346,2
1396974225,04/08/2014 16:23:45,2,docr,879.04,2,4.455,2,34.4,2,0.28,2,88.8,2,1482.322,2,27.2682,2,36.71250186,2,-122.1867596,2
1396974240,04/08/2014 16:24:00,2,docr,879.04,2,4.455,2,34.4,2,0.279,2,88.83,2,1482.322,2,27.2682,2,36.712504,2,-122.186756,2
1396974255,04/08/2014 16:24:15,2,docr,879.04,2,4.453,2,34.4,2,0.279,2,88.82,2,1482.314,2,27.2684,2,36.71250053,2,-122.18675933,2
1396974270,04/08/2014 16:24:30,2,docr,878.74,2,4.441,2,34.401,2,0.279,2,88.76,2,1482.261,2,27.2705,2,36.71249893,2,-122.18676033,2
1396974285,04/08/2014 16:24:45,2,docr,877.65,2,4.446,2,34.401,2,0.28,2,86.82,2,1482.263,2,27.27,2,36.71249926,2,-122.18676933,2
1396974300,04/08/2014 16:25:00,2,docr,877.06,2,4.451,2,34.401,2,0.277,2,88.85,2,1482.274,2,27.2694,2,36.71252866,2,-122.18678126,2
1396974315,04/08/2014 16:25:15,2,docr,876.27,2,4.46,2,34.4,2,0.276,2,88.85,2,1482.297,2,27.2677,2,36.71255586,2,-122.186786,2
1396974330,04/08/2014 16:25:30,2,docr,875.77,2,4.456,2,34.401,2,0.277,2,88.85,2,1482.273,2,27.2689,2,36.7126314,2,-122.186741,2
1396974345,04/08/2014 16:25:45,2,docr,875.48,2,4.468,2,34.399,2,0.276,2,88.83,2,1482.315,2,27.266,2,36.712655,2,-122.18671793,2
1396974360,04/08/2014 16:26:00,2,docr,875.97,2,4.471,2,34.4,2,0.275,2,88.84,2,1482.337,2,27.2665,2,36.712676,2,-122.186698,2
1396974375,04/08/2014 16:26:15,2,docr,876.76,2,4.456,2,34.4,2,0.276,2,88.81,2,1482.289,2,27.2681,2,36.712671,2,-122.18667086,2
1396974390,04/08/2014 16:26:30,2,docr,876.86,2,4.456,2,34.4,2,0.276,2,88.81,2,1482.29,2,27.2681,2,36.71267053,2,-122.1866604,2
1396974405,04/08/2014 16:26:45,2,docr,876.86,2,4.454,2,34.399,2,0.277,2,88.8,2,1482.281,2,27.2675,2,36.71267,2,-122.186649,2
1396974420,04/08/2014 16:27:00,2,docr,877.26,2,4.456,2,34.399,2,0.276,2,88.79,2,1482.296,2,27.2673,2,36.712677,2,-122.18664806,2
1396974435,04/08/2014 16:27:15,2,docr,876.96,2,4.46,2,34.4,2,0.276,2,88.83,2,1482.308,2,27.2677,2,36.71268126,2,-122.18664753,2
1396974450,04/08/2014 16:27:30,2,docr,877.06,2,4.46,2,34.4,2,0.277,2,88.84,2,1482.31,2,27.2677,2,36.712687,2,-122.186646,2
1396974465,04/08/2014 16:27:45,2,docr,877.26,2,4.458,2,34.399,2,0.277,2,88.83,2,1482.304,2,27.2671,2,36.71268726,2,-122.18664486,2
1396974480,04/08/2014 16:28:00,2,docr,877.16,2,4.454,2,34.4,2,0.278,2,88.85,2,1482.287,2,27.2683,2,36.71268733,2,-122.18664786,2
1396974495,04/08/2014 16:28:15,2,docr,876.96,2,4.454,2,34.403,2,0.278,2,88.81,2,1482.287,2,27.2707,2,36.71269,2,-122.186654,2
1396974510,04/08/2014 16:28:30,2,docr,876.86,2,4.45,2,34.401,2,0.277,2,88.81,2,1482.267,2,27.2695,2,36.71268906,2,-122.18663573,2
1396974525,04/08/2014 16:28:45,2,docr,876.76,2,4.449,2,34.401,2,0.277,2,88.8,2,1482.261,2,27.2696,2,36.71268873,2,-122.186632,2
1396974540,04/08/2014 16:29:00,2,docr,876.76,2,4.454,2,34.401,2,0.279,2,88.81,2,1482.282,2,27.2691,2,36.712679,2,-122.186632,2
1396974555,04/08/2014 16:29:15,2,docr,876.76,2,4.452,2,34.4,2,0.278,2,88.82,2,1482.272,2,27.2685,2,36.71268813,2,-122.18662426,2
1396974570,04/08/2014 16:29:30,2,docr,876.66,2,4.451,2,34.4,2,0.277,2,88.79,2,1482.266,2,27.2686,2,36.71268866,2,-122.18662033,2
1396974585,04/08/2014 16:29:45,2,docr,876.47,2,4.452,2,34.4,2,0.278,2,88.8,2,1482.267,2,27.2685,2,36.71269066,2,-122.1866218,2
1396974600,04/08/2014 16:30:00,2,docr,876.47,2,4.46,2,34.399,2,0.276,2,88.81,2,1482.299,2,27.2669,2,36.71268206,2,-122.18662733,2
1396974615,04/08/2014 16:30:15,2,docr,876.76,2,4.464,2,34.399,2,0.276,2,88.81,2,1482.32,2,27.2664,2,36.71267686,2,-122.18662973,2
1396974630,04/08/2014 16:30:30,2,docr,876.07,2,4.462,2,34.4,2,0.276,2,88.81,2,1482.302,2,27.2675,2,36.71268833,2,-122.18663146,2
1396974645,04/08/2014 16:30:45,2,docr,875.87,2,4.469,2,34.399,2,0.276,2,88.79,2,1482.326,2,27.2659,2,36.71268773,2,-122.18663186,2
1396974660,04/08/2014 16:31:00,2,docr,876.07,2,4.463,2,34.4,2,0.276,2,88.81,2,1482.306,2,27.2673,2,36.71268626,2,-122.18662746,2
1396974675,04/08/2014 16:31:15,2,docr,875.28,2,4.462,2,34.4,2,0.278,2,88.73,2,1482.289,2,27.2674,2,36.7126892,2,-122.18662573,2
1396974690,04/08/2014 16:31:30,2,docr,874.69,2,4.464,2,34.4,2,0.276,2,88.79,2,1482.287,2,27.2672,2,36.71269266,2,-122.18662153,2
1396974705,04/08/2014 16:31:45,2,docr,872.71,2,4.468,2,34.4,2,0.277,2,88.66,2,1482.27,2,27.2668,2,36.712697,2,-122.186613,2
1396974720,04/08/2014 16:32:00,2,docr,870.34,2,4.473,2,34.399,2,0.274,2,88.75,2,1482.25,2,27.2654,2,36.7127028,2,-122.18664466,2
1396974735,04/08/2014 16:32:15,2,docr,868.46,2,4.469,2,34.399,2,0.275,2,88.61,2,1482.202,2,27.2658,2,36.71269673,2,-122.18665793,2
1396974750,04/08/2014 16:32:30,2,docr,868.66,2,4.471,2,34.399,2,0.276,2,88.21,2,1482.214,2,27.2656,2,36.712688,2,-122.186665,2
1396974765,04/08/2014 16:32:45,2,docr,871.82,2,4.473,2,34.398,2,0.276,2,88.67,2,1482.273,2,27.2646,2,36.71266293,2,-122.18668593,2
1396974780,04/08/2014 16:33:00,2,docr,874.88,2,4.465,2,34.398,2,0.277,2,88.76,2,1482.292,2,27.2655,2,36.71266793,2,-122.18667833,2
1396974795,04/08/2014 16:33:15,2,docr,875.77,2,4.46,2,34.4,2,0.275,2,88.81,2,1482.289,2,27.2677,2,36.712683,2,-122.186657,2
1396974810,04/08/2014 16:33:30,2,docr,876.07,2,4.457,2,34.4,2,0.278,2,88.81,2,1482.281,2,27.268,2,36.71267926,2,-122.18664253,2
1396974825,04/08/2014 16:33:45,2,docr,876.17,2,4.455,2,34.401,2,0.277,2,88.79,2,1482.276,2,27.269,2,36.71268053,2,-122.18664086,2
1396974840,04/08/2014 16:34:00,2,docr,876.07,2,4.454,2,34.401,2,0.277,2,88.8,2,1482.27,2,27.2691,2,36.71268,2,-122.186639,2
1396974855,04/08/2014 16:34:15,2,docr,876.17,2,4.457,2,34.402,2,0.277,2,88.77,2,1482.285,2,27.2696,2,36.71268306,2,-122.18664006,2
1396974870,04/08/2014 16:34:30,2,docr,876.17,2,4.461,2,34.4,2,0.278,2,88.76,2,1482.299,2,27.2676,2,36.71268333,2,-122.18664033,2
1396974885,04/08/2014 16:34:45,2,docr,876.17,2,4.458,2,34.4,2,0.277,2,88.78,2,1482.287,2,27.2679,2,36.712686,2,-122.186642,2
1396974900,04/08/2014 16:35:00,2,docr,876.17,2,4.455,2,34.401,2,0.278,2,88.78,2,1482.276,2,27.269,2,36.7126844,2,-122.1866352,2
1396974915,04/08/2014 16:35:15,2,docr,876.17,2,4.464,2,34.399,2,0.279,2,88.75,2,1482.31,2,27.2664,2,36.71268546,2,-122.18663393,2
1396974930,04/08/2014 16:35:30,2,docr,876.17,2,4.466,2,34.4,2,0.28,2,88.68,2,1482.32,2,27.267,2,36.71268813,2,-122.18662606,2
1396974945,04/08/2014 16:35:45,2,docr,876.27,2,4.464,2,34.399,2,0.279,2,88.7,2,1482.312,2,27.2664,2,36.71268946,2,-122.18662533,2
1396974960,04/08/2014 16:36:00,2,docr,876.27,2,4.464,2,34.399,2,0.279,2,88.69,2,1482.312,2,27.2664,2,36.71269006,2,-122.1866258,2
1396974975,04/08/2014 16:36:15,2,docr,876.27,2,4.461,2,34.4,2,0.279,2,88.75,2,1482.301,2,27.2676,2,36.7126876,2,-122.18662913,2
1396974990,04/08/2014 16:36:30,2,docr,876.27,2,4.461,2,34.4,2,0.279,2,88.74,2,1482.301,2,27.2676,2,36.71268633,2,-122.1866314,2
1396975005,04/08/2014 16:36:45,2,docr,876.27,2,4.46,2,34.401,2,0.279,2,88.73,2,1482.298,2,27.2685,2,36.71268453,2,-122.186633,2
1396975020,04/08/2014 16:37:00,2,docr,876.17,2,4.46,2,34.401,2,0.279,2,88.75,2,1482.296,2,27.2685,2,36.71268773,2,-122.18663073,2
1396975035,04/08/2014 16:37:15,2,docr,876.17,2,4.462,2,34.401,2,0.28,2,88.71,2,1482.305,2,27.2683,2,36.71268046,2,-122.18663853,2
1396975050,04/08/2014 16:37:30,2,docr,876.66,2,4.46,2,34.401,2,0.28,2,88.72,2,1482.305,2,27.2685,2,36.712673,2,-122.186646,2
1396975065,04/08/2014 16:37:45,2,docr,877.75,2,4.459,2,34.4,2,0.279,2,88.75,2,1482.317,2,27.2678,2,36.71267046,2,-122.18661486,2
1396975080,04/08/2014 16:38:00,2,docr,877.85,2,4.457,2,34.4,2,0.279,2,88.72,2,1482.311,2,27.268,2,36.71267093,2,-122.18661873,2
1396975095,04/08/2014 16:38:15,2,docr,877.85,2,4.453,2,34.4,2,0.28,2,88.13,2,1482.294,2,27.2684,2,36.712672,2,-122.186624,2
1396975110,04/08/2014 16:38:30,2,docr,877.85,2,4.452,2,34.4,2,0.279,2,81.1,0,1482.29,2,27.2685,2,36.71267726,2,-122.1866184,2
1396975125,04/08/2014 16:38:45,2,docr,877.85,2,4.455,2,34.4,2,0.28,2,80.17,0,1482.303,2,27.2682,2,36.71267526,2,-122.1866172,2
1396975140,04/08/2014 16:39:00,2,docr,877.85,2,4.455,2,34.4,2,0.28,2,80.2,0,1482.303,2,27.2682,2,36.712669,2,-122.186617,2
1396975155,04/08/2014 16:39:15,2,docr,877.85,2,4.452,2,34.401,2,0.279,2,85.27,0,1482.292,2,27.2693,2,36.71267586,2,-122.18662006,2
1396975170,04/08/2014 16:39:30,2,docr,877.95,2,4.452,2,34.401,2,0.279,2,88.63,2,1482.293,2,27.2693,2,36.71267633,2,-122.18661933,2
1396975185,04/08/2014 16:39:45,2,docr,877.85,2,4.452,2,34.401,2,0.28,2,88.36,0,1482.292,2,27.2693,2,36.712675,2,-122.186622,2
1396975200,04/08/2014 16:40:00,2,docr,877.85,2,4.449,2,34.401,2,0.279,2,88.32,0,1482.279,2,27.2697,2,36.7126726,2,-122.1866164,2
1396975215,04/08/2014 16:40:15,2,docr,877.85,2,4.448,2,34.401,2,0.279,2,88.74,2,1482.275,2,27.2698,2,36.71267386,2,-122.1866118,2
1396975230,04/08/2014 16:40:30,2,docr,877.95,2,4.448,2,34.401,2,0.277,2,81.84,0,1482.277,2,27.2698,2,36.712679,2,-122.186603,2
1396975245,04/08/2014 16:40:45,2,docr,877.26,2,4.45,2,34.401,2,0.28,2,85.78,0,1482.273,2,27.2695,2,36.71267873,2,-122.18661046,2
1396975260,04/08/2014 16:41:00,2,docr,876.86,2,4.453,2,34.4,2,0.279,2,85.42,2,1482.278,2,27.2684,2,36.7126796,2,-122.18661093,2
1396975275,04/08/2014 16:41:15,2,docr,875.97,2,4.453,2,34.4,2,0.278,2,86.88,2,1482.263,2,27.2684,2,36.712676,2,-122.186608,2
1396975290,04/08/2014 16:41:30,2,docr,875.68,2,4.452,2,34.4,2,0.279,2,87.37,2,1482.254,2,27.2685,2,36.71267533,2,-122.18664733,2
1396975305,04/08/2014 16:41:45,2,docr,875.58,2,4.452,2,34.4,2,0.279,2,87.57,0,1482.252,2,27.2685,2,36.71267966,2,-122.18666846,2
1396975320,04/08/2014 16:42:00,2,docr,875.97,2,4.452,2,34.401,2,0.282,2,88.27,2,1482.26,2,27.2693,2,36.71271,2,-122.186678,2
1396975335,04/08/2014 16:42:15,2,docr,875.97,2,4.453,2,34.402,2,0.284,2,88.18,2,1482.265,2,27.27,2,36.712712,2,-122.1866562,2
1396975350,04/08/2014 16:42:30,2,docr,875.77,2,4.454,2,34.401,2,0.283,2,88.2,2,1482.265,2,27.2691,2,36.71271273,2,-122.18664286,2
1396975365,04/08/2014 16:42:45,2,docr,876.07,2,4.449,2,34.402,2,0.283,2,88.56,2,1482.251,2,27.2704,2,36.7127022,2,-122.1866558,2
1396975380,04/08/2014 16:43:00,2,docr,875.77,2,4.449,2,34.402,2,0.281,2,88.62,2,1482.246,2,27.2704,2,36.71269726,2,-122.1866598,2
1396975395,04/08/2014 16:43:15,2,docr,875.77,2,4.448,2,34.401,2,0.281,2,88.67,2,1482.24,2,27.2697,2,36.712694,2,-122.186664,2
1396975410,04/08/2014 16:43:30,2,docr,875.68,2,4.449,2,34.402,2,0.281,2,88.7,2,1482.244,2,27.2704,2,36.712696,2,-122.186668,2
1396975425,04/08/2014 16:43:45,2,docr,874.98,2,4.449,2,34.401,2,0.282,2,88.71,2,1482.231,2,27.2696,2,36.7126984,2,-122.18666446,2
1396975440,04/08/2014 16:44:00,2,docr,875.28,2,4.446,2,34.401,2,0.28,2,88.75,2,1482.224,2,27.27,2,36.712692,2,-122.186673,2
1396975455,04/08/2014 16:44:15,2,docr,875.38,2,4.447,2,34.4,2,0.28,2,88.74,2,1482.228,2,27.2691,2,36.71270226,2,-122.18664406,2
1396975470,04/08/2014 16:44:30,2,docr,875.97,2,4.446,2,34.4,2,0.28,2,88.75,2,1482.234,2,27.2692,2,36.7127014,2,-122.1866424,2
1396975485,04/08/2014 16:44:45,2,docr,876.37,2,4.444,2,34.401,2,0.28,2,88.75,2,1482.234,2,27.2702,2,36.712699,2,-122.186643,2
1396975500,04/08/2014 16:45:00,2,docr,876.37,2,4.443,2,34.401,2,0.28,2,88.73,2,1482.229,2,27.2703,2,36.71269713,2,-122.18663746,2
1396975515,04/08/2014 16:45:15,2,docr,876.47,2,4.444,2,34.401,2,0.279,2,88.72,2,1482.235,2,27.2702,2,36.712697,2,-122.18663333,2
1396975530,04/08/2014 16:45:30,2,docr,875.68,2,4.444,2,34.402,2,0.28,2,88.73,2,1482.223,2,27.271,2,36.712701,2,-122.186628,2
1396975545,04/08/2014 16:45:45,2,docr,875.58,2,4.441,2,34.402,2,0.279,2,88.78,2,1482.209,2,27.2713,2,36.71270153,2,-122.18662826,2
1396975560,04/08/2014 16:46:00,2,docr,876.27,2,4.443,2,34.402,2,0.279,2,88.75,2,1482.229,2,27.2711,2,36.71270046,2,-122.18663193,2
1396975575,04/08/2014 16:46:15,2,docr,876.66,2,4.44,2,34.402,2,0.281,2,88.75,2,1482.223,2,27.2714,2,36.712699,2,-122.18664,2
1396975590,04/08/2014 16:46:30,2,docr,877.16,2,4.441,2,34.402,2,0.28,2,88.73,2,1482.236,2,27.2713,2,36.7126998,2,-122.1866362,2
1396975605,04/08/2014 16:46:45,2,docr,877.36,2,4.442,2,34.401,2,0.279,2,88.75,2,1482.242,2,27.2704,2,36.7127012,2,-122.1866322,2
1396975620,04/08/2014 16:47:00,2,docr,877.36,2,4.442,2,34.401,2,0.279,2,88.75,2,1482.242,2,27.2704,2,36.712702,2,-122.186637,2
1396975635,04/08/2014 16:47:15,2,docr,877.45,2,4.446,2,34.4,2,0.281,2,88.71,2,1482.259,2,27.2692,2,36.7127,2,-122.18664033,2
1396975650,04/08/2014 16:47:30,2,docr,877.06,2,4.446,2,34.401,2,0.284,2,88.7,2,1482.253,2,27.27,2,36.7126982,2,-122.1866444,2
1396975665,04/08/2014 16:47:45,2,docr,877.26,2,4.445,2,34.402,2,0.284,2,88.71,2,1482.254,2,27.2709,2,36.712693,2,-122.18666,2
1396975680,04/08/2014 16:48:00,2,docr,877.36,2,4.444,2,34.402,2,0.282,2,88.57,2,1482.251,2,27.271,2,36.71267793,2,-122.1866536,2
1396975695,04/08/2014 16:48:15,2,docr,877.16,2,4.443,2,34.402,2,0.282,2,88.7,2,1482.244,2,27.2711,2,36.712675,2,-122.18667033,2
1396975710,04/08/2014 16:48:30,2,docr,877.16,2,4.438,2,34.402,2,0.282,2,88.75,2,1482.223,2,27.2716,2,36.7125874,2,-122.1867656,2
1396975725,04/08/2014 16:48:45,2,docr,876.27,2,4.44,2,34.402,2,0.281,2,88.58,2,1482.217,2,27.2714,2,36.71257266,2,-122.18672573,2
1396975740,04/08/2014 16:49:00,2,docr,875.48,2,4.438,2,34.402,2,0.282,2,88.7,2,1482.195,2,27.2716,2,36.712558,2,-122.186683,2
1396975755,04/08/2014 16:49:15,2,docr,876.86,2,4.437,2,34.403,2,0.285,2,88.65,2,1482.216,2,27.2725,2,36.7125454,2,-122.1867168,2
1396975770,04/08/2014 16:49:30,2,docr,877.45,2,4.437,2,34.403,2,0.286,2,88.65,2,1482.225,2,27.2725,2,36.71253053,2,-122.186715,2
1396975785,04/08/2014 16:49:45,2,docr,877.16,2,4.437,2,34.402,2,0.285,2,88.71,2,1482.219,2,27.2717,2,36.712517,2,-122.186713,2
1396975800,04/08/2014 16:50:00,2,docr,877.45,2,4.436,2,34.401,2,0.285,2,88.71,2,1482.219,2,27.271,2,36.71250353,2,-122.18672113,2
1396975815,04/08/2014 16:50:15,2,docr,877.45,2,4.435,2,34.402,2,0.284,2,88.7,2,1482.216,2,27.2719,2,36.7124978,2,-122.18672186,2
1396975830,04/08/2014 16:50:30,2,docr,877.45,2,4.436,2,34.402,2,0.284,2,88.72,2,1482.22,2,27.2718,2,36.712497,2,-122.186725,2
1396975845,04/08/2014 16:50:45,2,docr,877.45,2,4.434,2,34.402,2,0.283,2,88.66,2,1482.212,2,27.2721,2,36.71250733,2,-122.18672406,2
1396975860,04/08/2014 16:51:00,2,docr,876.56,2,4.433,2,34.403,2,0.287,2,88.68,2,1482.194,2,27.2729,2,36.71250626,2,-122.18672193,2
1396975875,04/08/2014 16:51:15,2,docr,873.99,2,4.432,2,34.404,2,0.286,2,88.66,2,1482.148,2,27.2738,2,36.712508,2,-122.186727,2
1396975890,04/08/2014 16:51:30,2,docr,868.56,2,4.433,2,34.404,2,0.287,2,88.63,2,1482.061,2,27.2737,2,36.71250306,2,-122.18675686,2
1396975905,04/08/2014 16:51:45,2,docr,860.25,2,4.447,2,34.404,2,0.286,2,88.57,2,1481.98,2,27.2721,2,36.7125092,2,-122.18678026,2
1396975920,04/08/2014 16:52:00,2,docr,851.55,2,4.48,2,34.4,2,0.286,2,88.62,2,1481.966,2,27.2653,2,36.71253,2,-122.186822,2
1396975935,04/08/2014 16:52:15,2,docr,842.66,2,4.481,2,34.399,2,0.285,2,88.65,2,1481.82,2,27.2643,2,36.7125388,2,-122.18683006,2
1396975950,04/08/2014 16:52:30,2,docr,833.56,2,4.485,2,34.399,2,0.288,2,88.65,2,1481.684,2,27.2638,2,36.712542,2,-122.186833,2
1396975965,04/08/2014 16:52:45,2,docr,824.96,2,4.514,2,34.397,2,0.278,2,88.87,2,1481.658,2,27.259,2,36.712542,2,-122.186833,2
1396975980,04/08/2014 16:53:00,2,docr,816.95,2,4.546,2,34.393,2,0.261,2,88.96,2,1481.651,2,27.2523,2,36.712542,2,-122.186833,2
1396975995,04/08/2014 16:53:15,2,docr,808.74,2,4.558,2,34.393,2,0.259,2,88.93,2,1481.563,2,27.2509,2,36.71256186,2,-122.18685726,2
1396976010,04/08/2014 16:53:30,2,docr,800.24,2,4.576,2,34.392,2,0.256,2,88.88,2,1481.494,2,27.2481,2,36.712692,2,-122.18703426,2
1396976025,04/08/2014 16:53:45,2,docr,791.74,2,4.612,2,34.39,2,0.256,2,88.84,2,1481.497,2,27.2425,2,36.71270613,2,-122.1870726,2
1396976040,04/08/2014 16:54:00,2,docr,783.33,2,4.694,2,34.384,2,0.251,2,88.76,2,1481.686,2,27.2287,2,36.7127214,2,-122.18710526,2
1396976055,04/08/2014 16:54:15,2,docr,775.02,2,4.767,2,34.375,2,0.242,2,88.82,2,1481.836,2,27.2134,2,36.712711,2,-122.187143,2
1396976070,04/08/2014 16:54:30,2,docr,766.71,2,4.775,2,34.372,2,0.237,2,88.92,2,1481.726,2,27.21,2,36.71271446,2,-122.18716973,2
1396976085,04/08/2014 16:54:45,2,docr,758.41,2,4.776,2,34.37,2,0.234,2,88.98,2,1481.589,2,27.2082,2,36.712723,2,-122.187201,2
1396976100,04/08/2014 16:55:00,2,docr,749.9,2,4.789,2,34.369,2,0.23,2,89.02,2,1481.499,2,27.2059,2,36.71272586,2,-122.1872266,2
1396976115,04/08/2014 16:55:15,2,docr,741.2,2,4.842,2,34.364,2,0.228,2,89.04,2,1481.564,2,27.1959,2,36.71272993,2,-122.18724026,2
1396976130,04/08/2014 16:55:30,2,docr,732.29,2,4.883,2,34.362,2,0.229,2,89.01,2,1481.58,2,27.1897,2,36.712737,2,-122.187254,2
1396976145,04/08/2014 16:55:45,2,docr,723.49,2,4.92,2,34.359,2,0.226,2,89.04,2,1481.581,2,27.183,2,36.7127686,2,-122.18728613,2
1396976160,04/08/2014 16:56:00,2,docr,714.49,2,4.965,2,34.358,2,0.227,2,88.96,2,1481.613,2,27.1771,2,36.7127768,2,-122.18730646,2
1396976175,04/08/2014 16:56:15,2,docr,705.09,2,4.999,2,34.354,2,0.229,2,88.94,2,1481.59,2,27.1699,2,36.712794,2,-122.187336,2
1396976190,04/08/2014 16:56:30,2,docr,695.89,2,5.036,2,34.351,2,0.224,2,89.03,2,1481.583,2,27.1633,2,36.71280186,2,-122.187364,2
1396976205,04/08/2014 16:56:45,2,docr,686.59,2,5.075,2,34.349,2,0.226,2,88.94,2,1481.584,2,27.1571,2,36.71280353,2,-122.18737893,2
1396976220,04/08/2014 16:57:00,2,docr,675.01,2,5.133,2,34.347,2,0.24,2,88.63,2,1481.625,2,27.1487,2,36.712795,2,-122.187396,2
1396976235,04/08/2014 16:57:15,2,docr,664.33,2,5.213,2,34.341,2,0.261,2,88.24,2,1481.764,2,27.1346,2,36.71278286,2,-122.1873904,2
1396976250,04/08/2014 16:57:30,2,docr,656.61,2,5.274,2,34.336,2,0.283,2,88.08,2,1481.876,2,27.1235,2,36.71277266,2,-122.18740186,2
1396976265,04/08/2014 16:57:45,2,docr,649.29,2,5.322,2,34.33,2,0.289,2,88.03,2,1481.94,2,27.113,2,36.712751,2,-122.187467,2
1396976280,04/08/2014 16:58:00,2,docr,639.19,2,5.36,2,34.329,2,0.304,2,87.86,2,1481.924,2,27.1076,2,36.7127474,2,-122.18743026,2
1396976295,04/08/2014 16:58:15,2,docr,628.6,2,5.442,2,34.323,2,0.312,2,87.94,2,1482.071,2,27.093,2,36.71274446,2,-122.18741773,2
1396976310,04/08/2014 16:58:30,2,docr,618.31,2,5.523,2,34.313,2,0.31,2,88.11,2,1482.213,2,27.0754,2,36.71273486,2,-122.18743746,2
1396976325,04/08/2014 16:58:45,2,docr,608.71,2,5.568,2,34.311,2,0.311,2,88.18,2,1482.232,2,27.0683,2,36.71274206,2,-122.18741653,2
1396976340,04/08/2014 16:59:00,2,docr,598.71,2,5.633,2,34.304,2,0.298,2,88.55,2,1482.318,2,27.0548,2,36.71274653,2,-122.1873996,2
1396976355,04/08/2014 16:59:15,2,docr,588.91,2,5.652,2,34.303,2,0.283,2,88.67,2,1482.229,2,27.0516,2,36.71276386,2,-122.1873866,2
1396976370,04/08/2014 16:59:30,2,docr,579.11,2,5.683,2,34.3,2,0.289,2,88.58,2,1482.187,2,27.0453,2,36.7127554,2,-122.18739413,2
1396976385,04/08/2014 16:59:45,2,docr,570.01,2,5.72,2,34.299,2,0.295,2,88.65,2,1482.182,2,27.0399,2,36.71274486,2,-122.18739813,2
1396976400,04/08/2014 17:00:00,2,docr,560.6,2,5.783,2,34.294,2,0.301,2,88.66,2,1482.271,2,27.0281,2,36.7127248,2,-122.1873618,2
1396976415,04/08/2014 17:00:15,2,docr,551,2,5.813,2,34.291,2,0.308,2,88.69,2,1482.227,2,27.022,2,36.71271813,2,-122.18735033,2
1396976430,04/08/2014 17:00:30,2,docr,541.49,2,5.866,2,34.287,2,0.309,2,88.73,2,1482.276,2,27.0121,2,36.712711,2,-122.187342,2
1396976445,04/08/2014 17:00:45,2,docr,531.79,2,5.92,2,34.284,2,0.318,2,88.71,2,1482.326,2,27.0029,2,36.71269526,2,-122.18729633,2
1396976460,04/08/2014 17:01:00,2,docr,522.29,2,6.009,2,34.286,2,0.324,2,88.54,2,1482.525,2,26.9933,2,36.71268846,2,-122.18727706,2
1396976475,04/08/2014 17:01:15,2,docr,512.58,2,6.063,2,34.281,2,0.332,2,88.53,2,1482.571,2,26.9824,2,36.712681,2,-122.187256,2
1396976490,04/08/2014 17:01:30,2,docr,503.17,2,6.124,2,34.279,2,0.341,2,88.44,2,1482.654,2,26.973,2,36.71265706,2,-122.18721846,2
1396976505,04/08/2014 17:01:45,2,docr,494.46,2,6.176,2,34.277,2,0.35,2,88.44,2,1482.713,2,26.9647,2,36.71264566,2,-122.1871972,2
1396976520,04/08/2014 17:02:00,2,docr,485.45,2,6.273,2,34.272,2,0.368,2,88.45,2,1482.94,2,26.9483,2,36.712625,2,-122.187163,2
1396976535,04/08/2014 17:02:15,2,docr,475.84,2,6.348,2,34.265,2,0.387,2,88.52,2,1483.068,2,26.933,2,36.7126232,2,-122.1871388,2
1396976550,04/08/2014 17:02:30,2,docr,466.33,2,6.401,2,34.262,2,0.401,2,88.53,2,1483.115,2,26.9236,2,36.71262146,2,-122.18713473,2
1396976565,04/08/2014 17:02:45,2,docr,456.73,2,6.472,2,34.258,2,0.417,2,88.51,2,1483.229,2,26.9111,2,36.712614,2,-122.187133,2
1396976580,04/08/2014 17:03:00,2,docr,448.11,2,6.525,2,34.253,2,0.438,2,88.5,2,1483.288,2,26.9001,2,36.71260833,2,-122.18711893,2
1396976595,04/08/2014 17:03:15,2,docr,439.49,2,6.554,2,34.251,2,0.449,2,88.48,2,1483.256,2,26.8945,2,36.712599,2,-122.18711126,2
1396976610,04/08/2014 17:03:30,2,docr,429.98,2,6.586,2,34.249,2,0.46,2,88.49,2,1483.221,2,26.8886,2,36.712587,2,-122.187102,2
1396976625,04/08/2014 17:03:45,2,docr,420.57,2,6.608,2,34.246,2,0.468,2,88.38,2,1483.147,2,26.8832,2,36.7125678,2,-122.18710326,2
1396976640,04/08/2014 17:04:00,2,docr,410.96,2,6.647,2,34.244,2,0.477,2,88.49,2,1483.138,2,26.8764,2,36.71255893,2,-122.18710526,2
1396976655,04/08/2014 17:04:15,2,docr,401.55,2,6.708,2,34.238,2,0.504,2,88.52,2,1483.212,2,26.8634,2,36.7125404,2,-122.187103,2
1396976670,04/08/2014 17:04:30,2,docr,391.94,2,6.771,2,34.234,2,0.527,2,88.56,2,1483.294,2,26.8517,2,36.71254293,2,-122.18710713,2
1396976685,04/08/2014 17:04:45,2,docr,382.33,2,6.814,2,34.231,2,0.539,2,88.6,2,1483.298,2,26.8434,2,36.71253626,2,-122.18711266,2
1396976700,04/08/2014 17:05:00,2,docr,372.62,2,6.881,2,34.228,2,0.555,2,88.63,2,1483.394,2,26.8319,2,36.71252326,2,-122.18711993,2
1396976715,04/08/2014 17:05:15,2,docr,363.1,2,6.962,2,34.221,2,0.591,2,88.57,2,1483.542,2,26.8152,2,36.71251846,2,-122.18712333,2
1396976730,04/08/2014 17:05:30,2,docr,353.49,2,7.031,2,34.213,2,0.639,2,88.53,2,1483.64,2,26.7994,2,36.71251473,2,-122.18712613,2
1396976745,04/08/2014 17:05:45,2,docr,343.88,2,7.14,2,34.216,2,0.658,2,88.54,2,1483.906,2,26.7866,2,36.71251353,2,-122.18713373,2
1396976760,04/08/2014 17:06:00,2,docr,334.17,2,7.21,2,34.204,2,0.698,2,88.53,2,1484,2,26.7673,2,36.71251366,2,-122.18715053,2
1396976775,04/08/2014 17:06:15,2,docr,324.35,2,7.277,2,34.207,2,0.722,2,88.48,2,1484.099,2,26.7602,2,36.712518,2,-122.187162,2
1396976790,04/08/2014 17:06:30,2,docr,314.54,2,7.379,2,34.208,2,0.724,2,88.43,2,1484.33,2,26.7465,2,36.7125096,2,-122.1872,2
1396976805,04/08/2014 17:06:45,2,docr,304.73,2,7.491,2,34.198,2,0.785,2,88.55,2,1484.584,2,26.7226,2,36.71251106,2,-122.1872058,2
1396976820,04/08/2014 17:07:00,2,docr,295.51,2,7.548,2,34.191,2,0.825,2,88.56,2,1484.641,2,26.7089,2,36.712514,2,-122.187207,2
1396976835,04/08/2014 17:07:15,2,docr,286.09,2,7.646,2,34.17,2,0.924,2,88.7,2,1484.833,2,26.6782,2,36.71250533,2,-122.18719326,2
1396976850,04/08/2014 17:07:30,2,docr,276.28,2,7.74,2,34.162,2,0.999,2,88.74,2,1485.019,2,26.6582,2,36.7125048,2,-122.18718486,2
1396976865,04/08/2014 17:07:45,2,docr,266.27,2,7.792,2,34.153,2,1.058,2,88.99,2,1485.039,2,26.6434,2,36.712504,2,-122.18717,2
1396976880,04/08/2014 17:08:00,2,docr,255.95,2,7.874,2,34.149,2,1.132,2,89.09,2,1485.175,2,26.6281,2,36.71249773,2,-122.18718906,2
1396976895,04/08/2014 17:08:15,2,docr,244.65,2,8.015,2,34.142,2,1.194,2,89.05,2,1485.513,2,26.6017,2,36.71249393,2,-122.18720073,2
1396976910,04/08/2014 17:08:30,2,docr,234.54,2,8.111,2,34.13,2,1.258,2,89.02,2,1485.693,2,26.5779,2,36.712485,2,-122.187221,2
1396976925,04/08/2014 17:08:45,2,docr,230.08,2,8.154,2,34.121,2,1.312,2,88.97,2,1485.77,2,26.5643,2,36.7124714,2,-122.1872234,2
1396976940,04/08/2014 17:09:00,2,docr,222.94,2,8.297,2,34.105,2,1.386,2,88.95,2,1486.17,2,26.5302,2,36.71246306,2,-122.1872226,2
1396976955,04/08/2014 17:09:15,2,docr,214.51,2,8.289,2,34.085,2,1.486,2,88.98,2,1485.975,2,26.5156,2,36.712438,2,-122.187215,2
1396976970,04/08/2014 17:09:30,2,docr,206.28,2,8.426,2,34.093,2,1.504,2,88.91,2,1486.362,2,26.5009,2,36.7124178,2,-122.1872078,2
1396976985,04/08/2014 17:09:45,2,docr,198.84,2,8.545,2,34.085,2,1.49,2,88.87,2,1486.674,2,26.4763,2,36.71239946,2,-122.1871922,2
1396977000,04/08/2014 17:10:00,2,docr,189.72,2,8.633,2,34.075,2,1.511,2,88.85,2,1486.838,2,26.4548,2,36.71236413,2,-122.18715753,2
1396977015,04/08/2014 17:10:15,2,docr,182.08,2,8.727,2,34.062,2,1.564,2,88.83,2,1487.045,2,26.4299,2,36.71235426,2,-122.18713306,2
1396977030,04/08/2014 17:10:30,2,docr,176.42,2,8.796,2,34.047,2,1.63,2,88.82,2,1487.189,2,26.4073,2,36.7123468,2,-122.187116,2
1396977045,04/08/2014 17:10:45,2,docr,170.47,2,8.829,2,34.041,2,1.665,2,88.8,2,1487.205,2,26.3974,2,36.712338,2,-122.187076,2
1396977060,04/08/2014 17:11:00,2,docr,163.93,2,8.852,2,34.036,2,1.69,2,88.8,2,1487.176,2,26.3897,2,36.71233106,2,-122.1870564,2
1396977075,04/08/2014 17:11:15,2,docr,156.88,2,8.889,2,34.023,2,1.736,2,88.78,2,1487.18,2,26.3736,2,36.71232493,2,-122.1870436,2
1396977090,04/08/2014 17:11:30,2,docr,150.93,2,8.917,2,34.008,2,1.81,2,88.71,2,1487.166,2,26.3574,2,36.71231,2,-122.187038,2
1396977105,04/08/2014 17:11:45,2,docr,147.76,2,8.926,2,34.004,2,1.828,2,88.72,2,1487.142,2,26.3527,2,36.71233413,2,-122.1869968,2
1396977120,04/08/2014 17:12:00,2,docr,144.09,2,8.935,2,34.001,2,1.841,2,88.75,2,1487.111,2,26.3489,2,36.712365,2,-122.186958,2
1396977135,04/08/2014 17:12:15,2,docr,138.63,2,8.964,2,33.992,2,1.871,2,88.71,2,1487.116,2,26.3372,2,36.7124288,2,-122.1868534,2
1396977150,04/08/2014 17:12:30,2,docr,132.48,2,8.992,2,33.982,2,1.911,2,88.69,2,1487.106,2,26.3248,2,36.71244626,2,-122.18683053,2
1396977165,04/08/2014 17:12:45,2,docr,126.13,2,9.018,2,33.969,2,1.962,2,88.71,2,1487.08,2,26.3104,2,36.71247,2,-122.186801,2
1396977180,04/08/2014 17:13:00,2,docr,119.09,2,9.055,2,33.959,2,2.02,2,88.68,2,1487.088,2,26.2966,2,36.71246513,2,-122.18678266,2
1396977195,04/08/2014 17:13:15,2,docr,112.24,2,9.138,2,33.934,2,2.074,2,88.63,2,1487.249,2,26.2637,2,36.7124456,2,-122.18678373,2
1396977210,04/08/2014 17:13:30,2,docr,107.98,2,9.146,2,33.929,2,2.122,2,88.66,2,1487.202,2,26.2584,2,36.712412,2,-122.186793,2
1396977225,04/08/2014 17:13:45,2,docr,104.9,2,9.141,2,33.931,2,2.097,2,88.65,2,1487.135,2,26.2607,2,36.7123992,2,-122.18682093,2
1396977240,04/08/2014 17:14:00,2,docr,99.25,2,9.201,2,33.903,2,2.209,2,88.62,2,1487.227,2,26.2291,2,36.71239173,2,-122.18681353,2
1396977255,04/08/2014 17:14:15,2,docr,93.99,2,9.254,2,33.881,2,2.277,2,88.61,2,1487.307,2,26.2033,2,36.71238,2,-122.186778,2
1396977270,04/08/2014 17:14:30,2,docr,88.53,2,9.323,2,33.861,2,2.365,2,88.56,2,1487.445,2,26.1764,2,36.71238773,2,-122.18676093,2
1396977285,04/08/2014 17:14:45,2,docr,82.77,2,9.46,2,33.834,2,2.411,2,88.5,2,1487.818,2,26.133,2,36.71239566,2,-122.18675306,2
1396977300,04/08/2014 17:15:00,2,docr,76.82,2,9.521,2,33.781,2,2.549,2,88.3,2,1487.877,2,26.0815,2,36.712412,2,-122.186748,2
1396977315,04/08/2014 17:15:15,2,docr,70.37,2,9.748,2,33.761,2,2.659,2,87,2,1488.57,2,26.0284,2,36.71242066,2,-122.18675553,2
1396977330,04/08/2014 17:15:30,2,docr,62.63,0,9.961,0,33.728,0,2.759,0,87.28,2,1489.171,0,25.9669,0,36.71242426,2,-122.18675833,2
1396977345,04/08/2014 17:15:45,2,docr,56.67,2,10.207,2,33.68,2,2.918,2,88.01,2,1489.898,2,25.8877,2,36.71241953,2,-122.18678346,2
1396977360,04/08/2014 17:16:00,2,docr,49.93,2,10.313,2,33.654,2,3.07,2,88,2,1490.134,2,25.8492,2,36.7123734,2,-122.18678993,2
1396977375,04/08/2014 17:16:15,2,docr,43.28,2,10.516,2,33.62,2,3.235,2,87.88,2,1490.706,2,25.7875,2,36.71234273,2,-122.18679486,2
1396977390,04/08/2014 17:16:30,2,docr,38.91,2,10.643,2,33.603,2,3.404,2,87.79,2,1491.064,2,25.7521,2,36.7123088,2,-122.18676033,2
1396977405,04/08/2014 17:16:45,2,docr,35.44,2,10.756,2,33.598,2,3.475,2,87.67,2,1491.4,2,25.7283,2,36.71225486,2,-122.18669166,2
1396977420,04/08/2014 17:17:00,2,docr,34.05,2,10.879,2,33.577,2,3.617,2,87.6,2,1491.786,2,25.6902,2,36.71221133,2,-122.18663713,2
1396977435,04/08/2014 17:17:15,2,docr,34.44,2,10.875,2,33.578,2,3.623,2,87.61,2,1491.78,2,25.6917,2,36.71211306,2,-122.18650046,2
1396977450,04/08/2014 17:17:30,2,docr,34.15,2,10.876,2,33.577,2,3.629,2,87.62,2,1491.777,2,25.6907,2,36.71204426,2,-122.1864282,2
1396977465,04/08/2014 17:17:45,2,docr,34.34,2,10.863,2,33.579,2,3.621,2,87.62,2,1491.737,2,25.6946,2,36.71198,2,-122.186358,2
1396977480,04/08/2014 17:18:00,2,docr,34.15,2,10.871,2,33.578,2,3.623,2,87.65,2,1491.761,2,25.6924,2,36.71184313,2,-122.18623566,2
1396977495,04/08/2014 17:18:15,2,docr,33.65,2,10.876,2,33.577,2,3.627,2,87.66,2,1491.769,2,25.6907,2,36.71179326,2,-122.18621646,2
1396977510,04/08/2014 17:18:30,2,docr,31.37,2,10.892,2,33.576,2,3.638,2,87.62,2,1491.786,2,25.687,2,36.711741,2,-122.186201,2
1396977525,04/08/2014 17:18:45,2,docr,26.01,2,11.015,2,33.56,2,3.708,2,87.51,2,1492.11,2,25.6526,2,36.71172406,2,-122.18617513,2
1396977540,04/08/2014 17:19:00,2,docr,21.14,2,11.296,2,33.496,2,3.971,2,87.27,2,1492.936,2,25.5522,2,36.71171273,2,-122.18614066,2
1396977555,04/08/2014 17:19:15,2,docr,17.77,2,11.632,2,33.456,2,4.151,2,85.55,2,1493.999,2,25.4596,2,36.711692,2,-122.186081,2
1396977570,04/08/2014 17:19:30,2,docr,14.99,0,12.109,0,33.45,0,4.702,0,83.26,2,1495.585,0,25.3657,0,36.71164853,2,-122.18605053,2
1396977585,04/08/2014 17:19:45,2,docr,10.52,0,12.458,0,33.443,0,5.368,0,81.01,2,1496.69,0,25.2935,0,36.71162593,2,-122.18603493,2
1396977600,04/08/2014 17:20:00,2,docr,11.51,0,12.683,0,33.436,0,5.655,0,80.21,2,1497.458,0,25.2446,0,36.711599,2,-122.186002,2
1396977615,04/08/2014 17:20:15,2,docr,10.42,2,12.693,2,33.437,2,5.725,2,79.62,2,1497.475,2,25.2434,2,36.7115682,2,-122.18597546,2
1396977630,04/08/2014 17:20:30,2,docr,6.35,0,12.842,0,33.455,0,5.814,0,80.7,2,1497.929,0,25.2281,0,36.71155683,2,-122.18596633,2
