usec,rovCtdDtg,rovCtdDtgFlag,vehicle,depth,depthFlag,temper,temperFlag,salin,salinFlag,oxyg,oxygFlag,light,lightFlag,sound,soundFlag,sigmatheta,sigmathetaFlag,lat,latFlag,lon,lonFlag
1352937600,11/15/2012 00:00:00,2,docr,3976.67,2,1.51,2,34.675,2,2.681,1,85.17,2,1523.533,2,27.7716,2,35.145704,2,-122.949651,2
1352937615,11/15/2012 00:00:15,2,docr,3976.67,2,1.51,2,34.675,2,2.684,1,85.15,2,1523.533,2,27.7716,2,35.14570553,2,-122.94962573,2
1352937630,11/15/2012 00:00:30,2,docr,3976.67,2,1.51,2,34.675,2,2.685,1,85.13,2,1523.533,2,27.7716,2,35.1457112,2,-122.9496388,2
1352937645,11/15/2012 00:00:45,2,docr,3976.67,2,1.51,2,34.675,2,2.683,1,85.14,2,1523.533,2,27.7716,2,35.145726,2,-122.949666,2
1352937660,11/15/2012 00:01:00,2,docr,3976.67,2,1.51,2,34.675,2,2.68,1,85.13,2,1523.533,2,27.7716,2,35.1457292,2,-122.94965293,2
1352937675,11/15/2012 00:01:15,2,docr,3976.67,2,1.51,2,34.675,2,2.682,1,85.15,2,1523.533,2,27.7716,2,35.14572026,2,-122.94965753,2
1352937690,11/15/2012 00:01:30,2,docr,3976.67,2,1.51,2,34.675,2,2.682,1,85.12,2,1523.533,2,27.7716,2,35.14572,2,-122.949675,2
1352937705,11/15/2012 00:01:45,2,docr,3976.67,2,1.51,2,34.675,2,2.683,1,85.13,2,1523.533,2,27.7716,2,35.1457362,2,-122.9496684,2
1352937720,11/15/2012 00:02:00,2,docr,3976.67,2,1.51,2,34.675,2,2.682,1,85.15,0,1523.533,2,27.7716,2,35.1457354,2,-122.9496728,2
1352937735,11/15/2012 00:02:15,2,docr,3976.67,2,1.51,2,34.675,2,2.684,1,85.15,2,1523.533,2,27.7716,2,35.14574766,2,-122.94966986,2
1352937750,11/15/2012 00:02:30,2,docr,3976.67,2,1.51,2,34.675,2,2.684,1,85.16,2,1523.533,2,27.7716,2,35.145752,2,-122.9496954,2
1352937765,11/15/2012 00:02:45,2,docr,3976.67,2,1.51,2,34.675,2,2.681,1,85.16,2,1523.533,2,27.7716,2,35.14574953,2,-122.94970226,2
1352937780,11/15/2012 00:03:00,2,docr,3976.67,2,1.51,2,34.675,2,2.681,1,85.18,2,1523.533,2,27.7716,2,35.145728,2,-122.949634,2
1352937795,11/15/2012 00:03:15,2,docr,3976.67,2,1.51,2,34.675,2,2.681,1,85.16,2,1523.533,2,27.7716,2,35.14572646,2,-122.94965086,2
1352937810,11/15/2012 00:03:30,2,docr,3976.67,2,1.51,2,34.675,2,2.683,1,85.14,2,1523.533,2,27.7716,2,35.14573146,2,-122.94966666,2
1352937825,11/15/2012 00:03:45,2,docr,3976.67,2,1.51,2,34.675,2,2.684,1,85.17,2,1523.533,2,27.7716,2,35.1457516,2,-122.9497004,2
1352937840,11/15/2012 00:04:00,2,docr,3976.67,2,1.51,2,34.589,2,2.684,1,85.16,2,1523.418,2,27.7025,2,35.14574586,2,-122.94970413,2
1352937855,11/15/2012 00:04:15,2,docr,3976.67,2,1.512,2,32.16,2,2.677,1,85.14,0,1520.176,2,25.7499,2,35.145744,2,-122.949699,2
1352937870,11/15/2012 00:04:30,2,docr,3976.67,0,1.512,0,31.76,0,2.493,1,85.12,2,1519.639,0,25.4285,0,35.1457706,2,-122.94972126,2
1352937885,11/15/2012 00:04:45,2,docr,3976.67,0,1.51,0,34.401,0,2.367,1,85.14,2,1523.167,0,27.5513,0,35.14576006,2,-122.94971093,2
1352937900,11/15/2012 00:05:00,2,docr,3976.67,2,1.51,2,34.675,2,2.558,1,85.15,2,1523.533,2,27.7716,2,35.145743,2,-122.949692,2
1352937915,11/15/2012 00:05:15,2,docr,3976.67,2,1.51,2,34.675,2,2.657,1,85.16,2,1523.533,2,27.7716,2,35.14575646,2,-122.9497208,2
1352937930,11/15/2012 00:05:30,2,docr,3976.67,2,1.51,2,34.675,2,2.675,1,85.15,2,1523.533,2,27.7716,2,35.14575573,2,-122.94972253,2
1352937945,11/15/2012 00:05:45,2,docr,3976.67,2,1.51,2,34.675,2,2.678,1,85.16,2,1523.533,2,27.7716,2,35.145756,2,-122.949725,2
1352937960,11/15/2012 00:06:00,2,docr,3976.67,2,1.51,2,34.675,2,2.68,1,85.14,2,1523.533,2,27.7716,2,35.145784,2,-122.94970633,2
1352937975,11/15/2012 00:06:15,2,docr,3976.67,2,1.51,2,34.675,2,2.681,1,85.15,2,1523.533,2,27.7716,2,35.1457814,2,-122.94970986,2
1352937990,11/15/2012 00:06:30,2,docr,3976.67,2,1.51,2,34.675,2,2.68,1,85.16,2,1523.533,2,27.7716,2,35.145765,2,-122.94972,2
1352938005,11/15/2012 00:06:45,2,docr,3976.67,2,1.51,2,34.675,2,2.682,1,85.16,2,1523.533,2,27.7716,2,35.1457338,2,-122.9496808,2
1352938020,11/15/2012 00:07:00,2,docr,3976.67,2,1.51,2,34.675,2,2.682,1,85.17,2,1523.533,2,27.7716,2,35.14571993,2,-122.94966693,2
1352938035,11/15/2012 00:07:15,2,docr,3976.67,2,1.51,2,34.675,2,2.682,1,85.15,2,1523.533,2,27.7716,2,35.145697,2,-122.949653,2
1352938050,11/15/2012 00:07:30,2,docr,3976.67,2,1.51,2,34.675,2,2.681,1,85.12,0,1523.533,2,27.7716,2,35.14571333,2,-122.9496534,2
1352938065,11/15/2012 00:07:45,2,docr,3976.67,2,1.51,2,33.819,2,2.697,1,85.16,0,1522.389,2,27.0834,2,35.1457178,2,-122.94965753,2
1352938080,11/15/2012 00:08:00,2,docr,3976.67,2,1.511,2,31.362,2,2.669,1,85.14,0,1519.101,2,25.1088,2,35.145711,2,-122.949678,2
1352938095,11/15/2012 00:08:15,2,docr,3976.67,2,1.511,2,31.266,2,2.467,1,85.17,2,1518.972,2,25.0317,2,35.14573353,2,-122.94966186,2
1352938110,11/15/2012 00:08:30,2,docr,3976.67,2,1.511,2,31.023,2,2.33,1,85.15,0,1518.646,2,24.8365,2,35.1457432,2,-122.9496454,2
1352938125,11/15/2012 00:08:45,2,docr,3976.67,2,1.511,2,32.791,2,2.218,1,85.19,2,1521.017,2,26.257,2,35.14571373,2,-122.94961333,2
1352938140,11/15/2012 00:09:00,2,docr,3976.67,2,1.51,2,34.674,2,2.431,1,85.19,2,1523.532,2,27.7708,2,35.14572366,2,-122.94963733,2
1352938155,11/15/2012 00:09:15,2,docr,3976.67,2,1.51,2,34.675,2,2.636,1,85.17,0,1523.533,2,27.7716,2,35.14572566,2,-122.9496516,2
1352938170,11/15/2012 00:09:30,2,docr,3976.57,2,1.51,2,34.674,2,2.671,1,85.15,2,1523.53,2,27.7708,2,35.14570886,2,-122.9496432,2
1352938185,11/15/2012 00:09:45,2,docr,3976.67,2,1.51,2,34.675,2,2.677,1,85.17,2,1523.533,2,27.7716,2,35.1457038,2,-122.94966393,2
1352938200,11/15/2012 00:10:00,2,docr,3976.67,2,1.51,2,34.675,2,2.68,1,85.15,2,1523.533,2,27.7716,2,35.145696,2,-122.949684,2
1352938215,11/15/2012 00:10:15,2,docr,3976.67,2,1.51,2,34.675,2,2.681,1,85.16,0,1523.533,2,27.7716,2,35.14572593,2,-122.94964926,2
1352938230,11/15/2012 00:10:30,2,docr,3976.67,2,1.51,2,34.675,2,2.679,1,85.17,2,1523.533,2,27.7716,2,35.145723,2,-122.94964453,2
1352938245,11/15/2012 00:10:45,2,docr,3976.67,2,1.51,2,34.675,2,2.681,1,85.15,2,1523.533,2,27.7716,2,35.145715,2,-122.949639,2
1352938260,11/15/2012 00:11:00,2,docr,3976.67,2,1.51,2,34.675,2,2.682,1,85.15,0,1523.533,2,27.7716,2,35.14572526,2,-122.94965953,2
1352938275,11/15/2012 00:11:15,2,docr,3976.67,2,1.51,2,34.675,2,2.683,1,85.15,2,1523.533,2,27.7716,2,35.1457256,2,-122.9496542,2
1352938290,11/15/2012 00:11:30,2,docr,3976.67,2,1.511,2,34.675,2,2.682,1,85.16,2,1523.538,2,27.7716,2,35.145725,2,-122.949644,2
1352938305,11/15/2012 00:11:45,2,docr,3976.57,2,1.523,2,34.675,2,2.682,1,85.13,2,1523.588,2,27.7708,2,35.14569026,2,-122.94966193,2
1352938320,11/15/2012 00:12:00,2,docr,3976.18,2,1.51,2,34.675,2,2.68,1,85.13,0,1523.525,2,27.7716,2,35.14568293,2,-122.9496658,2
1352938335,11/15/2012 00:12:15,2,docr,3976.09,2,1.51,2,34.675,2,2.68,1,85.12,2,1523.523,2,27.7716,2,35.145676,2,-122.949671,2
1352938350,11/15/2012 00:12:30,2,docr,3976.38,2,1.51,2,34.675,2,2.68,1,85.15,2,1523.528,2,27.7716,2,35.145712,2,-122.94969313,2
1352938365,11/15/2012 00:12:45,2,docr,3976.57,2,1.51,2,34.675,2,2.683,1,85.13,2,1523.531,2,27.7716,2,35.1457172,2,-122.9496878,2
1352938380,11/15/2012 00:13:00,2,docr,3976.57,2,1.51,2,34.675,2,2.681,1,85.12,2,1523.531,2,27.7716,2,35.145715,2,-122.949668,2
1352938395,11/15/2012 00:13:15,2,docr,3976.57,2,1.51,2,34.675,2,2.683,1,85.17,0,1523.531,2,27.7716,2,35.1457138,2,-122.94967786,2
1352938410,11/15/2012 00:13:30,2,docr,3976.57,2,1.51,2,34.675,2,2.683,1,85.15,2,1523.531,2,27.7716,2,35.1457118,2,-122.9496748,2
1352938425,11/15/2012 00:13:45,2,docr,3976.57,2,1.511,2,34.675,2,2.681,1,85.12,2,1523.536,2,27.7716,2,35.1457026,2,-122.94965653,2
1352938440,11/15/2012 00:14:00,2,docr,3976.57,2,1.51,2,34.675,2,2.683,1,85.11,2,1523.531,2,27.7716,2,35.1457072,2,-122.94966993,2
1352938455,11/15/2012 00:14:15,2,docr,3976.57,2,1.51,2,34.675,2,2.681,1,85.06,2,1523.531,2,27.7716,2,35.1457066,2,-122.94966653,2
1352938470,11/15/2012 00:14:30,2,docr,3976.57,2,1.51,2,34.675,2,2.682,1,85.07,2,1523.531,2,27.7716,2,35.145704,2,-122.949644,2
1352938485,11/15/2012 00:14:45,2,docr,3976.57,2,1.51,2,34.674,2,2.68,1,85.16,2,1523.53,2,27.7708,2,35.14573126,2,-122.94966326,2
1352938500,11/15/2012 00:15:00,2,docr,3976.57,2,1.51,2,34.675,2,2.683,1,85.16,2,1523.531,2,27.7716,2,35.1457486,2,-122.94967953,2
1352938515,11/15/2012 00:15:15,2,docr,3976.57,2,1.511,2,34.675,2,2.682,1,85.16,0,1523.536,2,27.7716,2,35.14570566,2,-122.94968793,2
1352938530,11/15/2012 00:15:30,2,docr,3976.57,2,1.51,2,34.675,2,2.688,1,85.14,2,1523.531,2,27.7716,2,35.14572033,2,-122.94967066,2
1352938545,11/15/2012 00:15:45,2,docr,3976.57,2,1.51,2,34.675,2,2.69,1,85.13,2,1523.531,2,27.7716,2,35.145738,2,-122.949654,2
1352938560,11/15/2012 00:16:00,2,docr,3976.57,2,1.51,2,34.675,2,2.691,1,85.14,2,1523.531,2,27.7716,2,35.14575093,2,-122.94964686,2
1352938575,11/15/2012 00:16:15,2,docr,3976.57,2,1.51,2,34.675,2,2.691,1,85.17,2,1523.531,2,27.7716,2,35.14574813,2,-122.94965613,2
1352938590,11/15/2012 00:16:30,2,docr,3976.57,2,1.51,2,34.675,2,2.693,1,85.17,2,1523.531,2,27.7716,2,35.145744,2,-122.949673,2
1352938605,11/15/2012 00:16:45,2,docr,3976.57,2,1.51,2,34.675,2,2.689,1,85.15,2,1523.531,2,27.7716,2,35.1457204,2,-122.94967486,2
1352938620,11/15/2012 00:17:00,2,docr,3976.57,2,1.51,2,34.675,2,2.689,1,85.13,2,1523.531,2,27.7716,2,35.1457138,2,-122.94967446,2
1352938635,11/15/2012 00:17:15,2,docr,3976.57,2,1.511,2,34.675,2,2.689,1,85.1,2,1523.536,2,27.7716,2,35.145714,2,-122.949673,2
1352938650,11/15/2012 00:17:30,2,docr,3976.57,2,1.511,2,34.675,2,2.69,1,85.08,2,1523.536,2,27.7716,2,35.14570706,2,-122.949673,2
1352938665,11/15/2012 00:17:45,2,docr,3976.57,2,1.511,2,34.675,2,2.688,1,85.12,2,1523.536,2,27.7716,2,35.1457002,2,-122.94966526,2
1352938680,11/15/2012 00:18:00,2,docr,3976.57,2,1.51,2,34.675,2,2.684,1,85.08,2,1523.531,2,27.7716,2,35.145688,2,-122.949651,2
1352938695,11/15/2012 00:18:15,2,docr,3976.57,2,1.51,2,34.675,2,2.683,1,85.09,2,1523.531,2,27.7716,2,35.14570593,2,-122.9496412,2
1352938710,11/15/2012 00:18:30,2,docr,3976.57,2,1.512,2,34.675,2,2.68,1,85.1,2,1523.54,2,27.7715,2,35.14570573,2,-122.94964446,2
1352938725,11/15/2012 00:18:45,2,docr,3976.57,2,1.511,2,34.675,2,2.681,1,85.1,2,1523.536,2,27.7716,2,35.145711,2,-122.949661,2
1352938740,11/15/2012 00:19:00,2,docr,3976.57,2,1.51,2,34.675,2,2.684,1,85.1,2,1523.531,2,27.7716,2,35.1457592,2,-122.94966533,2
1352938755,11/15/2012 00:19:15,2,docr,3976.57,2,1.51,2,34.675,2,2.681,1,85.15,2,1523.531,2,27.7716,2,35.145783,2,-122.9496608,2
1352938770,11/15/2012 00:19:30,2,docr,3976.57,2,1.51,2,34.675,2,2.679,1,85.14,2,1523.531,2,27.7716,2,35.14578366,2,-122.94963013,2
1352938785,11/15/2012 00:19:45,2,docr,3976.57,2,1.51,2,34.675,2,2.681,1,85.16,2,1523.531,2,27.7716,2,35.1457868,2,-122.94961813,2
1352938800,11/15/2012 00:20:00,2,docr,3976.57,2,1.51,2,34.675,2,2.681,1,85.15,2,1523.531,2,27.7716,2,35.14578753,2,-122.94961413,2
1352938815,11/15/2012 00:20:15,2,docr,3976.57,2,1.51,2,34.675,2,2.682,1,85.15,2,1523.531,2,27.7716,2,35.145791,2,-122.949624,2
1352938830,11/15/2012 00:20:30,2,docr,3976.57,2,1.51,2,34.675,2,2.681,1,85.15,2,1523.531,2,27.7716,2,35.1457728,2,-122.94962713,2
1352938845,11/15/2012 00:20:45,2,docr,3976.57,2,1.51,2,34.675,2,2.683,1,85.17,2,1523.531,2,27.7716,2,35.1457622,2,-122.94963233,2
1352938860,11/15/2012 00:21:00,2,docr,3976.57,2,1.51,2,34.675,2,2.682,1,85.15,2,1523.531,2,27.7716,2,35.145703,2,-122.949697,2
1352938875,11/15/2012 00:21:15,2,docr,3976.57,2,1.51,2,34.675,2,2.681,1,85.16,2,1523.531,2,27.7716,2,35.1457046,2,-122.94972393,2
1352938890,11/15/2012 00:21:30,2,docr,3976.57,2,1.51,2,34.675,2,2.681,1,85.16,2,1523.531,2,27.7716,2,35.145705,2,-122.949747,2
1352938905,11/15/2012 00:21:45,2,docr,3976.57,2,1.51,2,34.675,2,2.679,1,85.17,2,1523.531,2,27.7716,2,35.14569286,2,-122.94972026,2
1352938920,11/15/2012 00:22:00,2,docr,3976.57,2,1.511,2,34.675,2,2.683,1,85.14,2,1523.536,2,27.7716,2,35.14569786,2,-122.94969973,2
1352938935,11/15/2012 00:22:15,2,docr,3976.57,2,1.51,2,34.675,2,2.68,1,85.16,2,1523.531,2,27.7716,2,35.1457,2,-122.949664,2
1352938950,11/15/2012 00:22:30,2,docr,3976.57,2,1.51,2,34.675,2,2.682,1,85.16,2,1523.531,2,27.7716,2,35.14572746,2,-122.94970146,2
1352938965,11/15/2012 00:22:45,2,docr,3976.57,2,1.51,2,34.675,2,2.683,1,85.17,2,1523.531,2,27.7716,2,35.1457468,2,-122.94967713,2
1352938980,11/15/2012 00:23:00,2,docr,3976.57,2,1.51,2,34.675,2,2.678,1,85.15,2,1523.531,2,27.7716,2,35.145779,2,-122.949628,2
1352938995,11/15/2012 00:23:15,2,docr,3976.57,2,1.511,2,34.675,2,2.682,1,85.16,2,1523.536,2,27.7716,2,35.145767,2,-122.94966326,2
1352939010,11/15/2012 00:23:30,2,docr,3976.57,2,1.51,2,34.675,2,2.682,1,85.16,2,1523.531,2,27.7716,2,35.14576573,2,-122.94966253,2
1352939025,11/15/2012 00:23:45,2,docr,3976.57,2,1.51,2,34.675,2,2.682,1,85.16,2,1523.531,2,27.7716,2,35.14574,2,-122.949664,2
1352939040,11/15/2012 00:24:00,2,docr,3976.57,2,1.512,2,34.676,2,2.681,1,85.19,2,1523.542,2,27.7723,2,35.14575806,2,-122.94966986,2
1352939055,11/15/2012 00:24:15,2,docr,3976.57,2,1.511,2,34.676,2,2.683,1,85.15,2,1523.537,2,27.7724,2,35.14574846,2,-122.94968853,2
1352939070,11/15/2012 00:24:30,2,docr,3976.57,2,1.512,2,34.675,2,2.682,1,85.17,2,1523.54,2,27.7715,2,35.145699,2,-122.949759,2
1352939085,11/15/2012 00:24:45,2,docr,3976.57,2,1.51,2,34.675,2,2.682,1,85.15,2,1523.531,2,27.7716,2,35.14567686,2,-122.94973666,2
1352939100,11/15/2012 00:25:00,2,docr,3976.57,2,1.511,2,34.675,2,2.681,1,85.15,2,1523.536,2,27.7716,2,35.1456734,2,-122.9497212,2
1352939115,11/15/2012 00:25:15,2,docr,3976.57,2,1.51,2,34.675,2,2.681,1,85.14,2,1523.531,2,27.7716,2,35.14576326,2,-122.94962373,2
1352939130,11/15/2012 00:25:30,2,docr,3976.57,2,1.513,2,34.675,2,2.68,1,85.14,2,1523.545,2,27.7714,2,35.145741,2,-122.94965313,2
1352939145,11/15/2012 00:25:45,2,docr,3976.57,2,1.512,2,34.676,2,2.68,1,85.16,2,1523.542,2,27.7723,2,35.14572086,2,-122.94966986,2
1352939160,11/15/2012 00:26:00,2,docr,3976.57,2,1.51,2,34.675,2,2.68,1,85.15,2,1523.531,2,27.7716,2,35.145705,2,-122.949673,2
1352939175,11/15/2012 00:26:15,2,docr,3976.57,2,1.511,2,34.676,2,2.68,1,85.14,2,1523.537,2,27.7724,2,35.1457014,2,-122.949682,2
1352939190,11/15/2012 00:26:30,2,docr,3976.57,2,1.511,2,34.675,2,2.683,1,85.15,2,1523.536,2,27.7716,2,35.145699,2,-122.94968933,2
1352939205,11/15/2012 00:26:45,2,docr,3976.57,2,1.51,2,34.675,2,2.681,1,85.17,2,1523.531,2,27.7716,2,35.1456918,2,-122.9497096,2
1352939220,11/15/2012 00:27:00,2,docr,3976.57,2,1.51,2,34.675,2,2.683,1,85.16,2,1523.531,2,27.7716,2,35.14568886,2,-122.9497066,2
1352939235,11/15/2012 00:27:15,2,docr,3976.57,2,1.511,2,34.675,2,2.682,1,85.13,2,1523.536,2,27.7716,2,35.145685,2,-122.949712,2
1352939250,11/15/2012 00:27:30,2,docr,3976.57,2,1.512,2,34.675,2,2.679,1,85.14,2,1523.54,2,27.7715,2,35.1457032,2,-122.94971966,2
1352939265,11/15/2012 00:27:45,2,docr,3976.57,2,1.511,2,34.675,2,2.683,1,85.17,2,1523.536,2,27.7716,2,35.14569346,2,-122.94972506,2
1352939280,11/15/2012 00:28:00,2,docr,3976.57,2,1.511,2,34.675,2,2.681,1,85.18,2,1523.536,2,27.7716,2,35.145682,2,-122.949708,2
1352939295,11/15/2012 00:28:15,2,docr,3976.57,2,1.512,2,34.675,2,2.681,1,85.18,2,1523.54,2,27.7715,2,35.14569133,2,-122.94972173,2
1352939310,11/15/2012 00:28:30,2,docr,3976.57,2,1.511,2,34.675,2,2.68,1,85.17,2,1523.536,2,27.7716,2,35.14571146,2,-122.94970606,2
1352939325,11/15/2012 00:28:45,2,docr,3976.57,2,1.51,2,34.675,2,2.682,1,85.17,2,1523.531,2,27.7716,2,35.145735,2,-122.949695,2
1352939340,11/15/2012 00:29:00,2,docr,3976.57,2,1.51,2,34.675,2,2.68,1,85.16,2,1523.531,2,27.7716,2,35.14575333,2,-122.94964766,2
1352939355,11/15/2012 00:29:15,2,docr,3976.57,2,1.511,2,34.676,2,2.678,1,85.15,2,1523.537,2,27.7724,2,35.1457556,2,-122.94964273,2
1352939370,11/15/2012 00:29:30,2,docr,3976.57,2,1.513,2,34.676,2,2.681,1,85.17,2,1523.546,2,27.7722,2,35.14575,2,-122.949639,2
1352939385,11/15/2012 00:29:45,2,docr,3976.57,2,1.511,2,34.676,2,2.681,1,85.19,2,1523.537,2,27.7724,2,35.14573026,2,-122.94964206,2
1352939400,11/15/2012 00:30:00,2,docr,3976.57,2,1.51,2,34.675,2,2.68,1,85.14,2,1523.531,2,27.7716,2,35.14572546,2,-122.9496374,2
1352939415,11/15/2012 00:30:15,2,docr,3976.57,2,1.51,2,34.675,2,2.682,1,85.19,2,1523.531,2,27.7716,2,35.145732,2,-122.949652,2
1352939430,11/15/2012 00:30:30,2,docr,3976.57,2,1.511,2,34.675,2,2.681,1,85.16,2,1523.536,2,27.7716,2,35.1457218,2,-122.94965513,2
1352939445,11/15/2012 00:30:45,2,docr,3976.57,2,1.51,2,34.675,2,2.682,1,85.16,2,1523.531,2,27.7716,2,35.1457196,2,-122.949656,2
1352939460,11/15/2012 00:31:00,2,docr,3976.57,2,1.511,2,34.675,2,2.681,1,85.14,2,1523.536,2,27.7716,2,35.1457272,2,-122.94964453,2
1352939475,11/15/2012 00:31:15,2,docr,3976.57,2,1.511,2,34.676,2,2.681,1,85.15,2,1523.537,2,27.7724,2,35.14573673,2,-122.94965013,2
1352939490,11/15/2012 00:31:30,2,docr,3976.57,2,1.511,2,34.675,2,2.68,1,85.17,2,1523.536,2,27.7716,2,35.14574506,2,-122.94965906,2
1352939505,11/15/2012 00:31:45,2,docr,3976.57,2,1.51,2,34.675,2,2.679,1,85.16,2,1523.531,2,27.7716,2,35.1457702,2,-122.9496218,2
1352939520,11/15/2012 00:32:00,2,docr,3976.57,2,1.51,2,34.675,2,2.682,1,85.17,0,1523.531,2,27.7716,2,35.1457728,2,-122.94961686,2
1352939535,11/15/2012 00:32:15,2,docr,3976.57,2,1.51,2,34.675,2,2.68,1,85.15,2,1523.531,2,27.7716,2,35.1457734,2,-122.94960486,2
1352939550,11/15/2012 00:32:30,2,docr,3976.57,2,1.512,2,34.675,2,2.681,1,85.15,0,1523.54,2,27.7715,2,35.14578553,2,-122.94959646,2
1352939565,11/15/2012 00:32:45,2,docr,3976.57,2,1.515,2,34.676,2,2.682,1,85.12,2,1523.555,2,27.7721,2,35.14579273,2,-122.94960133,2
1352939580,11/15/2012 00:33:00,2,docr,3976.57,2,1.513,2,34.675,2,2.681,1,85.15,2,1523.545,2,27.7714,2,35.14579,2,-122.949596,2
1352939595,11/15/2012 00:33:15,2,docr,3976.57,2,1.512,2,34.675,2,2.681,1,85.16,2,1523.54,2,27.7715,2,35.14575446,2,-122.94965393,2
1352939610,11/15/2012 00:33:30,2,docr,3976.57,2,1.51,2,34.675,2,2.681,1,85.15,2,1523.531,2,27.7716,2,35.1457624,2,-122.94965033,2
1352939625,11/15/2012 00:33:45,2,docr,3976.57,2,1.51,2,34.675,2,2.681,1,85.15,2,1523.531,2,27.7716,2,35.145768,2,-122.949635,2
1352939640,11/15/2012 00:34:00,2,docr,3976.57,2,1.511,2,34.676,2,2.682,1,85.15,2,1523.537,2,27.7724,2,35.14574853,2,-122.94964033,2
1352939655,11/15/2012 00:34:15,2,docr,3976.57,2,1.51,2,34.675,2,2.68,1,85.14,2,1523.531,2,27.7716,2,35.14574506,2,-122.94965033,2
1352939670,11/15/2012 00:34:30,2,docr,3976.57,2,1.51,2,34.675,2,2.683,1,85.15,2,1523.531,2,27.7716,2,35.145738,2,-122.949653,2
1352939685,11/15/2012 00:34:45,2,docr,3976.57,2,1.511,2,34.675,2,2.681,1,85.16,2,1523.536,2,27.7716,2,35.145756,2,-122.949639,2
1352939700,11/15/2012 00:35:00,2,docr,3976.57,2,1.51,2,34.675,2,2.681,1,85.16,2,1523.531,2,27.7716,2,35.14575413,2,-122.94964106,2
1352939715,11/15/2012 00:35:15,2,docr,3976.57,2,1.512,2,34.675,2,2.683,1,85.17,2,1523.54,2,27.7715,2,35.145752,2,-122.949646,2
1352939730,11/15/2012 00:35:30,2,docr,3976.57,2,1.512,2,34.676,2,2.682,1,85.14,2,1523.542,2,27.7723,2,35.1457592,2,-122.94963106,2
1352939745,11/15/2012 00:35:45,2,docr,3976.57,2,1.512,2,34.676,2,2.682,1,85.17,2,1523.542,2,27.7723,2,35.14575933,2,-122.94962766,2
1352939760,11/15/2012 00:36:00,2,docr,3976.57,2,1.51,2,34.675,2,2.68,1,85.18,2,1523.531,2,27.7716,2,35.145757,2,-122.949616,2
1352939775,11/15/2012 00:36:15,2,docr,3976.57,2,1.51,2,34.675,2,2.682,1,85.18,2,1523.531,2,27.7716,2,35.14574833,2,-122.9496052,2
1352939790,11/15/2012 00:36:30,2,docr,3976.57,2,1.511,2,34.675,2,2.683,1,85.18,2,1523.536,2,27.7716,2,35.14574466,2,-122.9496024,2
1352939805,11/15/2012 00:36:45,2,docr,3976.57,2,1.511,2,34.676,2,2.682,1,85.15,2,1523.537,2,27.7724,2,35.145744,2,-122.94962,2
1352939820,11/15/2012 00:37:00,2,docr,3976.57,2,1.511,2,34.676,2,2.684,1,85.18,2,1523.537,2,27.7724,2,35.14574226,2,-122.94964286,2
1352939835,11/15/2012 00:37:15,2,docr,3976.57,2,1.51,2,34.676,2,2.68,1,85.17,2,1523.533,2,27.7724,2,35.1457448,2,-122.9496482,2
1352939850,11/15/2012 00:37:30,2,docr,3976.57,2,1.51,2,34.675,2,2.681,1,85.15,2,1523.531,2,27.7716,2,35.14575693,2,-122.94962133,2
1352939865,11/15/2012 00:37:45,2,docr,3976.57,2,1.51,2,34.675,2,2.68,1,85.16,2,1523.531,2,27.7716,2,35.1457588,2,-122.94962033,2
1352939880,11/15/2012 00:38:00,2,docr,3976.57,2,1.51,2,34.675,2,2.682,1,85.15,2,1523.531,2,27.7716,2,35.14575746,2,-122.94962133,2
1352939895,11/15/2012 00:38:15,2,docr,3976.57,2,1.51,2,34.675,2,2.681,1,85.14,2,1523.531,2,27.7716,2,35.145753,2,-122.949636,2
1352939910,11/15/2012 00:38:30,2,docr,3976.57,2,1.51,2,34.675,2,2.681,1,85.16,2,1523.531,2,27.7716,2,35.14576126,2,-122.9496344,2
1352939925,11/15/2012 00:38:45,2,docr,3976.57,2,1.511,2,34.675,2,2.681,1,85.16,2,1523.536,2,27.7716,2,35.14577,2,-122.949636,2
1352939940,11/15/2012 00:39:00,2,docr,3976.57,2,1.51,2,34.675,2,2.68,1,85.16,2,1523.531,2,27.7716,2,35.14576666,2,-122.9496154,2
1352939955,11/15/2012 00:39:15,2,docr,3976.57,2,1.51,2,34.675,2,2.682,1,85.14,2,1523.531,2,27.7716,2,35.14576986,2,-122.94961813,2
1352939970,11/15/2012 00:39:30,2,docr,3976.57,2,1.51,2,34.675,2,2.679,1,85.12,2,1523.531,2,27.7716,2,35.145772,2,-122.949624,2
1352939985,11/15/2012 00:39:45,2,docr,3976.57,2,1.51,2,34.675,2,2.68,1,85.15,2,1523.531,2,27.7716,2,35.14574306,2,-122.9496772,2
1352940000,11/15/2012 00:40:00,2,docr,3976.57,2,1.51,2,34.675,2,2.681,1,85.16,2,1523.531,2,27.7716,2,35.1457474,2,-122.94966313,2
1352940015,11/15/2012 00:40:15,2,docr,3976.57,2,1.51,2,34.675,2,2.68,1,85.15,2,1523.531,2,27.7716,2,35.145758,2,-122.949638,2
1352940030,11/15/2012 00:40:30,2,docr,3976.57,2,1.51,2,34.675,2,2.679,1,85.15,2,1523.531,2,27.7716,2,35.1457396,2,-122.9496738,2
1352940045,11/15/2012 00:40:45,2,docr,3976.57,2,1.51,2,34.675,2,2.681,1,85.15,2,1523.531,2,27.7716,2,35.14573866,2,-122.94968826,2
1352940060,11/15/2012 00:41:00,2,docr,3976.57,2,1.51,2,34.675,2,2.678,1,85.15,2,1523.531,2,27.7716,2,35.14572,2,-122.949698,2
1352940075,11/15/2012 00:41:15,2,docr,3976.57,2,1.51,2,34.675,2,2.678,1,85.16,2,1523.531,2,27.7716,2,35.1456904,2,-122.949702,2
1352940090,11/15/2012 00:41:30,2,docr,3976.48,2,1.51,2,34.675,2,2.678,1,85.03,2,1523.53,2,27.7716,2,35.14569886,2,-122.94969686,2
1352940105,11/15/2012 00:41:45,2,docr,3975.89,2,1.51,2,34.675,2,2.68,1,85.05,0,1523.519,2,27.7716,2,35.145746,2,-122.949688,2
1352940120,11/15/2012 00:42:00,2,docr,3974.62,2,1.509,2,34.676,2,2.681,1,85.14,2,1523.494,2,27.7725,2,35.14574806,2,-122.94968353,2
1352940135,11/15/2012 00:42:15,2,docr,3974.72,2,1.509,2,34.676,2,2.679,1,85.16,2,1523.496,2,27.7725,2,35.1457518,2,-122.949686,2
1352940150,11/15/2012 00:42:30,2,docr,3974.82,2,1.509,2,34.676,2,2.681,1,85.15,0,1523.497,2,27.7725,2,35.1457742,2,-122.94969093,2
1352940165,11/15/2012 00:42:45,2,docr,3975.21,2,1.509,2,34.676,2,2.68,1,85.16,2,1523.504,2,27.7725,2,35.14579133,2,-122.94966013,2
1352940180,11/15/2012 00:43:00,2,docr,3975.31,2,1.509,2,34.676,2,2.681,1,85.17,0,1523.506,2,27.7725,2,35.145803,2,-122.94964793,2
1352940195,11/15/2012 00:43:15,2,docr,3975.5,2,1.51,2,34.675,2,2.681,1,85.14,0,1523.512,2,27.7716,2,35.145819,2,-122.949684,2
1352940210,11/15/2012 00:43:30,2,docr,3975.79,2,1.525,2,34.678,2,2.679,1,85.17,2,1523.587,2,27.773,2,35.14582366,2,-122.94969586,2
1352940225,11/15/2012 00:43:45,2,docr,3976.38,2,1.514,2,34.674,2,2.68,1,85.16,2,1523.544,2,27.7706,2,35.14582886,2,-122.94971233,2
1352940240,11/15/2012 00:44:00,2,docr,3976.48,2,1.511,2,34.675,2,2.681,1,85.16,2,1523.534,2,27.7716,2,35.1458262,2,-122.9497098,2
1352940255,11/15/2012 00:44:15,2,docr,3976.48,2,1.51,2,34.675,2,2.681,1,85.16,2,1523.53,2,27.7716,2,35.14582093,2,-122.94973606,2
1352940270,11/15/2012 00:44:30,2,docr,3976.48,2,1.51,2,34.675,2,2.681,1,85.16,2,1523.53,2,27.7716,2,35.145823,2,-122.949755,2
1352940285,11/15/2012 00:44:45,2,docr,3976.48,2,1.51,2,34.675,2,2.682,1,85.15,2,1523.53,2,27.7716,2,35.14582746,2,-122.949735,2
1352940300,11/15/2012 00:45:00,2,docr,3976.48,2,1.51,2,34.675,2,2.681,1,85.14,2,1523.53,2,27.7716,2,35.14583453,2,-122.94973733,2
1352940315,11/15/2012 00:45:15,2,docr,3976.48,2,1.51,2,34.675,2,2.682,1,85.17,0,1523.53,2,27.7716,2,35.145844,2,-122.94974,2
1352940330,11/15/2012 00:45:30,2,docr,3976.48,2,1.51,2,34.675,2,2.683,1,85.17,2,1523.53,2,27.7716,2,35.14583773,2,-122.94974133,2
1352940345,11/15/2012 00:45:45,2,docr,3976.48,2,1.51,2,34.675,2,2.682,1,85.14,2,1523.53,2,27.7716,2,35.14582726,2,-122.9497412,2
1352940360,11/15/2012 00:46:00,2,docr,3976.48,2,1.51,2,34.675,2,2.682,1,85.13,2,1523.53,2,27.7716,2,35.145804,2,-122.949764,2
1352940375,11/15/2012 00:46:15,2,docr,3976.48,2,1.51,2,34.675,2,2.68,1,85.14,2,1523.53,2,27.7716,2,35.14581593,2,-122.94975053,2
1352940390,11/15/2012 00:46:30,2,docr,3976.48,2,1.51,2,34.675,2,2.681,1,85.13,2,1523.53,2,27.7716,2,35.14581026,2,-122.94975906,2
1352940405,11/15/2012 00:46:45,2,docr,3976.48,2,1.51,2,34.675,2,2.682,1,85.14,2,1523.53,2,27.7716,2,35.145808,2,-122.94976,2
1352940420,11/15/2012 00:47:00,2,docr,3976.48,2,1.51,2,34.675,2,2.68,1,85.15,2,1523.53,2,27.7716,2,35.14578466,2,-122.94977,2
1352940435,11/15/2012 00:47:15,2,docr,3976.48,2,1.51,2,34.675,2,2.681,1,85.14,2,1523.53,2,27.7716,2,35.145772,2,-122.94977306,2
1352940450,11/15/2012 00:47:30,2,docr,3976.48,2,1.51,2,34.675,2,2.679,1,85.12,2,1523.53,2,27.7716,2,35.145767,2,-122.949787,2
1352940465,11/15/2012 00:47:45,2,docr,3976.48,2,1.51,2,34.675,2,2.682,1,85.15,2,1523.53,2,27.7716,2,35.1457708,2,-122.94979653,2
1352940480,11/15/2012 00:48:00,2,docr,3976.48,2,1.511,2,34.675,2,2.68,1,85.17,2,1523.534,2,27.7716,2,35.14576953,2,-122.94980153,2
1352940495,11/15/2012 00:48:15,2,docr,3976.48,2,1.51,2,34.675,2,2.682,1,85.17,2,1523.53,2,27.7716,2,35.145761,2,-122.949791,2
1352940510,11/15/2012 00:48:30,2,docr,3976.48,2,1.51,2,34.675,2,2.68,1,85.15,2,1523.53,2,27.7716,2,35.14577566,2,-122.94980353,2
1352940525,11/15/2012 00:48:45,2,docr,3976.48,2,1.51,2,34.675,2,2.681,1,85.16,2,1523.53,2,27.7716,2,35.14578673,2,-122.94981406,2
1352940540,11/15/2012 00:49:00,2,docr,3976.48,2,1.537,2,34.681,2,2.679,1,85.16,2,1523.655,2,27.7746,2,35.14579713,2,-122.94977853,2
1352940555,11/15/2012 00:49:15,2,docr,3976.48,2,1.539,2,34.675,2,2.681,1,85.17,2,1523.656,2,27.7697,2,35.14578733,2,-122.9497926,2
1352940570,11/15/2012 00:49:30,2,docr,3976.48,2,1.541,2,34.677,2,2.682,1,85.17,2,1523.667,2,27.7712,2,35.14578266,2,-122.9498016,2
1352940585,11/15/2012 00:49:45,2,docr,3976.48,2,1.552,2,34.676,2,2.681,1,85.14,2,1523.714,2,27.7696,2,35.1457796,2,-122.9497688,2
1352940600,11/15/2012 00:50:00,2,docr,3976.48,2,1.537,2,34.672,2,2.681,1,85.15,0,1523.643,2,27.7674,2,35.14578586,2,-122.9497802,2
1352940615,11/15/2012 00:50:15,2,docr,3976.48,2,1.546,2,34.679,2,2.681,1,85.15,2,1523.692,2,27.7724,2,35.145789,2,-122.949798,2
1352940630,11/15/2012 00:50:30,2,docr,3976.48,2,1.554,2,34.675,2,2.68,1,85.17,2,1523.721,2,27.7687,2,35.14578033,2,-122.94980653,2
1352940645,11/15/2012 00:50:45,2,docr,3976.48,2,1.541,2,34.683,2,2.68,1,85.17,2,1523.675,2,27.776,2,35.1457802,2,-122.94982293,2
1352940660,11/15/2012 00:51:00,2,docr,3976.48,2,1.54,2,34.675,2,2.68,1,85.18,2,1523.66,2,27.7696,2,35.145779,2,-122.949856,2
1352940675,11/15/2012 00:51:15,2,docr,3976.48,2,1.55,2,34.68,2,2.678,1,85.18,2,1523.71,2,27.773,2,35.14579753,2,-122.94979826,2
1352940690,11/15/2012 00:51:30,2,docr,3976.48,2,1.562,2,34.674,2,2.679,1,85.18,2,1523.755,2,27.7673,2,35.14580673,2,-122.9497912,2
1352940705,11/15/2012 00:51:45,2,docr,3976.48,2,1.548,2,34.675,2,2.681,1,85.17,2,1523.695,2,27.7691,2,35.145837,2,-122.949779,2
1352940720,11/15/2012 00:52:00,2,docr,3976.48,2,1.549,2,34.674,2,2.68,1,85.17,2,1523.698,2,27.7682,2,35.14579106,2,-122.94977986,2
1352940735,11/15/2012 00:52:15,2,docr,3976.48,2,1.521,2,34.671,2,2.68,1,85.15,2,1523.572,2,27.7677,2,35.1457738,2,-122.94978546,2
1352940750,11/15/2012 00:52:30,2,docr,3975.89,2,1.513,2,34.675,2,2.68,1,85.12,0,1523.532,2,27.7714,2,35.145767,2,-122.949806,2
1352940765,11/15/2012 00:52:45,2,docr,3974.43,2,1.51,2,34.675,2,2.682,1,85.16,0,1523.493,2,27.7716,2,35.14577193,2,-122.94981426,2
1352940780,11/15/2012 00:53:00,2,docr,3974.14,2,1.509,2,34.676,2,2.682,1,85.14,2,1523.485,2,27.7725,2,35.14577073,2,-122.94982506,2
1352940795,11/15/2012 00:53:15,2,docr,3974.82,2,1.509,2,34.676,2,2.68,1,85.16,0,1523.497,2,27.7725,2,35.14577,2,-122.949839,2
1352940810,11/15/2012 00:53:30,2,docr,3975.31,2,1.51,2,34.675,2,2.68,1,85.14,2,1523.509,2,27.7716,2,35.1458046,2,-122.9498186,2
1352940825,11/15/2012 00:53:45,2,docr,3974.82,2,1.509,2,34.676,2,2.68,1,85.15,0,1523.497,2,27.7725,2,35.14583213,2,-122.94981153,2
1352940840,11/15/2012 00:54:00,2,docr,3975.31,2,1.51,2,34.675,2,2.681,1,85.11,0,1523.509,2,27.7716,2,35.145872,2,-122.94981,2
1352940855,11/15/2012 00:54:15,2,docr,3974.92,2,1.509,2,34.676,2,2.683,1,85.15,0,1523.499,2,27.7725,2,35.14589893,2,-122.9497964,2
1352940870,11/15/2012 00:54:30,2,docr,3975.01,2,1.509,2,34.676,2,2.681,1,85.15,2,1523.501,2,27.7725,2,35.14591393,2,-122.94979133,2
1352940885,11/15/2012 00:54:45,2,docr,3975.01,2,1.509,2,34.676,2,2.681,1,85.17,2,1523.501,2,27.7725,2,35.145919,2,-122.949823,2
1352940900,11/15/2012 00:55:00,2,docr,3975.01,2,1.509,2,34.676,2,2.681,1,85.17,2,1523.501,2,27.7725,2,35.14594733,2,-122.94983,2
1352940915,11/15/2012 00:55:15,2,docr,3975.01,2,1.509,2,34.676,2,2.679,1,85.18,2,1523.501,2,27.7725,2,35.1459752,2,-122.9498304,2
1352940930,11/15/2012 00:55:30,2,docr,3974.92,2,1.509,2,34.676,2,2.679,1,85.17,2,1523.499,2,27.7725,2,35.1460328,2,-122.949816,2
1352940945,11/15/2012 00:55:45,2,docr,3974.92,2,1.509,2,34.676,2,2.681,1,85.17,2,1523.499,2,27.7725,2,35.1460588,2,-122.94980746,2
1352940960,11/15/2012 00:56:00,2,docr,3974.92,2,1.509,2,34.676,2,2.68,1,85.17,2,1523.499,2,27.7725,2,35.146079,2,-122.949797,2
1352940975,11/15/2012 00:56:15,2,docr,3974.82,2,1.509,2,34.676,2,2.682,1,85.17,2,1523.497,2,27.7725,2,35.1461158,2,-122.9497882,2
1352940990,11/15/2012 00:56:30,2,docr,3974.82,2,1.509,2,34.676,2,2.682,1,85.16,2,1523.497,2,27.7725,2,35.14613326,2,-122.9498016,2
1352941005,11/15/2012 00:56:45,2,docr,3974.82,2,1.509,2,34.676,2,2.68,1,85.17,2,1523.497,2,27.7725,2,35.146161,2,-122.949824,2
1352941020,11/15/2012 00:57:00,2,docr,3974.82,2,1.509,2,34.676,2,2.679,1,85.15,2,1523.497,2,27.7725,2,35.14618846,2,-122.94979426,2
1352941035,11/15/2012 00:57:15,2,docr,3974.82,2,1.509,2,34.676,2,2.682,1,85.17,2,1523.497,2,27.7725,2,35.14620553,2,-122.9497912,2
1352941050,11/15/2012 00:57:30,2,docr,3974.72,2,1.509,2,34.676,2,2.681,1,85.16,2,1523.496,2,27.7725,2,35.146228,2,-122.949789,2
1352941065,11/15/2012 00:57:45,2,docr,3974.72,2,1.509,2,34.676,2,2.682,1,85.15,2,1523.496,2,27.7725,2,35.14625526,2,-122.94979353,2
1352941080,11/15/2012 00:58:00,2,docr,3974.82,2,1.509,2,34.676,2,2.681,1,85.17,2,1523.497,2,27.7725,2,35.1462794,2,-122.94979273,2
1352941095,11/15/2012 00:58:15,2,docr,3974.72,2,1.509,2,34.676,2,2.681,1,85.18,2,1523.496,2,27.7725,2,35.146318,2,-122.949792,2
1352941110,11/15/2012 00:58:30,2,docr,3973.75,2,1.509,2,34.676,2,2.68,1,85.14,0,1523.478,2,27.7725,2,35.14635473,2,-122.9497772,2
1352941125,11/15/2012 00:58:45,2,docr,3971.8,2,1.509,2,34.676,2,2.681,1,85.03,0,1523.444,2,27.7725,2,35.14637126,2,-122.94977813,2
1352941140,11/15/2012 00:59:00,2,docr,3968.88,2,1.509,2,34.675,2,2.681,1,85.17,0,1523.391,2,27.7716,2,35.146396,2,-122.949783,2
1352941155,11/15/2012 00:59:15,2,docr,3963.71,2,1.508,2,34.675,2,2.681,1,85.06,0,1523.295,2,27.7717,2,35.14643273,2,-122.94979733,2
1352941170,11/15/2012 00:59:30,2,docr,3957.38,2,1.507,2,34.676,2,2.682,1,85.11,0,1523.179,2,27.7725,2,35.1464574,2,-122.9497994,2
1352941185,11/15/2012 00:59:45,2,docr,3950.36,2,1.507,2,34.675,2,2.681,1,85.17,0,1523.053,2,27.7716,2,35.1464938,2,-122.94980833,2
1352941200,11/15/2012 01:00:00,2,docr,3942.66,2,1.506,2,34.675,2,2.68,1,85.24,2,1522.913,2,27.7716,2,35.14651406,2,-122.94982033,2
1352941215,11/15/2012 01:00:15,2,docr,3934.67,2,1.505,2,34.675,2,2.689,1,85.44,2,1522.767,2,27.7716,2,35.14652433,2,-122.94982626,2
1352941230,11/15/2012 01:00:30,2,docr,3926.59,2,1.506,2,34.674,2,2.708,1,85.66,2,1522.626,2,27.7707,2,35.146505,2,-122.949827,2
1352941245,11/15/2012 01:00:45,2,docr,3918.4,2,1.507,2,34.674,2,2.728,1,85.71,2,1522.485,2,27.7706,2,35.14651446,2,-122.94983606,2
1352941260,11/15/2012 01:01:00,2,docr,3910.02,2,1.507,2,34.674,2,2.729,1,85.72,2,1522.337,2,27.7705,2,35.14651746,2,-122.94984593,2
1352941275,11/15/2012 01:01:15,2,docr,3901.73,2,1.508,2,34.674,2,2.729,1,85.73,2,1522.194,2,27.7704,2,35.1465256,2,-122.949835,2
1352941290,11/15/2012 01:01:30,2,docr,3893.25,2,1.508,2,34.674,2,2.73,1,85.76,2,1522.044,2,27.7703,2,35.14651586,2,-122.9498482,2
1352941305,11/15/2012 01:01:45,2,docr,3884.87,2,1.509,2,34.674,2,2.725,1,85.73,2,1521.9,2,27.7702,2,35.146507,2,-122.949852,2
1352941320,11/15/2012 01:02:00,2,docr,3875.51,2,1.51,2,34.673,2,2.72,1,85.73,2,1521.737,2,27.7692,2,35.14651626,2,-122.94985753,2
1352941335,11/15/2012 01:02:15,2,docr,3863.13,2,1.51,2,34.673,2,2.715,1,85.74,2,1521.518,2,27.7691,2,35.14651306,2,-122.9498544,2
1352941350,11/15/2012 01:02:30,2,docr,3850.17,2,1.51,2,34.673,2,2.713,1,85.76,2,1521.288,2,27.769,2,35.146509,2,-122.949853,2
1352941365,11/15/2012 01:02:45,2,docr,3837.1,2,1.511,2,34.673,2,2.71,1,85.77,2,1521.061,2,27.7689,2,35.14652853,2,-122.94991086,2
1352941380,11/15/2012 01:03:00,2,docr,3823.84,2,1.511,2,34.673,2,2.706,1,85.79,2,1520.827,2,27.7688,2,35.14651093,2,-122.9498936,2
1352941395,11/15/2012 01:03:15,2,docr,3811.36,2,1.512,2,34.673,2,2.702,1,85.79,2,1520.61,2,27.7686,2,35.146488,2,-122.949865,2
1352941410,11/15/2012 01:03:30,2,docr,3800.35,2,1.512,2,34.673,2,2.698,1,85.82,2,1520.415,2,27.7685,2,35.14647453,2,-122.94991126,2
1352941425,11/15/2012 01:03:45,2,docr,3789.91,2,1.513,2,34.672,2,2.701,1,85.84,2,1520.233,2,27.7676,2,35.14646913,2,-122.94990886,2
1352941440,11/15/2012 01:04:00,2,docr,3783.38,2,1.514,2,34.672,2,2.703,1,85.85,2,1520.122,2,27.7675,2,35.146469,2,-122.949869,2
1352941455,11/15/2012 01:04:15,2,docr,3778.89,2,1.513,2,34.672,2,2.701,1,85.61,2,1520.039,2,27.7675,2,35.14643886,2,-122.94989406,2
1352941470,11/15/2012 01:04:30,2,docr,3775.68,2,1.514,2,34.672,2,2.698,1,85.8,0,1519.986,2,27.7674,2,35.14642853,2,-122.94989566,2
1352941485,11/15/2012 01:04:45,2,docr,3774.02,2,1.514,2,34.672,2,2.697,1,85.26,0,1519.957,2,27.7674,2,35.146445,2,-122.949895,2
1352941500,11/15/2012 01:05:00,2,docr,3769.63,2,1.514,2,34.672,2,2.694,1,85.8,0,1519.879,2,27.7674,2,35.146462,2,-122.94987893,2
1352941515,11/15/2012 01:05:15,2,docr,3762.51,2,1.515,2,34.672,2,2.692,1,85.85,2,1519.758,2,27.7672,2,35.1464788,2,-122.9498768,2
1352941530,11/15/2012 01:05:30,2,docr,3755,2,1.515,2,34.672,2,2.688,1,85.83,0,1519.625,2,27.7672,2,35.14650546,2,-122.94987626,2
1352941545,11/15/2012 01:05:45,2,docr,3746.32,2,1.516,2,34.672,2,2.685,1,85.84,2,1519.476,2,27.767,2,35.146518,2,-122.94989,2
1352941560,11/15/2012 01:06:00,2,docr,3736.66,2,1.517,2,34.671,2,2.682,1,85.86,0,1519.308,2,27.7661,2,35.14652413,2,-122.94989566,2
1352941575,11/15/2012 01:06:15,2,docr,3726.62,2,1.518,2,34.671,2,2.678,1,85.85,2,1519.135,2,27.766,2,35.14656486,2,-122.94997453,2
1352941590,11/15/2012 01:06:30,2,docr,3716.37,2,1.519,2,34.671,2,2.675,1,85.84,2,1518.958,2,27.7658,2,35.1465656,2,-122.9499604,2
1352941605,11/15/2012 01:06:45,2,docr,3706.13,2,1.521,2,34.671,2,2.668,1,85.85,2,1518.786,2,27.7656,2,35.14656406,2,-122.94994213,2
1352941620,11/15/2012 01:07:00,2,docr,3695.89,2,1.522,2,34.671,2,2.662,1,85.84,2,1518.609,2,27.7655,2,35.14657993,2,-122.9499244,2
1352941635,11/15/2012 01:07:15,2,docr,3685.65,2,1.523,2,34.67,2,2.655,1,85.84,2,1518.431,2,27.7645,2,35.14657953,2,-122.9499142,2
1352941650,11/15/2012 01:07:30,2,docr,3675.6,2,1.524,2,34.67,2,2.651,1,85.85,2,1518.258,2,27.7644,2,35.146583,2,-122.949902,2
1352941665,11/15/2012 01:07:45,2,docr,3666.03,2,1.525,2,34.67,2,2.647,1,85.85,2,1518.094,2,27.7642,2,35.1466006,2,-122.9498992,2
1352941680,11/15/2012 01:08:00,2,docr,3657.06,2,1.525,2,34.67,2,2.643,1,85.85,2,1517.935,2,27.7642,2,35.14660346,2,-122.94990086,2
1352941695,11/15/2012 01:08:15,2,docr,3648.28,2,1.527,2,34.67,2,2.64,1,85.86,2,1517.789,2,27.764,2,35.1466,2,-122.949905,2
1352941710,11/15/2012 01:08:30,2,docr,3639.59,2,1.528,2,34.67,2,2.636,1,85.86,2,1517.64,2,27.7638,2,35.1466016,2,-122.94988193,2
1352941725,11/15/2012 01:08:45,2,docr,3631.1,2,1.529,2,34.669,2,2.63,1,85.86,2,1517.494,2,27.7629,2,35.14660713,2,-122.94987726,2
1352941740,11/15/2012 01:09:00,2,docr,3622.61,2,1.529,2,34.669,2,2.626,1,85.86,2,1517.344,2,27.7628,2,35.146617,2,-122.94987,2
1352941755,11/15/2012 01:09:15,2,docr,3614.12,2,1.53,2,34.669,2,2.623,1,85.86,2,1517.198,2,27.7627,2,35.146627,2,-122.94987766,2
1352941770,11/15/2012 01:09:30,2,docr,3605.63,2,1.532,2,34.669,2,2.619,1,85.86,2,1517.057,2,27.7625,2,35.146651,2,-122.94989413,2
1352941785,11/15/2012 01:09:45,2,docr,3597.14,2,1.532,2,34.669,2,2.616,1,85.87,2,1516.908,2,27.7624,2,35.146703,2,-122.949918,2
1352941800,11/15/2012 01:10:00,2,docr,3588.75,2,1.533,2,34.669,2,2.612,1,85.87,2,1516.764,2,27.7623,2,35.14672193,2,-122.94991853,2
1352941815,11/15/2012 01:10:15,2,docr,3580.35,2,1.534,2,34.668,2,2.612,1,85.87,2,1516.619,2,27.7614,2,35.14673033,2,-122.94991906,2
1352941830,11/15/2012 01:10:30,2,docr,3571.96,2,1.534,2,34.668,2,2.606,1,85.86,2,1516.471,2,27.7613,2,35.146743,2,-122.949904,2
1352941845,11/15/2012 01:10:45,2,docr,3563.56,2,1.536,2,34.668,2,2.602,1,85.86,2,1516.332,2,27.7611,2,35.1467502,2,-122.94990633,2
1352941860,11/15/2012 01:11:00,2,docr,3555.27,2,1.536,2,34.669,2,2.602,1,85.87,2,1516.187,2,27.7619,2,35.1467564,2,-122.9499096,2
1352941875,11/15/2012 01:11:15,2,docr,3546.97,2,1.537,2,34.668,2,2.599,1,85.86,2,1516.044,2,27.7609,2,35.14677226,2,-122.94991906,2
1352941890,11/15/2012 01:11:30,2,docr,3538.77,2,1.538,2,34.668,2,2.594,1,85.87,2,1515.904,2,27.7608,2,35.1467868,2,-122.94991353,2
1352941905,11/15/2012 01:11:45,2,docr,3530.47,2,1.54,2,34.668,2,2.591,1,85.86,2,1515.766,2,27.7606,2,35.14679646,2,-122.94990366,2
1352941920,11/15/2012 01:12:00,2,docr,3522.27,2,1.541,2,34.668,2,2.589,1,85.86,2,1515.626,2,27.7605,2,35.14680686,2,-122.94989933,2
1352941935,11/15/2012 01:12:15,2,docr,3514.07,2,1.542,2,34.668,2,2.583,1,85.86,2,1515.486,2,27.7603,2,35.14680706,2,-122.94991146,2
1352941950,11/15/2012 01:12:30,2,docr,3505.87,2,1.543,2,34.668,2,2.578,1,85.87,2,1515.346,2,27.7602,2,35.146808,2,-122.94991533,2
1352941965,11/15/2012 01:12:45,2,docr,3497.66,2,1.546,2,34.667,2,2.575,1,85.87,2,1515.213,2,27.7591,2,35.146808,2,-122.949859,2
1352941980,11/15/2012 01:13:00,2,docr,3489.46,2,1.547,2,34.667,2,2.569,1,85.86,2,1515.073,2,27.759,2,35.14682106,2,-122.9498606,2
1352941995,11/15/2012 01:13:15,2,docr,3481.26,2,1.548,2,34.667,2,2.565,1,85.86,2,1514.933,2,27.7589,2,35.146834,2,-122.949868,2
1352942010,11/15/2012 01:13:30,2,docr,3472.96,2,1.549,2,34.667,2,2.563,1,85.74,0,1514.792,2,27.7588,2,35.14679306,2,-122.9498044,2
1352942025,11/15/2012 01:13:45,2,docr,3464.76,2,1.55,2,34.667,2,2.56,1,85.86,0,1514.652,2,27.7586,2,35.14678553,2,-122.94979613,2
1352942040,11/15/2012 01:14:00,2,docr,3456.55,2,1.551,2,34.666,2,2.557,1,85.86,2,1514.51,2,27.7577,2,35.146793,2,-122.949802,2
1352942055,11/15/2012 01:14:15,2,docr,3448.25,2,1.552,2,34.666,2,2.555,1,85.86,2,1514.369,2,27.7576,2,35.1467986,2,-122.9498076,2
1352942070,11/15/2012 01:14:30,2,docr,3439.85,2,1.554,2,34.666,2,2.55,1,85.86,2,1514.23,2,27.7574,2,35.1468034,2,-122.9498164,2
1352942085,11/15/2012 01:14:45,2,docr,3431.45,2,1.556,2,34.666,2,2.546,1,85.87,2,1514.091,2,27.7572,2,35.14681,2,-122.949829,2
1352942100,11/15/2012 01:15:00,2,docr,3422.95,2,1.557,2,34.666,2,2.542,1,85.86,2,1513.946,2,27.757,2,35.1468306,2,-122.94988726,2
1352942115,11/15/2012 01:15:15,2,docr,3414.55,2,1.558,2,34.666,2,2.537,1,85.87,2,1513.803,2,27.7569,2,35.14683406,2,-122.94989233,2
1352942130,11/15/2012 01:15:30,2,docr,3406.05,2,1.559,2,34.665,2,2.533,1,85.86,2,1513.656,2,27.756,2,35.146787,2,-122.949911,2
1352942145,11/15/2012 01:15:45,2,docr,3397.65,2,1.56,2,34.665,2,2.528,1,85.86,0,1513.513,2,27.7558,2,35.14683286,2,-122.9498918,2
1352942160,11/15/2012 01:16:00,2,docr,3389.25,2,1.561,2,34.666,2,2.526,1,85.87,2,1513.371,2,27.7565,2,35.14685453,2,-122.94989126,2
1352942175,11/15/2012 01:16:15,2,docr,3380.85,2,1.563,2,34.665,2,2.526,1,85.87,2,1513.231,2,27.7555,2,35.146849,2,-122.949892,2
1352942190,11/15/2012 01:16:30,2,docr,3372.25,2,1.564,2,34.665,2,2.525,1,85.88,2,1513.084,2,27.7554,2,35.14688913,2,-122.94996033,2
1352942205,11/15/2012 01:16:45,2,docr,3363.75,2,1.565,2,34.665,2,2.524,1,85.88,2,1512.939,2,27.7553,2,35.1469112,2,-122.94997673,2
1352942220,11/15/2012 01:17:00,2,docr,3355.16,2,1.566,2,34.665,2,2.522,1,85.87,2,1512.793,2,27.7551,2,35.146892,2,-122.949939,2
1352942235,11/15/2012 01:17:15,2,docr,3346.65,2,1.567,2,34.664,2,2.519,1,85.87,2,1512.646,2,27.7542,2,35.14690106,2,-122.94994886,2
1352942250,11/15/2012 01:17:30,2,docr,3338.06,2,1.568,2,34.664,2,2.516,1,85.86,2,1512.5,2,27.7541,2,35.14691213,2,-122.94996726,2
1352942265,11/15/2012 01:17:45,2,docr,3329.55,2,1.568,2,34.664,2,2.512,1,85.88,2,1512.351,2,27.754,2,35.146911,2,-122.949976,2
1352942280,11/15/2012 01:18:00,2,docr,3321.05,2,1.569,2,34.664,2,2.512,1,85.87,2,1512.206,2,27.7539,2,35.1468992,2,-122.94996873,2
1352942295,11/15/2012 01:18:15,2,docr,3312.45,2,1.569,2,34.664,2,2.51,1,85.86,2,1512.055,2,27.7538,2,35.14688946,2,-122.9499622,2
1352942310,11/15/2012 01:18:30,2,docr,3303.85,2,1.57,2,34.664,2,2.511,1,85.87,2,1511.908,2,27.7537,2,35.146892,2,-122.9499618,2
1352942325,11/15/2012 01:18:45,2,docr,3295.25,2,1.571,2,34.664,2,2.504,1,85.87,2,1511.762,2,27.7535,2,35.14689313,2,-122.9499642,2
1352942340,11/15/2012 01:19:00,2,docr,3286.75,2,1.573,2,34.664,2,2.501,1,85.87,2,1511.621,2,27.7533,2,35.146895,2,-122.949967,2
1352942355,11/15/2012 01:19:15,2,docr,3278.15,2,1.574,2,34.664,2,2.497,1,85.88,2,1511.475,2,27.7532,2,35.14692673,2,-122.949983,2
1352942370,11/15/2012 01:19:30,2,docr,3269.55,2,1.575,2,34.664,2,2.493,1,85.87,2,1511.328,2,27.7531,2,35.14693686,2,-122.94999706,2
1352942385,11/15/2012 01:19:45,2,docr,3260.95,2,1.577,2,34.663,2,2.488,1,85.87,2,1511.185,2,27.7521,2,35.146941,2,-122.950005,2
1352942400,11/15/2012 01:20:00,2,docr,3252.25,2,1.578,2,34.663,2,2.487,1,85.88,2,1511.037,2,27.7519,2,35.146957,2,-122.9500366,2
1352942415,11/15/2012 01:20:15,2,docr,3243.74,2,1.579,2,34.663,2,2.481,1,85.87,2,1510.892,2,27.7518,2,35.14697113,2,-122.95004546,2
1352942430,11/15/2012 01:20:30,2,docr,3235.14,2,1.58,2,34.663,2,2.48,1,85.88,2,1510.746,2,27.7517,2,35.146992,2,-122.950059,2
1352942445,11/15/2012 01:20:45,2,docr,3226.53,2,1.581,2,34.663,2,2.479,1,85.87,2,1510.599,2,27.7516,2,35.14696053,2,-122.95005813,2
1352942460,11/15/2012 01:21:00,2,docr,3217.93,2,1.582,2,34.663,2,2.473,1,85.87,2,1510.453,2,27.7514,2,35.14695893,2,-122.95005633,2
1352942475,11/15/2012 01:21:15,2,docr,3209.23,2,1.583,2,34.663,2,2.471,1,85.88,2,1510.305,2,27.7513,2,35.146962,2,-122.950051,2
1352942490,11/15/2012 01:21:30,2,docr,3200.63,2,1.584,2,34.663,2,2.465,1,85.87,2,1510.159,2,27.7512,2,35.1469804,2,-122.95007926,2
1352942505,11/15/2012 01:21:45,2,docr,3191.92,2,1.585,2,34.662,2,2.464,1,85.88,2,1510.009,2,27.7502,2,35.1469726,2,-122.95007633,2
1352942520,11/15/2012 01:22:00,2,docr,3183.22,2,1.586,2,34.662,2,2.459,1,85.88,2,1509.861,2,27.7501,2,35.146944,2,-122.950059,2
1352942535,11/15/2012 01:22:15,2,docr,3174.52,2,1.588,2,34.662,2,2.453,1,85.86,2,1509.718,2,27.7499,2,35.14697393,2,-122.95009093,2
1352942550,11/15/2012 01:22:30,2,docr,3165.72,2,1.589,2,34.662,2,2.45,1,85.88,2,1509.568,2,27.7498,2,35.14699486,2,-122.95010453,2
1352942565,11/15/2012 01:22:45,2,docr,3157.01,2,1.59,2,34.662,2,2.446,1,85.88,2,1509.42,2,27.7496,2,35.1470146,2,-122.95009453,2
1352942580,11/15/2012 01:23:00,2,docr,3148.31,2,1.592,2,34.661,2,2.444,1,85.88,2,1509.275,2,27.7486,2,35.14701066,2,-122.95009693,2
1352942595,11/15/2012 01:23:15,2,docr,3139.6,2,1.593,2,34.662,2,2.442,1,85.88,2,1509.129,2,27.7493,2,35.14700406,2,-122.95009773,2
1352942610,11/15/2012 01:23:30,2,docr,3131,2,1.595,2,34.661,2,2.437,1,85.89,2,1508.986,2,27.7483,2,35.146977,2,-122.950094,2
1352942625,11/15/2012 01:23:45,2,docr,3122.39,2,1.597,2,34.661,2,2.436,1,85.88,2,1508.844,2,27.7481,2,35.14699326,2,-122.95008846,2
1352942640,11/15/2012 01:24:00,2,docr,3113.68,2,1.599,2,34.661,2,2.427,1,85.88,2,1508.7,2,27.7479,2,35.1470034,2,-122.95008566,2
1352942655,11/15/2012 01:24:15,2,docr,3104.98,2,1.6,2,34.661,2,2.423,1,85.88,2,1508.552,2,27.7478,2,35.1469818,2,-122.9500982,2
1352942670,11/15/2012 01:24:30,2,docr,3096.27,2,1.602,2,34.661,2,2.42,1,85.88,2,1508.409,2,27.7476,2,35.1469942,2,-122.95010466,2
1352942685,11/15/2012 01:24:45,2,docr,3087.57,2,1.603,2,34.66,2,2.414,1,85.88,2,1508.26,2,27.7466,2,35.147004,2,-122.950113,2
1352942700,11/15/2012 01:25:00,2,docr,3078.76,2,1.604,2,34.66,2,2.409,1,85.88,2,1508.11,2,27.7465,2,35.1469934,2,-122.95010213,2
1352942715,11/15/2012 01:25:15,2,docr,3070.05,2,1.605,2,34.66,2,2.406,1,85.87,2,1507.963,2,27.7464,2,35.14699713,2,-122.95010486,2
1352942730,11/15/2012 01:25:30,2,docr,3061.45,2,1.606,2,34.66,2,2.401,1,85.88,2,1507.817,2,27.7462,2,35.147003,2,-122.950107,2
1352942745,11/15/2012 01:25:45,2,docr,3052.64,2,1.607,2,34.66,2,2.396,1,85.88,2,1507.667,2,27.7461,2,35.14700486,2,-122.95012566,2
1352942760,11/15/2012 01:26:00,2,docr,3043.93,2,1.609,2,34.659,2,2.392,1,85.88,2,1507.523,2,27.7451,2,35.147014,2,-122.9501396,2
1352942775,11/15/2012 01:26:15,2,docr,3035.22,2,1.61,2,34.66,2,2.389,1,85.88,2,1507.376,2,27.7458,2,35.14703,2,-122.950158,2
1352942790,11/15/2012 01:26:30,2,docr,3026.51,2,1.611,2,34.66,2,2.389,1,85.88,2,1507.228,2,27.7456,2,35.1470326,2,-122.95014933,2
1352942805,11/15/2012 01:26:45,2,docr,3017.8,2,1.613,2,34.659,2,2.382,1,85.85,2,1507.084,2,27.7446,2,35.14703333,2,-122.95015213,2
1352942820,11/15/2012 01:27:00,2,docr,3009.19,2,1.615,2,34.659,2,2.379,1,85.87,2,1506.942,2,27.7444,2,35.14703,2,-122.950162,2
1352942835,11/15/2012 01:27:15,2,docr,3000.48,2,1.618,2,34.659,2,2.374,1,85.87,2,1506.803,2,27.7442,2,35.1470396,2,-122.9501676,2
1352942850,11/15/2012 01:27:30,2,docr,2991.77,2,1.62,2,34.659,2,2.37,1,85.87,2,1506.66,2,27.744,2,35.14703746,2,-122.9501684,2
1352942865,11/15/2012 01:27:45,2,docr,2983.06,2,1.621,2,34.658,2,2.366,1,85.87,2,1506.511,2,27.743,2,35.147026,2,-122.95017,2
1352942880,11/15/2012 01:28:00,2,docr,2974.35,2,1.622,2,34.658,2,2.359,1,85.87,2,1506.364,2,27.7429,2,35.14703886,2,-122.9501868,2
1352942895,11/15/2012 01:28:15,2,docr,2965.64,2,1.624,2,34.658,2,2.35,1,85.86,2,1506.221,2,27.7427,2,35.1470452,2,-122.9501944,2
1352942910,11/15/2012 01:28:30,2,docr,2956.93,2,1.625,2,34.658,2,2.344,1,85.87,2,1506.073,2,27.7426,2,35.14706013,2,-122.9502148,2
1352942925,11/15/2012 01:28:45,2,docr,2948.22,2,1.627,2,34.657,2,2.342,1,85.88,2,1505.929,2,27.7416,2,35.1470716,2,-122.9502018,2
1352942940,11/15/2012 01:29:00,2,docr,2939.5,2,1.631,2,34.657,2,2.339,1,85.87,2,1505.794,2,27.7412,2,35.14707673,2,-122.95019613,2
1352942955,11/15/2012 01:29:15,2,docr,2930.99,2,1.632,2,34.657,2,2.337,1,85.86,2,1505.65,2,27.7411,2,35.1469996,2,-122.9501944,2
1352942970,11/15/2012 01:29:30,2,docr,2923.15,2,1.635,2,34.657,2,2.335,1,85.86,2,1505.527,2,27.7408,2,35.1470318,2,-122.95019953,2
1352942985,11/15/2012 01:29:45,2,docr,2915.42,2,1.638,2,34.657,2,2.338,1,85.87,2,1505.405,2,27.7406,2,35.14705926,2,-122.95020246,2
1352943000,11/15/2012 01:30:00,2,docr,2907.29,2,1.64,2,34.657,2,2.341,1,85.86,2,1505.272,2,27.7404,2,35.1470806,2,-122.9502094,2
1352943015,11/15/2012 01:30:15,2,docr,2898.97,2,1.64,2,34.657,2,2.337,1,85.87,2,1505.128,2,27.7403,2,35.14709346,2,-122.95022306,2
1352943030,11/15/2012 01:30:30,2,docr,2890.45,2,1.641,2,34.657,2,2.332,1,85.87,2,1504.984,2,27.7402,2,35.147107,2,-122.950238,2
1352943045,11/15/2012 01:30:45,2,docr,2881.93,2,1.645,2,34.657,2,2.331,1,85.87,2,1504.853,2,27.7398,2,35.14711493,2,-122.95020513,2
1352943060,11/15/2012 01:31:00,2,docr,2873.42,2,1.647,2,34.656,2,2.324,1,85.86,2,1504.712,2,27.7388,2,35.14711866,2,-122.9502246,2
1352943075,11/15/2012 01:31:15,2,docr,2864.7,2,1.649,2,34.656,2,2.323,1,85.86,2,1504.569,2,27.7386,2,35.147122,2,-122.950251,2
1352943090,11/15/2012 01:31:30,2,docr,2855.89,2,1.651,2,34.657,2,2.32,1,85.87,2,1504.426,2,27.7392,2,35.1471464,2,-122.95027806,2
1352943105,11/15/2012 01:31:45,2,docr,2847.07,2,1.654,2,34.656,2,2.313,1,85.87,2,1504.284,2,27.7381,2,35.1471546,2,-122.95027246,2
1352943120,11/15/2012 01:32:00,2,docr,2838.26,2,1.656,2,34.656,2,2.307,1,85.87,2,1504.139,2,27.7379,2,35.147165,2,-122.950261,2
1352943135,11/15/2012 01:32:15,2,docr,2829.25,2,1.658,2,34.656,2,2.305,1,85.87,0,1503.991,2,27.7377,2,35.1471888,2,-122.9502872,2
1352943150,11/15/2012 01:32:30,2,docr,2819.45,2,1.659,2,34.655,2,2.303,1,85.88,2,1503.824,2,27.7368,2,35.14717753,2,-122.9502976,2
1352943165,11/15/2012 01:32:45,2,docr,2809.66,2,1.661,2,34.655,2,2.298,1,85.87,2,1503.663,2,27.7366,2,35.147149,2,-122.9503,2
1352943180,11/15/2012 01:33:00,2,docr,2800.06,2,1.663,2,34.655,2,2.294,1,85.87,2,1503.504,2,27.7364,2,35.14719313,2,-122.9503114,2
1352943195,11/15/2012 01:33:15,2,docr,2790.56,2,1.666,2,34.655,2,2.29,1,85.87,2,1503.352,2,27.7361,2,35.14718866,2,-122.95030866,2
1352943210,11/15/2012 01:33:30,2,docr,2781.25,2,1.669,2,34.655,2,2.284,1,85.87,2,1503.204,2,27.7358,2,35.147141,2,-122.950294,2
1352943225,11/15/2012 01:33:45,2,docr,2771.94,2,1.671,2,34.654,2,2.28,1,85.83,2,1503.049,2,27.7348,2,35.14712566,2,-122.950284,2
1352943240,11/15/2012 01:34:00,2,docr,2762.64,2,1.673,2,34.654,2,2.275,1,85.87,2,1502.897,2,27.7346,2,35.1471204,2,-122.95028026,2
1352943255,11/15/2012 01:34:15,2,docr,2753.52,2,1.676,2,34.654,2,2.269,1,85.87,2,1502.751,2,27.7343,2,35.1471154,2,-122.95028473,2
1352943270,11/15/2012 01:34:30,2,docr,2744.31,2,1.678,2,34.654,2,2.264,1,85.87,2,1502.6,2,27.7341,2,35.14714066,2,-122.9502962,2
1352943285,11/15/2012 01:34:45,2,docr,2735.2,2,1.681,2,34.653,2,2.26,1,85.87,2,1502.454,2,27.7331,2,35.1471448,2,-122.95029726,2
1352943300,11/15/2012 01:35:00,2,docr,2726.09,2,1.683,2,34.653,2,2.255,1,85.86,2,1502.304,2,27.7328,2,35.14707806,2,-122.95027213,2
1352943315,11/15/2012 01:35:15,2,docr,2716.97,2,1.686,2,34.653,2,2.252,1,85.87,2,1502.159,2,27.7326,2,35.14709186,2,-122.95028453,2
1352943330,11/15/2012 01:35:30,2,docr,2707.96,2,1.69,2,34.653,2,2.246,1,85.87,2,1502.02,2,27.7322,2,35.14710013,2,-122.9502942,2
1352943345,11/15/2012 01:35:45,2,docr,2698.85,2,1.693,2,34.652,2,2.237,1,85.87,2,1501.874,2,27.7311,2,35.147078,2,-122.9503038,2
1352943360,11/15/2012 01:36:00,2,docr,2689.73,2,1.696,2,34.652,2,2.233,1,85.85,2,1501.729,2,27.7309,2,35.1470906,2,-122.95030373,2
1352943375,11/15/2012 01:36:15,2,docr,2680.62,2,1.7,2,34.652,2,2.226,1,85.85,2,1501.588,2,27.7305,2,35.147102,2,-122.950309,2
1352943390,11/15/2012 01:36:30,2,docr,2671.6,2,1.704,2,34.651,2,2.217,1,85.87,2,1501.448,2,27.7294,2,35.147063,2,-122.95027446,2
1352943405,11/15/2012 01:36:45,2,docr,2662.68,2,1.707,2,34.651,2,2.212,1,85.87,2,1501.307,2,27.7291,2,35.14706513,2,-122.95027993,2
1352943420,11/15/2012 01:37:00,2,docr,2653.66,2,1.711,2,34.651,2,2.205,1,85.87,2,1501.168,2,27.7287,2,35.147069,2,-122.950287,2
1352943435,11/15/2012 01:37:15,2,docr,2644.74,2,1.713,2,34.651,2,2.2,1,85.87,2,1501.022,2,27.7285,2,35.14708246,2,-122.95028526,2
1352943450,11/15/2012 01:37:30,2,docr,2635.62,2,1.718,2,34.65,2,2.193,1,85.88,2,1500.885,2,27.7273,2,35.14706646,2,-122.9502794,2
1352943465,11/15/2012 01:37:45,2,docr,2626.8,2,1.722,2,34.65,2,2.186,1,85.87,2,1500.749,2,27.727,2,35.147044,2,-122.950264,2
1352943480,11/15/2012 01:38:00,2,docr,2618.17,2,1.725,2,34.65,2,2.18,1,85.87,2,1500.613,2,27.7267,2,35.1470412,2,-122.95031486,2
1352943495,11/15/2012 01:38:15,2,docr,2609.25,2,1.729,2,34.649,2,2.176,1,85.87,2,1500.475,2,27.7255,2,35.1470508,2,-122.95032213,2
1352943510,11/15/2012 01:38:30,2,docr,2600.04,2,1.732,2,34.649,2,2.167,1,85.87,2,1500.328,2,27.7253,2,35.14707,2,-122.950312,2
1352943525,11/15/2012 01:38:45,2,docr,2590.82,2,1.736,2,34.649,2,2.16,1,85.87,2,1500.186,2,27.7249,2,35.14708893,2,-122.95031546,2
1352943540,11/15/2012 01:39:00,2,docr,2581.7,2,1.739,2,34.648,2,2.152,1,85.85,2,1500.04,2,27.7238,2,35.147097,2,-122.9503154,2
1352943555,11/15/2012 01:39:15,2,docr,2572.38,2,1.742,2,34.647,2,2.145,1,85.87,2,1499.89,2,27.7228,2,35.147106,2,-122.950305,2
1352943570,11/15/2012 01:39:30,2,docr,2563.26,2,1.744,2,34.648,2,2.138,1,85.86,2,1499.743,2,27.7233,2,35.147152,2,-122.9503168,2
1352943585,11/15/2012 01:39:45,2,docr,2554.05,2,1.744,2,34.647,2,2.132,1,85.87,2,1499.582,2,27.7225,2,35.14716,2,-122.9503162,2
1352943600,11/15/2012 01:40:00,2,docr,2544.93,2,1.747,2,34.646,2,2.12,1,85.86,2,1499.436,2,27.7214,2,35.14713146,2,-122.9503054,2
1352943615,11/15/2012 01:40:15,2,docr,2535.41,2,1.75,2,34.646,2,2.112,1,85.86,2,1499.284,2,27.7211,2,35.14713573,2,-122.95029346,2
1352943630,11/15/2012 01:40:30,2,docr,2525.8,2,1.757,2,34.646,2,2.107,1,85.86,2,1499.149,2,27.7205,2,35.1471382,2,-122.9502882,2
1352943645,11/15/2012 01:40:45,2,docr,2515.99,2,1.76,2,34.646,2,2.103,1,85.86,2,1498.992,2,27.7203,2,35.14716026,2,-122.95030693,2
1352943660,11/15/2012 01:41:00,2,docr,2506.09,2,1.763,2,34.646,2,2.099,1,85.86,2,1498.834,2,27.72,2,35.1471686,2,-122.9503014,2
1352943675,11/15/2012 01:41:15,2,docr,2495.98,2,1.769,2,34.645,2,2.093,1,85.86,2,1498.685,2,27.7187,2,35.14717313,2,-122.95029566,2
1352943690,11/15/2012 01:41:30,2,docr,2485.98,2,1.773,2,34.645,2,2.089,1,85.86,2,1498.529,2,27.7183,2,35.14718806,2,-122.95028446,2
1352943705,11/15/2012 01:41:45,2,docr,2476.56,2,1.777,2,34.644,2,2.08,1,85.86,2,1498.383,2,27.7172,2,35.14718393,2,-122.95027673,2
1352943720,11/15/2012 01:42:00,2,docr,2468.12,2,1.78,2,34.643,2,2.066,1,85.86,2,1498.249,2,27.7161,2,35.14718,2,-122.950273,2
1352943735,11/15/2012 01:42:15,2,docr,2461.06,2,1.783,2,34.643,2,2.054,1,85.87,2,1498.14,2,27.7158,2,35.1472,2,-122.95025626,2
1352943750,11/15/2012 01:42:30,2,docr,2454.58,2,1.785,2,34.643,2,2.05,1,85.86,2,1498.037,2,27.7156,2,35.14721053,2,-122.9502646,2
1352943765,11/15/2012 01:42:45,2,docr,2448.01,2,1.786,2,34.642,2,2.04,1,85.87,2,1497.926,2,27.7147,2,35.147222,2,-122.950275,2
1352943780,11/15/2012 01:43:00,2,docr,2441.04,2,1.787,2,34.641,2,2.027,1,85.87,2,1497.809,2,27.7138,2,35.14721413,2,-122.95028313,2
1352943795,11/15/2012 01:43:15,2,docr,2433,2,1.792,2,34.641,2,2.017,1,85.87,2,1497.692,2,27.7134,2,35.14721766,2,-122.95028153,2
1352943810,11/15/2012 01:43:30,2,docr,2424.66,2,1.799,2,34.642,2,2.017,1,85.86,2,1497.58,2,27.7136,2,35.14722,2,-122.950276,2
1352943825,11/15/2012 01:43:45,2,docr,2416.22,2,1.801,2,34.641,2,2.019,1,85.86,2,1497.442,2,27.7126,2,35.14721,2,-122.95027566,2
1352943840,11/15/2012 01:44:00,2,docr,2407.58,2,1.802,2,34.64,2,2.008,1,85.87,2,1497.296,2,27.7117,2,35.1472178,2,-122.95027446,2
1352943855,11/15/2012 01:44:15,2,docr,2398.06,2,1.807,2,34.64,2,1.999,1,85.86,2,1497.154,2,27.7112,2,35.147247,2,-122.950275,2
1352943870,11/15/2012 01:44:30,2,docr,2387.95,2,1.814,2,34.64,2,1.998,1,85.86,2,1497.01,2,27.7106,2,35.1472228,2,-122.950277,2
1352943885,11/15/2012 01:44:45,2,docr,2377.94,2,1.818,2,34.639,2,1.994,1,85.85,2,1496.853,2,27.7095,2,35.14723,2,-122.95027093,2
1352943900,11/15/2012 01:45:00,2,docr,2368.03,2,1.821,2,34.639,2,1.982,1,85.85,2,1496.696,2,27.7092,2,35.147265,2,-122.950238,2
1352943915,11/15/2012 01:45:15,2,docr,2358.11,2,1.823,2,34.638,2,1.975,1,85.86,0,1496.532,2,27.7082,2,35.14727646,2,-122.95024826,2
1352943930,11/15/2012 01:45:30,2,docr,2348.2,2,1.824,2,34.637,2,1.96,1,85.86,2,1496.364,2,27.7072,2,35.1472786,2,-122.9502444,2
1352943945,11/15/2012 01:45:45,2,docr,2338.68,2,1.827,2,34.637,2,1.949,1,85.86,2,1496.213,2,27.707,2,35.1472778,2,-122.95022333,2
1352943960,11/15/2012 01:46:00,2,docr,2329.55,2,1.83,2,34.636,2,1.939,1,85.87,2,1496.068,2,27.7059,2,35.14729113,2,-122.95022773,2
1352943975,11/15/2012 01:46:15,2,docr,2320.52,2,1.836,2,34.636,2,1.925,1,85.86,2,1495.938,2,27.7054,2,35.1473016,2,-122.95022813,2
1352943990,11/15/2012 01:46:30,2,docr,2311.68,2,1.846,2,34.636,2,1.928,1,85.82,0,1495.83,2,27.7046,2,35.147324,2,-122.95021613,2
1352944005,11/15/2012 01:46:45,2,docr,2303.83,2,1.848,2,34.636,2,1.931,1,85.85,2,1495.704,2,27.7044,2,35.1473338,2,-122.95020853,2
1352944020,11/15/2012 01:47:00,2,docr,2296.27,2,1.854,2,34.636,2,1.919,1,85.85,2,1495.6,2,27.7039,2,35.14733866,2,-122.95020753,2
1352944035,11/15/2012 01:47:15,2,docr,2288.61,2,1.859,2,34.635,2,1.92,1,85.85,0,1495.488,2,27.7026,2,35.14734613,2,-122.950201,2
1352944050,11/15/2012 01:47:30,2,docr,2280.75,2,1.861,2,34.635,2,1.918,1,85.86,0,1495.362,2,27.7024,2,35.14736993,2,-122.95020766,2
1352944065,11/15/2012 01:47:45,2,docr,2272.31,2,1.867,2,34.634,2,1.909,1,85.86,2,1495.242,2,27.7011,2,35.14739,2,-122.950209,2
1352944080,11/15/2012 01:48:00,2,docr,2263.57,2,1.868,2,34.634,2,1.897,1,85.86,2,1495.096,2,27.701,2,35.1473262,2,-122.95018106,2
1352944095,11/15/2012 01:48:15,2,docr,2254.63,2,1.87,2,34.633,2,1.883,1,85.86,2,1494.949,2,27.7,2,35.1473516,2,-122.9501768,2
1352944110,11/15/2012 01:48:30,2,docr,2245.79,2,1.874,2,34.632,2,1.871,1,85.83,2,1494.813,2,27.6988,2,35.147378,2,-122.950174,2
1352944125,11/15/2012 01:48:45,2,docr,2236.86,2,1.876,2,34.631,2,1.861,1,85.85,2,1494.667,2,27.6978,2,35.14737946,2,-122.95017186,2
1352944140,11/15/2012 01:49:00,2,docr,2227.92,2,1.879,2,34.631,2,1.847,1,85.84,2,1494.526,2,27.6976,2,35.14737526,2,-122.95017706,2
1352944155,11/15/2012 01:49:15,2,docr,2218.88,2,1.881,2,34.63,2,1.835,1,85.85,2,1494.379,2,27.6965,2,35.147359,2,-122.950204,2
1352944170,11/15/2012 01:49:30,2,docr,2209.84,2,1.886,2,34.63,2,1.829,1,85.85,2,1494.245,2,27.6961,2,35.14738833,2,-122.95017893,2
1352944185,11/15/2012 01:49:45,2,docr,2200.81,2,1.894,2,34.63,2,1.824,1,85.83,2,1494.125,2,27.6954,2,35.147388,2,-122.95016153,2
1352944200,11/15/2012 01:50:00,2,docr,2191.77,2,1.9,2,34.63,2,1.829,1,85.84,2,1493.996,2,27.6949,2,35.147377,2,-122.950134,2
1352944215,11/15/2012 01:50:15,2,docr,2182.63,2,1.903,2,34.629,2,1.82,1,85.84,2,1493.851,2,27.6939,2,35.14739673,2,-122.95014326,2
1352944230,11/15/2012 01:50:30,2,docr,2173.5,2,1.909,2,34.628,2,1.806,1,85.84,2,1493.719,2,27.6925,2,35.14741346,2,-122.95014406,2
1352944245,11/15/2012 01:50:45,2,docr,2164.36,2,1.916,2,34.628,2,1.802,1,85.83,2,1493.592,2,27.692,2,35.14745,2,-122.950141,2
1352944260,11/15/2012 01:51:00,2,docr,2155.32,2,1.923,2,34.627,2,1.794,1,85.83,2,1493.466,2,27.6906,2,35.14741313,2,-122.9501554,2
1352944275,11/15/2012 01:51:15,2,docr,2146.28,2,1.929,2,34.626,2,1.785,1,85.82,2,1493.336,2,27.6893,2,35.1474044,2,-122.9501478,2
1352944290,11/15/2012 01:51:30,2,docr,2137.15,2,1.936,2,34.626,2,1.778,1,85.83,2,1493.21,2,27.6887,2,35.14741,2,-122.950143,2
1352944305,11/15/2012 01:51:45,2,docr,2128.01,2,1.941,2,34.624,2,1.763,1,85.82,2,1493.072,2,27.6866,2,35.14744986,2,-122.95011766,2
1352944320,11/15/2012 01:52:00,2,docr,2118.77,2,1.948,2,34.623,2,1.748,1,85.83,2,1492.943,2,27.6852,2,35.1474678,2,-122.95009893,2
1352944335,11/15/2012 01:52:15,2,docr,2109.53,2,1.95,2,34.623,2,1.734,1,85.84,2,1492.793,2,27.685,2,35.147465,2,-122.950109,2
1352944350,11/15/2012 01:52:30,2,docr,2100.59,2,1.959,2,34.623,2,1.724,1,85.82,2,1492.679,2,27.6843,2,35.14744,2,-122.95008893,2
1352944365,11/15/2012 01:52:45,2,docr,2091.55,2,1.968,2,34.622,2,1.723,1,85.83,2,1492.562,2,27.6827,2,35.14742366,2,-122.950076,2
1352944380,11/15/2012 01:53:00,2,docr,2082.6,2,1.972,2,34.62,2,1.712,1,85.82,2,1492.424,2,27.6808,2,35.1474486,2,-122.9500664,2
1352944395,11/15/2012 01:53:15,2,docr,2073.56,2,1.977,2,34.619,2,1.693,1,85.83,2,1492.289,2,27.6795,2,35.14743086,2,-122.9500676,2
1352944410,11/15/2012 01:53:30,2,docr,2064.62,2,1.982,2,34.619,2,1.678,1,85.83,2,1492.158,2,27.6791,2,35.147407,2,-122.950076,2
1352944425,11/15/2012 01:53:45,2,docr,2055.77,2,1.989,2,34.619,2,1.67,1,85.83,2,1492.037,2,27.6785,2,35.1474032,2,-122.950055,2
1352944440,11/15/2012 01:54:00,2,docr,2046.92,2,1.996,2,34.618,2,1.667,1,85.82,2,1491.915,2,27.6771,2,35.147405,2,-122.95004653,2
1352944455,11/15/2012 01:54:15,2,docr,2037.98,2,2.007,2,34.617,2,1.657,1,85.83,2,1491.808,2,27.6754,2,35.147409,2,-122.95004,2
1352944470,11/15/2012 01:54:30,2,docr,2029.13,2,2.014,2,34.616,2,1.643,1,85.82,2,1491.686,2,27.674,2,35.14738793,2,-122.9500354,2
1352944485,11/15/2012 01:54:45,2,docr,2020.28,2,2.021,2,34.614,2,1.627,1,85.83,2,1491.562,2,27.6718,2,35.14737326,2,-122.9500346,2
1352944500,11/15/2012 01:55:00,2,docr,2011.34,2,2.029,2,34.614,2,1.61,1,85.83,0,1491.444,2,27.6712,2,35.147362,2,-122.95004,2
1352944515,11/15/2012 01:55:15,2,docr,2002.49,2,2.034,2,34.612,2,1.599,1,85.85,2,1491.312,2,27.6691,2,35.147331,2,-122.9500306,2
1352944530,11/15/2012 01:55:30,2,docr,1993.54,2,2.035,2,34.612,2,1.585,1,85.86,2,1491.163,2,27.669,2,35.14733526,2,-122.9500246,2
1352944545,11/15/2012 01:55:45,2,docr,1984.59,2,2.046,2,34.611,2,1.569,1,85.85,2,1491.057,2,27.6673,2,35.147355,2,-122.950009,2
1352944560,11/15/2012 01:56:00,2,docr,1975.64,2,2.055,2,34.609,2,1.557,1,85.85,2,1490.94,2,27.6649,2,35.14734273,2,-122.9500154,2
1352944575,11/15/2012 01:56:15,2,docr,1966.7,2,2.066,2,34.61,2,1.546,1,85.84,2,1490.837,2,27.6648,2,35.1473426,2,-122.95001506,2
1352944590,11/15/2012 01:56:30,2,docr,1957.75,2,2.073,2,34.608,2,1.546,1,85.81,2,1490.711,2,27.6626,2,35.147347,2,-122.949997,2
1352944605,11/15/2012 01:56:45,2,docr,1948.8,2,2.079,2,34.608,2,1.532,1,85.84,2,1490.585,2,27.6621,2,35.14730313,2,-122.95000233,2
1352944620,11/15/2012 01:57:00,2,docr,1939.85,2,2.09,2,34.607,2,1.519,1,85.85,2,1490.478,2,27.6604,2,35.1472954,2,-122.9499992,2
1352944635,11/15/2012 01:57:15,2,docr,1930.8,2,2.102,2,34.608,2,1.517,1,85.84,2,1490.377,2,27.6602,2,35.1473226,2,-122.94998266,2
1352944650,11/15/2012 01:57:30,2,docr,1921.16,2,2.119,2,34.608,2,1.525,1,85.84,2,1490.287,2,27.6588,2,35.14728573,2,-122.94998346,2
1352944665,11/15/2012 01:57:45,2,docr,1911.23,2,2.12,2,34.605,2,1.522,1,85.84,2,1490.117,2,27.6563,2,35.14727686,2,-122.94999306,2
1352944680,11/15/2012 01:58:00,2,docr,1901.39,2,2.126,2,34.603,2,1.482,1,85.85,2,1489.973,2,27.6541,2,35.147314,2,-122.949996,2
1352944695,11/15/2012 01:58:15,2,docr,1891.65,2,2.137,2,34.603,2,1.468,1,85.85,2,1489.855,2,27.6532,2,35.14729593,2,-122.949991,2
1352944710,11/15/2012 01:58:30,2,docr,1881.91,2,2.147,2,34.601,2,1.458,1,85.85,0,1489.729,2,27.6507,2,35.14728533,2,-122.94998786,2
1352944725,11/15/2012 01:58:45,2,docr,1872.27,2,2.157,2,34.601,2,1.449,1,85.86,2,1489.608,2,27.6499,2,35.14724706,2,-122.94997573,2
1352944740,11/15/2012 01:59:00,2,docr,1862.73,2,2.17,2,34.6,2,1.434,1,85.84,2,1489.501,2,27.648,2,35.147271,2,-122.9499608,2
1352944755,11/15/2012 01:59:15,2,docr,1853.08,2,2.179,2,34.598,2,1.421,1,85.83,2,1489.373,2,27.6456,2,35.147294,2,-122.949947,2
1352944770,11/15/2012 01:59:30,2,docr,1843.54,2,2.191,2,34.597,2,1.409,1,85.84,2,1489.261,2,27.6438,2,35.1472428,2,-122.94994373,2
1352944785,11/15/2012 01:59:45,2,docr,1833.9,2,2.2,2,34.596,2,1.397,1,85.83,2,1489.134,2,27.6422,2,35.14725886,2,-122.94993533,2
1352944800,11/15/2012 02:00:00,2,docr,1824.45,2,2.213,2,34.594,2,1.374,1,85.82,2,1489.027,2,27.6396,2,35.147269,2,-122.94993,2
1352944815,11/15/2012 02:00:15,2,docr,1815,2,2.223,2,34.592,2,1.353,1,85.82,2,1488.907,2,27.6371,2,35.147279,2,-122.94991653,2
1352944830,11/15/2012 02:00:30,2,docr,1805.56,2,2.238,2,34.591,2,1.339,1,85.81,2,1488.81,2,27.635,2,35.1472748,2,-122.94991246,2
1352944845,11/15/2012 02:00:45,2,docr,1796.21,2,2.251,2,34.59,2,1.326,1,85.81,2,1488.706,2,27.6332,2,35.147261,2,-122.949922,2
1352944860,11/15/2012 02:01:00,2,docr,1786.76,2,2.265,2,34.589,2,1.318,1,85.8,2,1488.604,2,27.6312,2,35.1472904,2,-122.9498764,2
1352944875,11/15/2012 02:01:15,2,docr,1777.41,2,2.28,2,34.588,2,1.303,1,85.8,2,1488.509,2,27.6291,2,35.14728533,2,-122.94986606,2
1352944890,11/15/2012 02:01:30,2,docr,1768.06,2,2.296,2,34.587,2,1.295,1,85.8,2,1488.418,2,27.627,2,35.147264,2,-122.949854,2
1352944905,11/15/2012 02:01:45,2,docr,1758.81,2,2.311,2,34.585,2,1.282,1,85.79,2,1488.323,2,27.6241,2,35.14728,2,-122.949845,2
1352944920,11/15/2012 02:02:00,2,docr,1749.75,2,2.324,2,34.583,2,1.26,1,85.78,2,1488.222,2,27.6214,2,35.14727913,2,-122.949834,2
1352944935,11/15/2012 02:02:15,2,docr,1741.09,2,2.336,2,34.584,2,1.249,1,85.8,2,1488.128,2,27.6212,2,35.147264,2,-122.949797,2
1352944950,11/15/2012 02:02:30,2,docr,1732.42,2,2.353,2,34.582,2,1.255,1,85.82,2,1488.052,2,27.6181,2,35.1472558,2,-122.94980773,2
1352944965,11/15/2012 02:02:45,2,docr,1723.76,2,2.36,2,34.581,2,1.232,1,85.81,2,1487.934,2,27.6167,2,35.1472376,2,-122.949814,2
1352944980,11/15/2012 02:03:00,2,docr,1715.1,2,2.382,2,34.58,2,1.22,1,85.81,2,1487.88,2,27.6141,2,35.1472564,2,-122.9497768,2
1352944995,11/15/2012 02:03:15,2,docr,1706.33,2,2.404,2,34.581,2,1.221,1,85.84,2,1487.828,2,27.613,2,35.14722486,2,-122.9497994,2
1352945010,11/15/2012 02:03:30,2,docr,1697.57,2,2.417,2,34.581,2,1.238,1,85.86,2,1487.735,2,27.6119,2,35.14721066,2,-122.94980006,2
1352945025,11/15/2012 02:03:45,2,docr,1688.61,2,2.431,2,34.58,2,1.236,1,85.86,2,1487.642,2,27.6099,2,35.14722713,2,-122.94975586,2
1352945040,11/15/2012 02:04:00,2,docr,1679.75,2,2.439,2,34.579,2,1.228,1,85.86,2,1487.525,2,27.6084,2,35.14723726,2,-122.94976653,2
1352945055,11/15/2012 02:04:15,2,docr,1670.69,2,2.448,2,34.578,2,1.221,1,85.86,2,1487.409,2,27.6067,2,35.14724386,2,-122.94977006,2
1352945070,11/15/2012 02:04:30,2,docr,1661.73,2,2.464,2,34.578,2,1.216,1,85.85,2,1487.326,2,27.6054,2,35.14723826,2,-122.94974206,2
1352945085,11/15/2012 02:04:45,2,docr,1652.67,2,2.483,2,34.576,2,1.206,1,85.84,2,1487.251,2,27.6021,2,35.14722386,2,-122.94976173,2
1352945100,11/15/2012 02:05:00,2,docr,1643.7,2,2.494,2,34.575,2,1.196,1,85.86,2,1487.145,2,27.6004,2,35.147208,2,-122.949779,2
1352945115,11/15/2012 02:05:15,2,docr,1634.55,2,2.505,2,34.575,2,1.189,1,85.86,2,1487.037,2,27.5994,2,35.1472204,2,-122.94972986,2
1352945130,11/15/2012 02:05:30,2,docr,1625.48,2,2.516,2,34.574,2,1.18,1,85.85,2,1486.93,2,27.5976,2,35.1472042,2,-122.94972686,2
1352945145,11/15/2012 02:05:45,2,docr,1616.42,2,2.532,2,34.573,2,1.171,1,85.85,2,1486.844,2,27.5954,2,35.147189,2,-122.949721,2
1352945160,11/15/2012 02:06:00,2,docr,1607.16,2,2.55,2,34.571,2,1.16,1,85.84,2,1486.762,2,27.5923,2,35.1472094,2,-122.949753,2
1352945175,11/15/2012 02:06:15,2,docr,1598,2,2.562,2,34.571,2,1.149,1,85.85,2,1486.658,2,27.5912,2,35.14721893,2,-122.94974286,2
1352945190,11/15/2012 02:06:30,2,docr,1588.84,2,2.578,2,34.569,2,1.139,1,85.84,2,1486.569,2,27.5882,2,35.147233,2,-122.949729,2
1352945205,11/15/2012 02:06:45,2,docr,1579.78,2,2.596,2,34.568,2,1.128,1,85.85,2,1486.492,2,27.5858,2,35.1471972,2,-122.94972473,2
1352945220,11/15/2012 02:07:00,2,docr,1570.52,2,2.612,2,34.566,2,1.118,1,85.84,2,1486.401,2,27.5828,2,35.14718586,2,-122.94971553,2
1352945235,11/15/2012 02:07:15,2,docr,1561.25,2,2.627,2,34.565,2,1.105,1,85.84,2,1486.307,2,27.5807,2,35.147182,2,-122.949705,2
1352945250,11/15/2012 02:07:30,2,docr,1552.09,2,2.643,2,34.564,2,1.095,1,85.84,2,1486.22,2,27.5785,2,35.14718253,2,-122.9497202,2
1352945265,11/15/2012 02:07:45,2,docr,1542.83,2,2.657,2,34.562,2,1.082,1,85.84,2,1486.12,2,27.5756,2,35.14717573,2,-122.94972573,2
1352945280,11/15/2012 02:08:00,2,docr,1533.57,2,2.674,2,34.561,2,1.068,1,85.84,2,1486.035,2,27.5733,2,35.147162,2,-122.949736,2
1352945295,11/15/2012 02:08:15,2,docr,1524.21,2,2.69,2,34.56,2,1.056,1,85.84,2,1485.944,2,27.5711,2,35.14716653,2,-122.94974286,2
1352945310,11/15/2012 02:08:30,2,docr,1514.84,2,2.704,2,34.558,2,1.044,1,85.84,2,1485.843,2,27.5682,2,35.14717133,2,-122.9497406,2
1352945325,11/15/2012 02:08:45,2,docr,1505.48,2,2.721,2,34.557,2,1.036,1,85.84,0,1485.757,2,27.5659,2,35.1471752,2,-122.949711,2
1352945340,11/15/2012 02:09:00,2,docr,1496.22,2,2.738,2,34.556,2,1.032,1,85.85,2,1485.672,2,27.5635,2,35.14716046,2,-122.94971353,2
1352945355,11/15/2012 02:09:15,2,docr,1487.05,2,2.753,2,34.555,2,1.025,1,85.84,2,1485.58,2,27.5614,2,35.14715133,2,-122.94971466,2
1352945370,11/15/2012 02:09:30,2,docr,1477.79,2,2.763,2,34.554,2,1.02,1,85.85,2,1485.464,2,27.5597,2,35.147133,2,-122.949742,2
1352945385,11/15/2012 02:09:45,2,docr,1468.42,2,2.771,2,34.554,2,1.016,1,85.84,2,1485.34,2,27.5589,2,35.14715626,2,-122.9497278,2
1352945400,11/15/2012 02:10:00,2,docr,1459.16,2,2.783,2,34.552,2,1.007,1,85.84,2,1485.232,2,27.5562,2,35.14717126,2,-122.94972106,2
1352945415,11/15/2012 02:10:15,2,docr,1449.79,2,2.798,2,34.551,2,0.995,1,85.84,2,1485.137,2,27.554,2,35.147131,2,-122.9497404,2
1352945430,11/15/2012 02:10:30,2,docr,1440.53,2,2.814,2,34.55,2,0.983,1,85.83,2,1485.048,2,27.5518,2,35.14714866,2,-122.94972513,2
1352945445,11/15/2012 02:10:45,2,docr,1431.16,2,2.824,2,34.549,2,0.972,1,85.83,2,1484.931,2,27.55,2,35.147162,2,-122.949713,2
1352945460,11/15/2012 02:11:00,2,docr,1421.79,2,2.835,2,34.548,2,0.967,1,85.82,2,1484.818,2,27.5482,2,35.1471308,2,-122.94976393,2
1352945475,11/15/2012 02:11:15,2,docr,1412.43,2,2.855,2,34.546,2,0.951,1,85.82,2,1484.743,2,27.5448,2,35.1471298,2,-122.94975666,2
1352945490,11/15/2012 02:11:30,2,docr,1403.16,2,2.883,2,34.545,2,0.937,1,85.82,2,1484.705,2,27.5415,2,35.147105,2,-122.949786,2
1352945505,11/15/2012 02:11:45,2,docr,1393.99,2,2.904,2,34.543,2,0.937,1,85.83,2,1484.638,2,27.538,2,35.147137,2,-122.949754,2
1352945520,11/15/2012 02:12:00,2,docr,1384.92,2,2.922,2,34.542,2,0.927,1,85.81,2,1484.56,2,27.5355,2,35.1471356,2,-122.9497488,2
1352945535,11/15/2012 02:12:15,2,docr,1375.94,2,2.936,2,34.541,2,0.923,1,85.83,2,1484.467,2,27.5334,2,35.147129,2,-122.949744,2
1352945550,11/15/2012 02:12:30,2,docr,1366.87,2,2.952,2,34.539,2,0.912,1,85.83,2,1484.38,2,27.5303,2,35.14711753,2,-122.94976433,2
1352945565,11/15/2012 02:12:45,2,docr,1358,2,2.966,2,34.538,2,0.9,1,85.83,2,1484.289,2,27.5282,2,35.1471122,2,-122.94977253,2
1352945580,11/15/2012 02:13:00,2,docr,1349.12,2,2.983,2,34.536,2,0.89,1,85.82,2,1484.209,2,27.525,2,35.147107,2,-122.949784,2
1352945595,11/15/2012 02:13:15,2,docr,1340.34,2,2.999,2,34.535,2,0.88,1,85.82,2,1484.128,2,27.5228,2,35.14712006,2,-122.94975146,2
1352945610,11/15/2012 02:13:30,2,docr,1331.46,2,3.013,2,34.533,2,0.873,1,85.82,2,1484.035,2,27.5198,2,35.14711893,2,-122.94975113,2
1352945625,11/15/2012 02:13:45,2,docr,1322.69,2,3.022,2,34.532,2,0.85,1,85.8,2,1483.924,2,27.5182,2,35.14712,2,-122.949769,2
1352945640,11/15/2012 02:14:00,2,docr,1314.01,2,3.039,2,34.531,2,0.84,1,85.78,2,1483.849,2,27.5158,2,35.14710206,2,-122.949766,2
1352945655,11/15/2012 02:14:15,2,docr,1305.23,2,3.059,2,34.53,2,0.848,1,85.82,2,1483.785,2,27.5131,2,35.14710086,2,-122.9497666,2
1352945670,11/15/2012 02:14:30,2,docr,1296.45,2,3.079,2,34.529,2,0.832,1,85.81,2,1483.721,2,27.5104,2,35.147101,2,-122.949753,2
1352945685,11/15/2012 02:14:45,2,docr,1287.67,2,3.106,2,34.526,2,0.826,1,85.82,2,1483.685,2,27.5055,2,35.14709446,2,-122.94975966,2
1352945700,11/15/2012 02:15:00,2,docr,1278.79,2,3.123,2,34.525,2,0.81,1,85.81,0,1483.606,2,27.5031,2,35.14709233,2,-122.949767,2
1352945715,11/15/2012 02:15:15,2,docr,1270.01,2,3.139,2,34.524,2,0.794,1,85.8,2,1483.525,2,27.5008,2,35.14709626,2,-122.94979233,2
1352945730,11/15/2012 02:15:30,2,docr,1261.23,2,3.16,2,34.522,2,0.781,1,85.79,2,1483.464,2,27.4972,2,35.14709153,2,-122.94979433,2
1352945745,11/15/2012 02:15:45,2,docr,1252.54,2,3.183,2,34.519,2,0.761,1,85.77,2,1483.412,2,27.4927,2,35.1470896,2,-122.94979953,2
1352945760,11/15/2012 02:16:00,2,docr,1243.86,2,3.194,2,34.515,2,0.729,1,85.75,2,1483.307,2,27.4884,2,35.147098,2,-122.949779,2
1352945775,11/15/2012 02:16:15,2,docr,1235.08,2,3.211,2,34.515,2,0.71,1,85.74,2,1483.231,2,27.4868,2,35.1470862,2,-122.94977833,2
1352945790,11/15/2012 02:16:30,2,docr,1226.29,2,3.232,2,34.512,2,0.7,1,85.73,2,1483.169,2,27.4824,2,35.14708,2,-122.949774,2
1352945805,11/15/2012 02:16:45,2,docr,1217.61,2,3.244,2,34.509,2,0.681,1,85.72,0,1483.07,2,27.4788,2,35.14707886,2,-122.94978646,2
1352945820,11/15/2012 02:17:00,2,docr,1208.93,2,3.264,2,34.509,2,0.672,1,85.71,0,1483.008,2,27.4769,2,35.14708413,2,-122.94977646,2
1352945835,11/15/2012 02:17:15,2,docr,1200.34,2,3.286,2,34.509,2,0.669,1,85.73,2,1482.957,2,27.4748,2,35.147092,2,-122.949765,2
1352945850,11/15/2012 02:17:30,2,docr,1191.65,2,3.305,2,34.508,2,0.667,1,85.72,2,1482.891,2,27.4721,2,35.1470802,2,-122.94976926,2
1352945865,11/15/2012 02:17:45,2,docr,1182.97,2,3.318,2,34.506,2,0.664,1,85.72,0,1482.797,2,27.4693,2,35.14707926,2,-122.9497714,2
1352945880,11/15/2012 02:18:00,2,docr,1174.28,2,3.329,2,34.506,2,0.655,1,85.72,2,1482.698,2,27.4682,2,35.147077,2,-122.949768,2
1352945895,11/15/2012 02:18:15,2,docr,1165.6,2,3.36,2,34.505,2,0.65,1,85.71,2,1482.682,2,27.4644,2,35.1470684,2,-122.9497564,2
1352945910,11/15/2012 02:18:30,2,docr,1156.91,2,3.386,2,34.502,2,0.638,1,85.71,2,1482.642,2,27.4595,2,35.14706233,2,-122.94975146,2
1352945925,11/15/2012 02:18:45,2,docr,1148.22,2,3.417,2,34.5,2,0.624,1,85.71,2,1482.625,2,27.4549,2,35.147059,2,-122.949748,2
1352945940,11/15/2012 02:19:00,2,docr,1139.44,2,3.446,2,34.498,2,0.614,1,85.71,2,1482.597,2,27.4505,2,35.14706473,2,-122.94973873,2
1352945955,11/15/2012 02:19:15,2,docr,1130.55,2,3.473,2,34.496,2,0.603,1,85.71,0,1482.559,2,27.4463,2,35.1470602,2,-122.9497386,2
1352945970,11/15/2012 02:19:30,2,docr,1121.76,2,3.494,2,34.493,2,0.593,1,85.73,2,1482.496,2,27.4418,2,35.147026,2,-122.949758,2
1352945985,11/15/2012 02:19:45,2,docr,1112.98,2,3.514,2,34.492,2,0.586,1,85.72,2,1482.432,2,27.439,2,35.14704466,2,-122.9497298,2
1352946000,11/15/2012 02:20:00,2,docr,1104.19,2,3.545,2,34.49,2,0.574,1,85.72,2,1482.413,2,27.4344,2,35.147045,2,-122.949722,2
1352946015,11/15/2012 02:20:15,2,docr,1095.4,2,3.573,2,34.488,2,0.566,1,85.72,0,1482.381,2,27.43,2,35.14701273,2,-122.9497392,2
1352946030,11/15/2012 02:20:30,2,docr,1086.51,2,3.589,2,34.485,2,0.555,1,85.73,2,1482.295,2,27.426,2,35.14701686,2,-122.94973566,2
1352946045,11/15/2012 02:20:45,2,docr,1077.72,2,3.613,2,34.482,2,0.541,1,85.73,2,1482.245,2,27.4212,2,35.14701506,2,-122.94975253,2
1352946060,11/15/2012 02:21:00,2,docr,1068.84,2,3.634,2,34.48,2,0.529,1,85.72,2,1482.181,2,27.4175,2,35.14702806,2,-122.94971006,2
1352946075,11/15/2012 02:21:15,2,docr,1060.05,2,3.652,2,34.478,2,0.518,1,85.73,2,1482.107,2,27.4141,2,35.1470342,2,-122.94972233,2
1352946090,11/15/2012 02:21:30,2,docr,1051.06,2,3.67,2,34.476,2,0.509,1,85.73,2,1482.029,2,27.4107,2,35.14704033,2,-122.94972846,2
1352946105,11/15/2012 02:21:45,2,docr,1042.07,2,3.704,2,34.473,2,0.496,1,85.73,0,1482.018,2,27.4049,2,35.1470328,2,-122.9496998,2
1352946120,11/15/2012 02:22:00,2,docr,1033.08,2,3.74,2,34.47,2,0.486,1,85.73,2,1482.014,2,27.3988,2,35.14703306,2,-122.94969946,2
1352946135,11/15/2012 02:22:15,2,docr,1023.99,2,3.768,2,34.468,2,0.476,1,85.7,0,1481.977,2,27.3944,2,35.147034,2,-122.949699,2
1352946150,11/15/2012 02:22:30,2,docr,1015.01,2,3.799,2,34.465,2,0.469,1,85.75,2,1481.952,2,27.3889,2,35.147022,2,-122.94970693,2
1352946165,11/15/2012 02:22:45,2,docr,1006.11,2,3.825,2,34.463,2,0.46,1,85.74,2,1481.91,2,27.3846,2,35.1470344,2,-122.94969653,2
1352946180,11/15/2012 02:23:00,2,docr,997.13,2,3.849,2,34.46,2,0.448,1,85.76,0,1481.856,2,27.3798,2,35.147048,2,-122.949687,2
1352946195,11/15/2012 02:23:15,2,docr,988.23,2,3.857,2,34.454,2,0.437,1,85.77,0,1481.732,2,27.3741,2,35.14700693,2,-122.94973846,2
1352946210,11/15/2012 02:23:30,2,docr,979.24,2,3.866,2,34.451,2,0.43,1,85.78,2,1481.615,2,27.3707,2,35.1470196,2,-122.9497286,2
1352946225,11/15/2012 02:23:45,2,docr,970.25,2,3.886,2,34.449,2,0.419,1,85.76,0,1481.546,2,27.3671,2,35.147039,2,-122.949706,2
1352946240,11/15/2012 02:24:00,2,docr,961.26,2,3.927,2,34.448,2,0.408,1,85.75,2,1481.566,2,27.3621,2,35.1470198,2,-122.94975893,2
1352946255,11/15/2012 02:24:15,2,docr,952.27,2,3.945,2,34.445,2,0.399,1,85.76,2,1481.486,2,27.3578,2,35.14702126,2,-122.9497496,2
1352946270,11/15/2012 02:24:30,2,docr,943.18,2,3.995,2,34.447,2,0.391,1,85.74,2,1481.546,2,27.3542,2,35.14702,2,-122.94973,2
1352946285,11/15/2012 02:24:45,2,docr,934.19,2,4.013,2,34.442,2,0.385,1,85.74,2,1481.464,2,27.3484,2,35.14702886,2,-122.9497374,2
1352946300,11/15/2012 02:25:00,2,docr,925.19,2,4.038,2,34.441,2,0.372,1,85.75,0,1481.416,2,27.3449,2,35.14702266,2,-122.94973733,2
1352946315,11/15/2012 02:25:15,2,docr,916.2,2,4.08,2,34.44,2,0.366,1,85.75,2,1481.44,2,27.3397,2,35.147006,2,-122.949734,2
1352946330,11/15/2012 02:25:30,2,docr,907.21,2,4.112,2,34.437,2,0.358,1,85.75,0,1481.419,2,27.334,2,35.14701466,2,-122.94974173,2
1352946345,11/15/2012 02:25:45,2,docr,898.11,2,4.146,2,34.433,2,0.349,1,85.75,2,1481.403,2,27.3272,2,35.1470144,2,-122.94974766,2
1352946360,11/15/2012 02:26:00,2,docr,889.02,2,4.166,2,34.428,2,0.342,1,85.74,0,1481.327,2,27.3211,2,35.147013,2,-122.94976,2
1352946375,11/15/2012 02:26:15,2,docr,879.83,2,4.186,2,34.426,2,0.331,1,85.74,2,1481.254,2,27.3173,2,35.14702306,2,-122.949744,2
1352946390,11/15/2012 02:26:30,2,docr,870.63,2,4.196,2,34.42,2,0.324,1,85.75,0,1481.134,2,27.3114,2,35.1470258,2,-122.9497404,2
1352946405,11/15/2012 02:26:45,2,docr,861.64,2,4.222,2,34.416,2,0.311,1,85.75,2,1481.086,2,27.3055,2,35.14702193,2,-122.94974346,2
1352946420,11/15/2012 02:27:00,2,docr,852.44,2,4.255,2,34.411,2,0.302,1,85.75,2,1481.063,2,27.2979,2,35.14700413,2,-122.94975793,2
1352946435,11/15/2012 02:27:15,2,docr,843.25,2,4.281,2,34.408,2,0.292,1,85.76,2,1481.014,2,27.2927,2,35.1469936,2,-122.94976733,2
1352946450,11/15/2012 02:27:30,2,docr,833.86,2,4.309,2,34.405,2,0.287,1,85.75,0,1480.969,2,27.2873,2,35.14700746,2,-122.94977773,2
1352946465,11/15/2012 02:27:45,2,docr,824.46,2,4.363,2,34.406,2,0.284,1,85.76,2,1481.037,2,27.2823,2,35.14700386,2,-122.9497758,2
1352946480,11/15/2012 02:28:00,2,docr,815.07,2,4.403,2,34.403,2,0.281,1,85.76,2,1481.042,2,27.2756,2,35.14700006,2,-122.94977413,2
1352946495,11/15/2012 02:28:15,2,docr,805.68,2,4.452,2,34.398,2,0.276,1,85.77,2,1481.081,2,27.2663,2,35.1470098,2,-122.9497724,2
1352946510,11/15/2012 02:28:30,2,docr,796.38,2,4.479,2,34.395,2,0.269,1,85.76,0,1481.033,2,27.2609,2,35.14700533,2,-122.949769,2
1352946525,11/15/2012 02:28:45,2,docr,787.19,2,4.51,2,34.393,2,0.266,1,85.76,2,1481.005,2,27.2559,2,35.147001,2,-122.949764,2
1352946540,11/15/2012 02:29:00,2,docr,777.89,2,4.553,2,34.389,2,0.261,1,85.76,2,1481.022,2,27.248,2,35.14698093,2,-122.94977733,2
1352946555,11/15/2012 02:29:15,2,docr,768.59,2,4.589,2,34.383,2,0.256,1,85.67,2,1481.007,2,27.2392,2,35.1469792,2,-122.9497802,2
1352946570,11/15/2012 02:29:30,2,docr,759.4,2,4.634,2,34.377,2,0.248,1,85.72,2,1481.031,2,27.2295,2,35.146978,2,-122.949785,2
1352946585,11/15/2012 02:29:45,2,docr,750.1,2,4.68,2,34.374,2,0.244,1,85.75,2,1481.061,2,27.2219,2,35.146972,2,-122.94981126,2
1352946600,11/15/2012 02:30:00,2,docr,741,2,4.739,2,34.369,2,0.241,1,85.74,2,1481.145,2,27.2114,2,35.1469678,2,-122.94980306,2
1352946615,11/15/2012 02:30:15,2,docr,731.7,2,4.763,2,34.363,2,0.238,1,85.75,0,1481.08,2,27.2039,2,35.146963,2,-122.949787,2
1352946630,11/15/2012 02:30:30,2,docr,722.5,2,4.796,2,34.359,2,0.236,1,85.75,0,1481.057,2,27.1969,2,35.14696453,2,-122.94980373,2
1352946645,11/15/2012 02:30:45,2,docr,713.3,2,4.826,2,34.355,2,0.234,1,85.75,2,1481.021,2,27.1903,2,35.14695953,2,-122.94981633,2
1352946660,11/15/2012 02:31:00,2,docr,704,2,4.869,2,34.355,2,0.233,1,85.74,0,1481.042,2,27.1854,2,35.146955,2,-122.949839,2
1352946675,11/15/2012 02:31:15,2,docr,694.9,2,4.892,2,34.352,2,0.232,1,85.73,2,1480.98,2,27.1804,2,35.1469622,2,-122.94981446,2
1352946690,11/15/2012 02:31:30,2,docr,693.32,2,4.889,2,34.352,2,0.233,1,84.07,0,1480.942,2,27.1807,2,35.1469616,2,-122.94980846,2
1352946705,11/15/2012 02:31:45,2,docr,686,2,4.89,2,34.344,2,0.232,1,85.42,2,1480.813,2,27.1742,2,35.1469524,2,-122.94980873,2
1352946720,11/15/2012 02:32:00,2,docr,676.7,2,4.883,2,34.337,2,0.23,1,85.7,2,1480.621,2,27.1693,2,35.14694686,2,-122.94982073,2
1352946735,11/15/2012 02:32:15,2,docr,667.49,2,4.92,2,34.328,2,0.233,1,85.71,0,1480.607,2,27.1579,2,35.1469446,2,-122.94982693,2
1352946750,11/15/2012 02:32:30,2,docr,658.29,2,4.922,2,34.319,2,0.236,1,85.67,2,1480.45,2,27.1504,2,35.146946,2,-122.949838,2
1352946765,11/15/2012 02:32:45,2,docr,649.09,2,4.946,2,34.304,2,0.24,1,85.74,0,1480.376,2,27.1357,2,35.14694173,2,-122.9498512,2
1352946780,11/15/2012 02:33:00,2,docr,639.98,2,5.041,2,34.315,2,0.245,1,85.72,0,1480.625,2,27.1336,2,35.14693993,2,-122.94984826,2
1352946795,11/15/2012 02:33:15,2,docr,630.78,2,5.196,2,34.32,2,0.243,1,85.74,0,1481.109,2,27.1196,2,35.14694813,2,-122.94979093,2
1352946810,11/15/2012 02:33:30,2,docr,621.68,2,5.242,2,34.313,2,0.243,1,85.74,2,1481.134,2,27.1086,2,35.146942,2,-122.949796,2
1352946825,11/15/2012 02:33:45,2,docr,612.47,2,5.309,2,34.311,2,0.25,1,85.74,2,1481.25,2,27.0991,2,35.14693853,2,-122.94980066,2
1352946840,11/15/2012 02:34:00,2,docr,602.77,2,5.357,2,34.302,2,0.255,1,85.73,2,1481.271,2,27.0862,2,35.146951,2,-122.949807,2
1352946855,11/15/2012 02:34:15,2,docr,593.17,2,5.395,2,34.296,2,0.262,1,85.73,2,1481.257,2,27.0769,2,35.14695606,2,-122.94978646,2
1352946870,11/15/2012 02:34:30,2,docr,583.57,2,5.408,2,34.291,2,0.27,1,85.74,2,1481.143,2,27.0713,2,35.146957,2,-122.949765,2
1352946885,11/15/2012 02:34:45,2,docr,574.07,2,5.448,2,34.283,2,0.28,1,85.72,2,1481.136,2,27.0601,2,35.14694873,2,-122.949791,2
1352946900,11/15/2012 02:35:00,2,docr,564.66,2,5.531,2,34.289,2,0.285,1,85.75,2,1481.321,2,27.0548,2,35.14694906,2,-122.94979426,2
1352946915,11/15/2012 02:35:15,2,docr,555.16,2,5.578,2,34.281,2,0.288,1,85.71,2,1481.342,2,27.0427,2,35.146952,2,-122.949802,2
1352946930,11/15/2012 02:35:30,2,docr,545.75,2,5.637,2,34.278,2,0.3,1,85.74,2,1481.419,2,27.0331,2,35.14695826,2,-122.9497772,2
1352946945,11/15/2012 02:35:45,2,docr,536.64,2,5.622,2,34.257,2,0.324,1,85.74,2,1481.18,2,27.0182,2,35.146955,2,-122.9497824,2
1352946960,11/15/2012 02:36:00,2,docr,527.73,2,5.695,2,34.259,2,0.342,1,85.75,2,1481.327,2,27.0108,2,35.146949,2,-122.949802,2
1352946975,11/15/2012 02:36:15,2,docr,518.82,2,5.789,2,34.264,2,0.34,1,85.73,0,1481.562,2,27.0032,2,35.14697126,2,-122.9497718,2
1352946990,11/15/2012 02:36:30,2,docr,509.61,2,5.826,2,34.256,2,0.349,1,85.72,2,1481.546,2,26.9922,2,35.14697493,2,-122.94975753,2
1352947005,11/15/2012 02:36:45,2,docr,500.4,2,5.915,2,34.258,2,0.352,1,85.72,2,1481.751,2,26.9827,2,35.14697,2,-122.949751,2
1352947020,11/15/2012 02:37:00,2,docr,490.99,2,5.972,2,34.256,2,0.36,1,85.73,2,1481.819,2,26.9739,2,35.14698166,2,-122.9497516,2
1352947035,11/15/2012 02:37:15,2,docr,481.68,2,6.02,2,34.244,2,0.383,1,85.74,2,1481.84,2,26.9582,2,35.14698093,2,-122.94974826,2
1352947050,11/15/2012 02:37:30,2,docr,472.38,2,6.101,2,34.239,2,0.407,1,85.74,2,1482,2,26.944,2,35.1469668,2,-122.9497408,2
1352947065,11/15/2012 02:37:45,2,docr,463.06,2,5.913,2,34.176,2,0.485,1,85.75,2,1481.018,2,26.9176,2,35.1469836,2,-122.9497294,2
1352947080,11/15/2012 02:38:00,2,docr,453.75,2,5.7,2,34.138,2,0.648,1,85.76,2,1479.963,2,26.9137,2,35.14699286,2,-122.94973,2
1352947095,11/15/2012 02:38:15,2,docr,444.54,2,5.876,2,34.172,2,0.673,1,85.75,2,1480.557,2,26.9189,2,35.146997,2,-122.949736,2
1352947110,11/15/2012 02:38:30,2,docr,435.23,2,5.79,2,34.109,2,0.691,1,85.76,2,1479.979,2,26.8795,2,35.147003,2,-122.9497344,2
1352947125,11/15/2012 02:38:45,2,docr,426.02,2,5.772,2,34.114,2,0.793,1,85.75,0,1479.761,2,26.8856,2,35.14700993,2,-122.94972786,2
1352947140,11/15/2012 02:39:00,2,docr,416.81,2,5.862,2,34.112,2,0.803,1,85.75,2,1479.965,2,26.8729,2,35.147003,2,-122.949727,2
1352947155,11/15/2012 02:39:15,2,docr,407.59,2,5.991,2,34.118,2,0.805,1,85.72,2,1480.333,2,26.8614,2,35.14701153,2,-122.9497338,2
1352947170,11/15/2012 02:39:30,2,docr,398.18,2,6.071,2,34.115,2,0.815,1,85.75,2,1480.491,2,26.8489,2,35.1470194,2,-122.94974106,2
1352947185,11/15/2012 02:39:45,2,docr,388.77,2,6.148,2,34.111,2,0.854,1,85.73,2,1480.636,2,26.8359,2,35.1470222,2,-122.9497308,2
1352947200,11/15/2012 02:40:00,2,docr,379.26,2,6.197,2,34.104,2,0.887,1,85.73,2,1480.663,2,26.824,2,35.1470338,2,-122.94972293,2
1352947215,11/15/2012 02:40:15,2,docr,369.74,2,6.274,2,34.1,2,0.929,1,85.7,2,1480.804,2,26.8109,2,35.147047,2,-122.949706,2
1352947230,11/15/2012 02:40:30,2,docr,360.53,2,6.284,2,34.066,2,1.053,1,85.71,2,1480.648,2,26.7827,2,35.14704066,2,-122.94971033,2
1352947245,11/15/2012 02:40:45,2,docr,351.41,2,6.348,2,34.05,2,1.177,1,85.67,2,1480.729,2,26.7617,2,35.14704786,2,-122.94970153,2
1352947260,11/15/2012 02:41:00,2,docr,342.29,2,6.372,2,34.046,2,1.3,1,85.71,2,1480.668,2,26.7553,2,35.147057,2,-122.949686,2
1352947275,11/15/2012 02:41:15,2,docr,333.27,2,6.583,2,34.072,2,1.288,1,85.71,0,1481.38,2,26.7482,2,35.14706613,2,-122.94971206,2
1352947290,11/15/2012 02:41:30,2,docr,324.65,2,6.575,2,34.038,2,1.334,1,85.71,2,1481.163,2,26.7223,2,35.14707206,2,-122.94972346,2
1352947305,11/15/2012 02:41:45,2,docr,315.83,2,6.551,2,34.027,2,1.495,1,85.66,2,1480.909,2,26.7167,2,35.147069,2,-122.949751,2
1352947320,11/15/2012 02:42:00,2,docr,307.21,2,6.667,2,34.027,2,1.625,1,85.7,2,1481.22,2,26.7013,2,35.14707906,2,-122.9497592,2
1352947335,11/15/2012 02:42:15,2,docr,300.07,2,6.868,2,34.062,2,1.702,1,85.71,2,1481.93,2,26.7019,2,35.14709366,2,-122.94976866,2
1352947350,11/15/2012 02:42:30,2,docr,292.04,2,7.436,2,34.133,2,1.375,1,85.71,0,1484.082,2,26.6791,2,35.147119,2,-122.949784,2
1352947365,11/15/2012 02:42:45,2,docr,283.32,2,7.644,2,34.142,2,1.144,1,85.71,0,1484.744,2,26.6564,2,35.147157,2,-122.94980333,2
1352947380,11/15/2012 02:43:00,2,docr,274.59,2,7.641,2,34.117,2,1.228,1,85.7,2,1484.557,2,26.637,2,35.14718026,2,-122.94980446,2
1352947395,11/15/2012 02:43:15,2,docr,266.86,2,7.751,2,34.128,2,1.281,1,85.69,0,1484.862,2,26.6297,2,35.147192,2,-122.949865,2
1352947410,11/15/2012 02:43:30,2,docr,258.73,2,7.824,2,34.127,2,1.26,1,85.68,2,1485.004,2,26.6182,2,35.147192,2,-122.9498958,2
1352947425,11/15/2012 02:43:45,2,docr,248.22,2,7.938,2,34.137,2,1.273,1,85.67,2,1485.274,2,26.6092,2,35.1471868,2,-122.94992,2
1352947440,11/15/2012 02:44:00,2,docr,240.98,2,8.131,2,34.149,2,1.198,1,85.62,2,1485.899,2,26.5899,2,35.14716513,2,-122.9499824,2
1352947455,11/15/2012 02:44:15,2,docr,232.85,2,8.192,2,34.14,2,1.176,1,85.64,0,1485.983,2,26.5736,2,35.14717166,2,-122.950026,2
1352947470,11/15/2012 02:44:30,2,docr,223.23,2,8.26,2,34.143,2,1.236,1,85.61,0,1486.082,2,26.5656,2,35.147183,2,-122.95005886,2
1352947485,11/15/2012 02:44:45,2,docr,211.43,2,8.372,2,34.137,2,1.213,1,85.62,2,1486.3,2,26.5438,2,35.147171,2,-122.950101,2
1352947500,11/15/2012 02:45:00,2,docr,200.43,2,8.348,2,34.104,2,1.365,1,85.6,2,1485.986,2,26.5213,2,35.14719826,2,-122.95009653,2
1352947515,11/15/2012 02:45:15,2,docr,189.52,2,8.311,2,34.074,2,1.604,1,85.59,2,1485.629,2,26.5032,2,35.147222,2,-122.950093,2
1352947530,11/15/2012 02:45:30,2,docr,180.99,2,8.234,2,34.039,2,1.938,1,85.53,2,1485.155,2,26.4872,2,35.1471888,2,-122.95010326,2
1352947545,11/15/2012 02:45:45,2,docr,178.51,2,8.21,2,34.022,2,2.053,1,85.54,0,1485.003,2,26.4774,2,35.14717433,2,-122.9500988,2
1352947560,11/15/2012 02:46:00,2,docr,172.95,2,8.165,2,34.006,2,2.287,1,85.53,2,1484.721,2,26.4715,2,35.147156,2,-122.950092,2
1352947575,11/15/2012 02:46:15,2,docr,165.32,2,8.199,2,33.991,2,2.379,1,85.53,0,1484.704,2,26.4545,2,35.14713546,2,-122.950078,2
1352947590,11/15/2012 02:46:30,2,docr,156.79,2,8.246,2,33.969,2,2.505,1,85.49,0,1484.712,2,26.4301,2,35.147175,2,-122.9500808,2
1352947605,11/15/2012 02:46:45,2,docr,148.06,2,8.372,2,33.955,2,2.58,1,85.49,0,1485.024,2,26.4,2,35.147234,2,-122.950088,2
1352947620,11/15/2012 02:47:00,2,docr,139.13,2,8.558,2,33.935,2,2.598,1,85.51,2,1485.547,2,26.3558,2,35.1472762,2,-122.95009906,2
1352947635,11/15/2012 02:47:15,2,docr,130.3,2,8.695,2,33.909,2,2.592,1,85.5,0,1485.879,2,26.3141,2,35.1472984,2,-122.95010193,2
1352947650,11/15/2012 02:47:30,2,docr,124.64,2,8.751,2,33.886,2,2.648,1,85.48,0,1485.965,2,26.2873,2,35.14733,2,-122.950104,2
1352947665,11/15/2012 02:47:45,2,docr,122.26,2,8.793,2,33.864,2,2.731,1,85.5,2,1486.054,2,26.2635,2,35.1472996,2,-122.95010053,2
1352947680,11/15/2012 02:48:00,2,docr,120.48,2,8.805,2,33.858,2,2.765,1,85.33,0,1486.062,2,26.2569,2,35.1472644,2,-122.95009766,2
1352947695,11/15/2012 02:48:15,2,docr,117.01,2,8.813,2,33.83,2,2.834,1,85.45,0,1486,2,26.2337,2,35.147172,2,-122.95009,2
1352947710,11/15/2012 02:48:30,2,docr,109.46,2,8.84,2,33.783,2,3.058,1,85.47,2,1485.917,2,26.1925,2,35.14711806,2,-122.95008066,2
1352947725,11/15/2012 02:48:45,2,docr,103.02,2,8.926,2,33.749,2,3.143,1,85.45,0,1486.087,2,26.1523,2,35.14708853,2,-122.95007486,2
1352947740,11/15/2012 02:49:00,2,docr,99.54,2,8.944,2,33.745,2,3.183,1,85.43,2,1486.091,2,26.1463,2,35.1470716,2,-122.95006313,2
1352947755,11/15/2012 02:49:15,2,docr,96.27,2,9.011,2,33.734,2,3.217,1,85.43,2,1486.271,2,26.127,2,35.14709746,2,-122.9500632,2
1352947770,11/15/2012 02:49:30,2,docr,94.28,2,9.048,2,33.727,2,3.23,1,85.29,2,1486.366,2,26.1157,2,35.14711026,2,-122.9500628,2
1352947785,11/15/2012 02:49:45,2,docr,95.28,2,9.24,2,33.72,2,3.189,1,85.39,2,1487.08,2,26.0796,2,35.147125,2,-122.9500576,2
1352947800,11/15/2012 02:50:00,2,docr,97.26,2,9.296,2,33.72,2,3.163,1,85.33,2,1487.318,2,26.0707,2,35.14712466,2,-122.95005533,2
1352947815,11/15/2012 02:50:15,2,docr,92.3,2,9.492,2,33.722,2,3.117,1,85.42,2,1487.955,2,26.0404,2,35.14712053,2,-122.95005246,2
1352947830,11/15/2012 02:50:30,2,docr,89.32,2,9.509,2,33.678,2,3.222,1,85.26,0,1487.914,2,26.0032,2,35.1470954,2,-122.950062,2
1352947845,11/15/2012 02:50:45,2,docr,87.14,2,9.64,2,33.682,2,3.259,1,85.39,0,1488.36,2,25.9848,2,35.14704213,2,-122.9500964,2
1352947860,11/15/2012 02:51:00,2,docr,81.78,2,9.834,2,33.678,2,3.205,1,85.4,2,1488.969,2,25.9495,2,35.1469938,2,-122.95011453,2
1352947875,11/15/2012 02:51:15,2,docr,73.94,2,10.092,2,33.639,2,3.272,1,85.34,2,1489.722,2,25.8756,2,35.146927,2,-122.9500524,2
1352947890,11/15/2012 02:51:30,2,docr,69.08,2,10.248,2,33.597,2,3.502,1,85.18,2,1490.15,2,25.8162,2,35.14692506,2,-122.95005986,2
1352947905,11/15/2012 02:51:45,2,docr,66.4,2,10.481,2,33.566,2,3.634,1,85.18,2,1490.9,2,25.7519,2,35.146927,2,-122.950066,2
1352947920,11/15/2012 02:52:00,2,docr,61.54,2,10.629,2,33.529,2,3.871,1,85.08,0,1491.3,2,25.6973,2,35.1469442,2,-122.9501552,2
1352947935,11/15/2012 02:52:15,2,docr,56.77,2,11.045,2,33.525,2,4.024,1,84.78,0,1492.684,2,25.6207,2,35.14692853,2,-122.9501538,2
1352947950,11/15/2012 02:52:30,2,docr,49.43,2,11.521,2,33.486,2,4.212,1,84.32,2,1494.176,2,25.504,2,35.146912,2,-122.950145,2
1352947965,11/15/2012 02:52:45,2,docr,43.57,2,12.179,2,33.484,2,4.377,1,83.89,2,1496.34,2,25.3795,2,35.14693853,2,-122.95012313,2
1352947980,11/15/2012 02:53:00,2,docr,41.19,2,13.69,2,33.476,2,4.738,1,83.75,2,1501.347,2,25.0753,2,35.14689613,2,-122.95012573,2
1352947995,11/15/2012 02:53:15,2,docr,37.52,2,15.372,2,33.459,2,5.247,1,83.7,0,1506.669,2,24.7048,2,35.146832,2,-122.950131,2
1352948010,11/15/2012 02:53:30,2,docr,37.62,2,15.489,2,33.449,2,5.356,1,83.74,2,1507.026,2,24.6713,2,35.14667666,2,-122.95015253,2
1352948025,11/15/2012 02:53:45,2,docr,37.72,2,15.441,2,33.455,2,5.353,1,83.73,2,1506.885,2,24.6865,2,35.146616,2,-122.950158,2
1352948040,11/15/2012 02:54:00,2,docr,36.13,2,15.485,2,33.458,2,5.364,1,83.7,0,1507,2,24.679,2,35.146562,2,-122.950156,2
1352948055,11/15/2012 02:54:15,2,docr,33.75,2,15.568,2,33.457,2,5.391,1,83.53,0,1507.218,2,24.6598,2,35.14648086,2,-122.95015346,2
1352948070,11/15/2012 02:54:30,2,docr,30.18,2,15.652,2,33.471,2,5.416,1,83.41,2,1507.437,2,24.6518,2,35.14644166,2,-122.9501552,2
1352948085,11/15/2012 02:54:45,2,docr,26.8,2,15.727,2,33.486,2,5.42,1,83.29,2,1507.632,2,24.6464,2,35.146394,2,-122.950157,2
1352948100,11/15/2012 02:55:00,2,docr,22.83,2,15.884,2,33.501,2,5.418,1,83.36,0,1508.071,2,24.6226,2,35.1463626,2,-122.950159,2
1352948115,11/15/2012 02:55:15,2,docr,20.15,2,15.913,2,33.506,2,5.421,1,83.38,2,1508.122,2,24.6198,2,35.1463428,2,-122.9501602,2
1352948130,11/15/2012 02:55:30,2,docr,16.18,2,15.943,2,33.511,2,5.421,1,83.41,2,1508.155,2,24.6168,2,35.146312,2,-122.950165,2
1352948145,11/15/2012 02:55:45,2,docr,15.39,2,15.962,2,33.513,2,5.422,1,83.42,2,1508.202,2,24.614,2,35.1462804,2,-122.9501654,2
1352948160,11/15/2012 02:56:00,2,docr,11.71,2,16.027,2,33.512,2,5.422,1,83.41,2,1508.341,2,24.5984,2,35.1462576,2,-122.95016386,2
1352948175,11/15/2012 02:56:15,2,docr,12.51,2,16.035,2,33.509,2,5.417,1,83.36,2,1508.375,2,24.5943,2,35.146229,2,-122.95015,2
1352948190,11/15/2012 02:56:30,2,docr,11.61,2,16.028,2,33.511,2,5.422,1,83.36,2,1508.341,2,24.5974,2,35.146229,2,-122.95015,2
1352948205,11/15/2012 02:56:45,2,docr,6.45,2,16.085,2,33.501,2,5.424,1,83.5,0,1508.419,2,24.5766,2,35.146229,2,-122.95015,2
