usec,rovCtdDtg,rovCtdDtgFlag,vehicle,depth,depthFlag,temper,temperFlag,salin,salinFlag,oxyg,oxygFlag,light,lightFlag,sound,soundFlag,sigmatheta,sigmathetaFlag,lat,latFlag,lon,lonFlag
1235692800,02/27/2009 00:00:00,2,docr,3960.4,2,1.492,2,34.646,2,,0,92.33,2,1523.127,2,27.7494,2,35.16372557,2,-123.018033,2
1235692815,02/27/2009 00:00:15,2,docr,3960.59,2,1.492,2,34.646,2,,0,92.32,2,1523.131,2,27.7494,2,35.1637022,2,-123.0180644,2
1235692830,02/27/2009 00:00:30,2,docr,3960.4,2,1.492,2,34.646,2,,0,92.33,2,1523.127,2,27.7494,2,35.16365693,2,-123.01813206,2
1235692845,02/27/2009 00:00:45,2,docr,3960.2,2,1.492,2,34.646,2,,0,92.33,2,1523.124,2,27.7494,2,35.163696,2,-123.01825326,2
1235692860,02/27/2009 00:01:00,2,docr,3959.91,2,1.492,2,34.646,2,,0,92.33,2,1523.119,2,27.7494,2,35.16381113,2,-123.01826533,2
1235692875,02/27/2009 00:01:15,2,docr,3960.69,2,1.492,2,34.646,2,,0,92.31,2,1523.133,2,27.7494,2,35.16381953,2,-123.0182096,2
1235692890,02/27/2009 00:01:30,2,docr,3961.67,2,1.492,2,34.646,2,,0,92.33,2,1523.15,2,27.7494,2,35.16377586,2,-123.0183004,2
1235692905,02/27/2009 00:01:45,2,docr,3961.28,2,1.492,2,34.646,2,,0,92.33,2,1523.143,2,27.7494,2,35.1638408,2,-123.018436,2
1235692920,02/27/2009 00:02:00,2,docr,3961.37,2,1.493,2,34.646,2,,0,92.3,2,1523.149,2,27.7493,2,35.16369273,2,-123.01847633,2
1235692935,02/27/2009 00:02:15,2,docr,3961.96,2,1.492,2,34.646,2,,0,92.32,2,1523.155,2,27.7494,2,35.16364906,2,-123.01850093,2
1235692950,02/27/2009 00:02:30,2,docr,3961.37,2,1.492,2,34.646,2,,0,92.33,2,1523.145,2,27.7494,2,35.1636886,2,-123.01849213,2
1235692965,02/27/2009 00:02:45,2,docr,3960.79,2,1.492,2,34.646,2,,0,92.32,2,1523.134,2,27.7494,2,35.16373833,2,-123.01853213,2
1235692980,02/27/2009 00:03:00,2,docr,3960.69,2,1.492,2,34.646,2,,0,92.32,2,1523.133,2,27.7494,2,35.16365453,2,-123.0186364,2
1235692995,02/27/2009 00:03:15,2,docr,3961.18,2,1.492,2,34.646,2,,0,92.31,2,1523.141,2,27.7494,2,35.16372666,2,-123.01861266,2
1235693010,02/27/2009 00:03:30,2,docr,3961.28,2,1.492,2,34.646,2,,0,92.32,2,1523.143,2,27.7494,2,35.16390413,2,-123.01851893,2
1235693025,02/27/2009 00:03:45,2,docr,3960.98,2,1.492,2,34.646,2,,0,92.29,2,1523.138,2,27.7494,2,35.1638516,2,-123.01850546,2
1235693040,02/27/2009 00:04:00,2,docr,3961.08,2,1.492,2,34.646,2,,0,92.29,2,1523.14,2,27.7494,2,35.163992,2,-123.01847913,2
1235693055,02/27/2009 00:04:15,2,docr,3961.18,2,1.492,2,34.646,2,,0,92.28,2,1523.141,2,27.7494,2,35.16391973,2,-123.018553,2
1235693070,02/27/2009 00:04:30,2,docr,3961.47,2,1.493,2,34.646,2,,0,92.28,2,1523.151,2,27.7493,2,35.16397193,2,-123.01855466,2
1235693085,02/27/2009 00:04:45,2,docr,3962.35,2,1.493,2,34.646,2,,0,92.33,2,1523.166,2,27.7493,2,35.16410713,2,-123.01847293,2
1235693100,02/27/2009 00:05:00,2,docr,3963.52,2,1.493,2,34.645,2,,0,92.29,2,1523.186,2,27.7485,2,35.16394573,2,-123.01852633,2
1235693115,02/27/2009 00:05:15,2,docr,3963.71,2,1.492,2,34.646,2,,0,92.33,2,1523.186,2,27.7494,2,35.16396933,2,-123.01856973,2
1235693130,02/27/2009 00:05:30,2,docr,3963.71,2,1.492,2,34.646,2,,0,92.33,2,1523.186,2,27.7494,2,35.16418386,2,-123.01849473,2
1235693145,02/27/2009 00:05:45,2,docr,3963.71,2,1.492,2,34.646,2,,0,92.33,2,1523.186,2,27.7494,2,35.1642852,2,-123.018421,2
1235693160,02/27/2009 00:06:00,2,docr,3963.71,2,1.492,2,34.646,2,,0,92.33,2,1523.186,2,27.7494,2,35.16417006,2,-123.01849093,2
1235693175,02/27/2009 00:06:15,2,docr,3963.71,2,1.492,2,34.646,2,,0,92.33,2,1523.186,2,27.7494,2,35.16421033,2,-123.0184828,2
1235693190,02/27/2009 00:06:30,2,docr,3963.71,2,1.492,2,34.646,2,,0,92.33,2,1523.186,2,27.7494,2,35.16417593,2,-123.0185198,2
1235693205,02/27/2009 00:06:45,2,docr,3963.71,2,1.492,2,34.646,2,,0,92.32,2,1523.186,2,27.7494,2,35.16422833,2,-123.01851913,2
1235693220,02/27/2009 00:07:00,2,docr,3963.71,2,1.492,2,34.646,2,,0,92.34,2,1523.186,2,27.7494,2,35.16423493,2,-123.0185342,2
1235693235,02/27/2009 00:07:15,2,docr,3963.71,2,1.492,2,34.646,2,,0,92.32,2,1523.186,2,27.7494,2,35.16423133,2,-123.0185394,2
1235693250,02/27/2009 00:07:30,2,docr,3963.71,2,1.492,2,34.646,2,,0,92.33,2,1523.186,2,27.7494,2,35.1643228,2,-123.01848766,2
1235693265,02/27/2009 00:07:45,2,docr,3963.71,2,1.492,2,34.646,2,,0,92.33,2,1523.186,2,27.7494,2,35.164358,2,-123.01846553,2
1235693280,02/27/2009 00:08:00,2,docr,3963.71,2,1.492,2,34.646,2,,0,92.33,2,1523.186,2,27.7494,2,35.16423573,2,-123.018542,2
1235693295,02/27/2009 00:08:15,2,docr,3963.71,2,1.493,2,34.645,2,,0,92.32,2,1523.189,2,27.7485,2,35.16413226,2,-123.01850853,2
1235693310,02/27/2009 00:08:30,2,docr,3963.71,2,1.493,2,34.645,2,,0,92.33,2,1523.189,2,27.7485,2,35.1640604,2,-123.0185066,2
1235693325,02/27/2009 00:08:45,2,docr,3963.71,2,1.493,2,34.645,2,,0,92.33,2,1523.189,2,27.7485,2,35.16396626,2,-123.0185574,2
1235693340,02/27/2009 00:09:00,2,docr,3963.71,2,1.492,2,34.646,2,,0,92.32,2,1523.186,2,27.7494,2,35.164107,2,-123.0185026,2
1235693355,02/27/2009 00:09:15,2,docr,3963.71,2,1.493,2,34.645,2,,0,92.32,2,1523.189,2,27.7485,2,35.16418326,2,-123.01847793,2
1235693370,02/27/2009 00:09:30,2,docr,3963.71,2,1.492,2,34.646,2,,0,92.33,2,1523.186,2,27.7494,2,35.1642038,2,-123.01844793,2
1235693385,02/27/2009 00:09:45,2,docr,3963.71,2,1.493,2,34.645,2,,0,92.33,2,1523.189,2,27.7485,2,35.16400286,2,-123.01855153,2
1235693400,02/27/2009 00:10:00,2,docr,3963.71,2,1.492,2,34.646,2,,0,92.32,2,1523.186,2,27.7494,2,35.16408633,2,-123.0185588,2
1235693415,02/27/2009 00:10:15,2,docr,3963.71,2,1.492,2,34.646,2,,0,92.33,2,1523.186,2,27.7494,2,35.16429113,2,-123.01846066,2
1235693430,02/27/2009 00:10:30,2,docr,3963.71,2,1.492,2,34.646,2,,0,92.33,2,1523.186,2,27.7494,2,35.1641238,2,-123.01850933,2
1235693445,02/27/2009 00:10:45,2,docr,3963.71,2,1.492,2,34.646,2,,0,92.33,2,1523.186,2,27.7494,2,35.16419393,2,-123.01850093,2
1235693460,02/27/2009 00:11:00,2,docr,3963.71,2,1.492,2,34.646,2,,0,92.32,2,1523.186,2,27.7494,2,35.16422813,2,-123.01848626,2
1235693475,02/27/2009 00:11:15,2,docr,3963.71,2,1.492,2,34.646,2,,0,92.33,2,1523.186,2,27.7494,2,35.16446986,2,-123.01841733,2
1235693490,02/27/2009 00:11:30,2,docr,3963.71,2,1.492,2,34.646,2,,0,92.33,2,1523.186,2,27.7494,2,35.1645068,2,-123.01841573,2
1235693505,02/27/2009 00:11:45,2,docr,3963.71,2,1.492,2,34.646,2,,0,92.34,2,1523.186,2,27.7494,2,35.16442626,2,-123.01843733,2
1235693520,02/27/2009 00:12:00,2,docr,3963.71,2,1.492,2,34.646,2,,0,92.32,2,1523.186,2,27.7494,2,35.16439586,2,-123.01846306,2
1235693535,02/27/2009 00:12:15,2,docr,3963.71,2,1.492,2,34.646,2,,0,92.33,2,1523.186,2,27.7494,2,35.16446526,2,-123.01842513,2
1235693550,02/27/2009 00:12:30,2,docr,3963.71,2,1.492,2,34.646,2,,0,92.32,2,1523.186,2,27.7494,2,35.164467,2,-123.01844113,2
1235693565,02/27/2009 00:12:45,2,docr,3963.71,2,1.492,2,34.646,2,,0,92.32,2,1523.186,2,27.7494,2,35.16447126,2,-123.01843006,2
1235693580,02/27/2009 00:13:00,2,docr,3963.71,2,1.492,2,34.646,2,,0,92.32,2,1523.186,2,27.7494,2,35.1643754,2,-123.0184636,2
1235693595,02/27/2009 00:13:15,2,docr,3963.71,2,1.492,2,34.646,2,,0,92.33,2,1523.186,2,27.7494,2,35.1642278,2,-123.0185236,2
1235693610,02/27/2009 00:13:30,2,docr,3963.71,2,1.492,2,34.646,2,,0,92.33,2,1523.186,2,27.7494,2,35.16426706,2,-123.01846773,2
1235693625,02/27/2009 00:13:45,2,docr,3963.71,2,1.492,2,34.646,2,,0,92.29,2,1523.186,2,27.7494,2,35.16424373,2,-123.0184996,2
1235693640,02/27/2009 00:14:00,2,docr,3963.71,2,1.496,2,34.646,2,,0,91.33,2,1523.204,2,27.7491,2,35.16440833,2,-123.01842366,2
1235693655,02/27/2009 00:14:15,2,docr,3963.13,2,1.497,2,34.645,2,,0,92.19,2,1523.196,2,27.7483,2,35.1644646,2,-123.01838886,2
1235693670,02/27/2009 00:14:30,2,docr,3962.74,2,1.495,2,34.646,2,,0,92.19,2,1523.182,2,27.7492,2,35.16458053,2,-123.0183262,2
1235693685,02/27/2009 00:14:45,2,docr,3962.74,2,1.496,2,34.645,2,,0,82.3,2,1523.185,2,27.7483,2,35.16477573,2,-123.01828673,2
1235693700,02/27/2009 00:15:00,2,docr,3963.71,2,1.494,2,34.644,2,,0,76.6,0,1523.192,2,27.7477,2,35.16493353,2,-123.018246,2
1235693715,02/27/2009 00:15:15,2,docr,3963.71,2,1.493,2,34.645,2,,0,92.3,2,1523.189,2,27.7485,2,35.1650328,2,-123.01818386,2
1235693730,02/27/2009 00:15:30,2,docr,3963.71,2,1.493,2,34.645,2,,0,92.29,2,1523.189,2,27.7485,2,35.16468746,2,-123.01833693,2
1235693745,02/27/2009 00:15:45,2,docr,3963.71,2,1.493,2,34.645,2,,0,92.32,2,1523.189,2,27.7485,2,35.1644228,2,-123.018434,2
1235693760,02/27/2009 00:16:00,2,docr,3963.61,2,1.493,2,34.645,2,,0,92.32,2,1523.187,2,27.7485,2,35.164275,2,-123.01846953,2
1235693775,02/27/2009 00:16:15,2,docr,3963.71,2,1.492,2,34.646,2,,0,92.31,2,1523.186,2,27.7494,2,35.16429206,2,-123.01847353,2
1235693790,02/27/2009 00:16:30,2,docr,3963.71,2,1.492,2,34.646,2,,0,92.31,2,1523.186,2,27.7494,2,35.16420973,2,-123.0184594,2
1235693805,02/27/2009 00:16:45,2,docr,3963.71,2,1.492,2,34.646,2,,0,92.31,2,1523.186,2,27.7494,2,35.16420893,2,-123.01845473,2
1235693820,02/27/2009 00:17:00,2,docr,3963.71,2,1.492,2,34.646,2,,0,92.3,2,1523.186,2,27.7494,2,35.1642198,2,-123.01848446,2
1235693835,02/27/2009 00:17:15,2,docr,3963.71,2,1.492,2,34.646,2,,0,92.31,2,1523.186,2,27.7494,2,35.1642622,2,-123.01846926,2
1235693850,02/27/2009 00:17:30,2,docr,3963.71,2,1.492,2,34.646,2,,0,92.31,2,1523.186,2,27.7494,2,35.16431173,2,-123.0184292,2
1235693865,02/27/2009 00:17:45,2,docr,3963.71,2,1.492,2,34.646,2,,0,92.31,2,1523.186,2,27.7494,2,35.16425453,2,-123.0185076,2
1235693880,02/27/2009 00:18:00,2,docr,3963.71,2,1.492,2,34.646,2,,0,92.31,2,1523.186,2,27.7494,2,35.1641846,2,-123.018533,2
1235693895,02/27/2009 00:18:15,2,docr,3963.71,2,1.492,2,34.646,2,,0,92.31,2,1523.186,2,27.7494,2,35.1639816,2,-123.01858813,2
1235693910,02/27/2009 00:18:30,2,docr,3963.71,2,1.492,2,34.646,2,,0,92.31,2,1523.186,2,27.7494,2,35.16431733,2,-123.01845586,2
1235693925,02/27/2009 00:18:45,2,docr,3963.71,2,1.492,2,34.646,2,,0,92.3,2,1523.186,2,27.7494,2,35.16436386,2,-123.018414,2
1235693940,02/27/2009 00:19:00,2,docr,3963.71,2,1.492,2,34.646,2,,0,92.32,2,1523.186,2,27.7494,2,35.1643524,2,-123.01845173,2
1235693955,02/27/2009 00:19:15,2,docr,3963.61,2,1.492,2,34.646,2,,0,92.33,2,1523.184,2,27.7494,2,35.16425666,2,-123.01850666,2
1235693970,02/27/2009 00:19:30,2,docr,3963.13,2,1.494,2,34.646,2,,0,92.31,2,1523.185,2,27.7493,2,35.1642652,2,-123.01853746,2
1235693985,02/27/2009 00:19:45,2,docr,3963.03,2,1.492,2,34.646,2,,0,92.31,2,1523.174,2,27.7494,2,35.16422853,2,-123.01851826,2
1235694000,02/27/2009 00:20:00,2,docr,3963.61,2,1.492,2,34.646,2,,0,92.31,2,1523.184,2,27.7494,2,35.16417286,2,-123.0184638,2
1235694015,02/27/2009 00:20:15,2,docr,3963.71,2,1.492,2,34.646,2,,0,92.3,2,1523.186,2,27.7494,2,35.16433033,2,-123.01841233,2
1235694030,02/27/2009 00:20:30,2,docr,3963.71,2,1.492,2,34.646,2,,0,92.29,2,1523.186,2,27.7494,2,35.1640782,2,-123.0185514,2
1235694045,02/27/2009 00:20:45,2,docr,3963.71,2,1.492,2,34.646,2,,0,92.3,2,1523.186,2,27.7494,2,35.16378833,2,-123.0186582,2
1235694060,02/27/2009 00:21:00,2,docr,3963.71,2,1.492,2,34.646,2,,0,92.29,2,1523.186,2,27.7494,2,35.1636094,2,-123.01870926,2
1235694075,02/27/2009 00:21:15,2,docr,3963.71,2,1.492,2,34.646,2,,0,92.29,2,1523.186,2,27.7494,2,35.1637726,2,-123.01862693,2
1235694090,02/27/2009 00:21:30,2,docr,3963.71,2,1.492,2,34.646,2,,0,92.29,2,1523.186,2,27.7494,2,35.1636206,2,-123.01870086,2
1235694105,02/27/2009 00:21:45,2,docr,3963.71,2,1.492,2,34.646,2,,0,92.3,2,1523.186,2,27.7494,2,35.1636564,2,-123.0186762,2
1235694120,02/27/2009 00:22:00,2,docr,3963.71,2,1.492,2,34.646,2,,0,92.29,2,1523.186,2,27.7494,2,35.16353246,2,-123.0187798,2
1235694135,02/27/2009 00:22:15,2,docr,3963.71,2,1.492,2,34.646,2,,0,92.29,2,1523.186,2,27.7494,2,35.1631286,2,-123.01894473,2
1235694150,02/27/2009 00:22:30,2,docr,3963.71,2,1.492,2,34.646,2,,0,92.28,2,1523.186,2,27.7494,2,35.1630274,2,-123.01896,2
1235694165,02/27/2009 00:22:45,2,docr,3963.71,2,1.492,2,34.646,2,,0,92.27,2,1523.186,2,27.7494,2,35.1637186,2,-123.01873706,2
1235694180,02/27/2009 00:23:00,2,docr,3963.61,2,1.492,2,34.646,2,,0,92.32,2,1523.184,2,27.7494,2,35.16401273,2,-123.0185972,2
1235694195,02/27/2009 00:23:15,2,docr,3962.93,2,1.497,2,34.646,2,,0,89.16,2,1523.194,2,27.7491,2,35.16409313,2,-123.01856106,2
1235694210,02/27/2009 00:23:30,2,docr,3961.47,2,1.493,2,34.646,2,,0,91.34,2,1523.151,2,27.7493,2,35.16415153,2,-123.0185156,2
1235694225,02/27/2009 00:23:45,2,docr,3961.76,2,1.493,2,34.646,2,,0,92.31,2,1523.156,2,27.7493,2,35.16417526,2,-123.01850586,2
1235694240,02/27/2009 00:24:00,2,docr,3963.03,2,1.494,2,34.646,2,,0,92.32,2,1523.183,2,27.7493,2,35.16420666,2,-123.01849146,2
1235694255,02/27/2009 00:24:15,2,docr,3963.71,2,1.493,2,34.646,2,,0,92.32,2,1523.191,2,27.7493,2,35.16394853,2,-123.01853906,2
1235694270,02/27/2009 00:24:30,2,docr,3963.71,2,1.492,2,34.646,2,,0,92.33,2,1523.186,2,27.7494,2,35.16366206,2,-123.01867973,2
1235694285,02/27/2009 00:24:45,2,docr,3963.71,2,1.492,2,34.646,2,,0,92.33,2,1523.186,2,27.7494,2,35.16375073,2,-123.01865186,2
1235694300,02/27/2009 00:25:00,2,docr,3963.71,2,1.492,2,34.646,2,,0,92.33,2,1523.186,2,27.7494,2,35.16406906,2,-123.01856333,2
1235694315,02/27/2009 00:25:15,2,docr,3963.71,2,1.492,2,34.646,2,,0,92.32,2,1523.186,2,27.7494,2,35.16418533,2,-123.01849173,2
1235694330,02/27/2009 00:25:30,2,docr,3963.71,2,1.492,2,34.646,2,,0,92.32,2,1523.186,2,27.7494,2,35.1642512,2,-123.01851153,2
1235694345,02/27/2009 00:25:45,2,docr,3963.71,2,1.492,2,34.646,2,,0,92.33,2,1523.186,2,27.7494,2,35.16427426,2,-123.01847366,2
1235694360,02/27/2009 00:26:00,2,docr,3963.71,2,1.492,2,34.646,2,,0,92.32,2,1523.186,2,27.7494,2,35.16436653,2,-123.01844786,2
1235694375,02/27/2009 00:26:15,2,docr,3963.71,2,1.492,2,34.646,2,,0,92.33,2,1523.186,2,27.7494,2,35.1642632,2,-123.01846746,2
1235694390,02/27/2009 00:26:30,2,docr,3963.71,2,1.492,2,34.646,2,,0,92.3,2,1523.186,2,27.7494,2,35.16418153,2,-123.0185226,2
1235694405,02/27/2009 00:26:45,2,docr,3963.71,2,1.492,2,34.646,2,,0,92.32,2,1523.186,2,27.7494,2,35.16415353,2,-123.01856646,2
1235694420,02/27/2009 00:27:00,2,docr,3963.71,2,1.492,2,34.646,2,,0,92.17,2,1523.186,2,27.7494,2,35.16401786,2,-123.01863626,2
1235694435,02/27/2009 00:27:15,2,docr,3963.71,2,1.492,2,34.646,2,,0,92.12,2,1523.186,2,27.7494,2,35.1641336,2,-123.0185112,2
1235694450,02/27/2009 00:27:30,2,docr,3963.71,2,1.497,2,34.646,2,,0,84.1,2,1523.208,2,27.7491,2,35.16413033,2,-123.01851253,2
1235694465,02/27/2009 00:27:45,2,docr,3963.71,2,1.497,2,34.645,2,,0,88.23,2,1523.207,2,27.7483,2,35.16409326,2,-123.01852293,2
1235694480,02/27/2009 00:28:00,2,docr,3963.71,2,1.499,2,34.647,2,,0,88.33,2,1523.218,2,27.7497,2,35.16418073,2,-123.0184882,2
1235694495,02/27/2009 00:28:15,2,docr,3963.71,2,1.506,2,34.646,2,,0,91.66,2,1523.247,2,27.7485,2,35.1643022,2,-123.01842313,2
1235694510,02/27/2009 00:28:30,2,docr,3963.71,2,1.512,2,34.646,2,,0,92.24,2,1523.273,2,27.7481,2,35.16427006,2,-123.0184568,2
1235694525,02/27/2009 00:28:45,2,docr,3963.71,2,1.519,2,34.646,2,,0,91.99,2,1523.304,2,27.7476,2,35.16429853,2,-123.01842106,2
1235694540,02/27/2009 00:29:00,2,docr,3963.71,2,1.521,2,34.646,2,,0,90.55,2,1523.312,2,27.7475,2,35.1641718,2,-123.018481,2
1235694555,02/27/2009 00:29:15,2,docr,3963.71,2,1.527,2,34.646,2,,0,91.51,2,1523.339,2,27.7471,2,35.1641362,2,-123.0184866,2
1235694570,02/27/2009 00:29:30,2,docr,3963.71,2,1.521,2,34.647,2,,0,92.06,2,1523.314,2,27.7483,2,35.1640974,2,-123.0184876,2
1235694585,02/27/2009 00:29:45,2,docr,3963.71,2,1.518,2,34.645,2,,0,92.11,2,1523.298,2,27.7469,2,35.16423553,2,-123.01843506,2
1235694600,02/27/2009 00:30:00,2,docr,3963.71,2,1.509,2,34.646,2,,0,92.08,2,1523.26,2,27.7483,2,35.16427833,2,-123.01843606,2
1235694615,02/27/2009 00:30:15,2,docr,3963.71,2,1.508,2,34.646,2,,0,92.11,2,1523.256,2,27.7483,2,35.16417766,2,-123.01847846,2
1235694630,02/27/2009 00:30:30,2,docr,3963.71,2,1.506,2,34.647,2,,0,92.3,2,1523.248,2,27.7493,2,35.1640694,2,-123.01850193,2
1235694645,02/27/2009 00:30:45,2,docr,3963.71,2,1.511,2,34.646,2,,0,92.3,2,1523.269,2,27.7481,2,35.16406553,2,-123.01854673,2
1235694660,02/27/2009 00:31:00,2,docr,3963.71,2,1.504,2,34.645,2,,0,91.09,2,1523.237,2,27.7478,2,35.16421326,2,-123.01850986,2
1235694675,02/27/2009 00:31:15,2,docr,3963.71,2,1.508,2,34.646,2,,0,84.36,2,1523.256,2,27.7483,2,35.16416646,2,-123.01852213,2
1235694690,02/27/2009 00:31:30,2,docr,3963.71,2,1.514,2,34.648,2,,0,87.71,2,1523.285,2,27.7495,2,35.16407973,2,-123.01857373,2
1235694705,02/27/2009 00:31:45,2,docr,3963.71,2,1.522,2,34.643,2,,0,90.3,2,1523.313,2,27.745,2,35.16410053,2,-123.01854066,2
1235694720,02/27/2009 00:32:00,2,docr,3963.71,2,1.508,2,34.647,2,,0,91.91,2,1523.257,2,27.7491,2,35.1639216,2,-123.01863486,2
1235694735,02/27/2009 00:32:15,2,docr,3963.71,2,1.497,2,34.645,2,,0,92.32,2,1523.207,2,27.7483,2,35.16380706,2,-123.01869006,2
1235694750,02/27/2009 00:32:30,2,docr,3963.71,2,1.502,2,34.646,2,,0,92.31,2,1523.23,2,27.7487,2,35.16380346,2,-123.01867253,2
1235694765,02/27/2009 00:32:45,2,docr,3963.71,2,1.497,2,34.646,2,,0,92.32,2,1523.208,2,27.7491,2,35.16377486,2,-123.01869646,2
1235694780,02/27/2009 00:33:00,2,docr,3963.71,2,1.498,2,34.646,2,,0,92.33,2,1523.212,2,27.749,2,35.16389246,2,-123.01864353,2
1235694795,02/27/2009 00:33:15,2,docr,3963.71,2,1.495,2,34.645,2,,0,92.32,2,1523.198,2,27.7484,2,35.1640738,2,-123.0185454,2
1235694810,02/27/2009 00:33:30,2,docr,3963.71,2,1.493,2,34.646,2,,0,92.31,2,1523.191,2,27.7493,2,35.16423186,2,-123.0184364,2
1235694825,02/27/2009 00:33:45,2,docr,3963.71,2,1.493,2,34.645,2,,0,92.32,2,1523.189,2,27.7485,2,35.16422826,2,-123.0184344,2
1235694840,02/27/2009 00:34:00,2,docr,3963.71,2,1.493,2,34.646,2,,0,92.31,2,1523.191,2,27.7493,2,35.16417106,2,-123.01851906,2
1235694855,02/27/2009 00:34:15,2,docr,3963.71,2,1.492,2,34.646,2,,0,92.31,2,1523.186,2,27.7494,2,35.1641758,2,-123.01848306,2
1235694870,02/27/2009 00:34:30,2,docr,3963.71,2,1.492,2,34.646,2,,0,92.3,2,1523.186,2,27.7494,2,35.16413286,2,-123.018489,2
1235694885,02/27/2009 00:34:45,2,docr,3963.71,2,1.492,2,34.646,2,,0,92.3,2,1523.186,2,27.7494,2,35.1641478,2,-123.01847446,2
1235694900,02/27/2009 00:35:00,2,docr,3963.71,2,1.492,2,34.646,2,,0,92.3,2,1523.186,2,27.7494,2,35.16411966,2,-123.01847146,2
1235694915,02/27/2009 00:35:15,2,docr,3963.71,2,1.492,2,34.646,2,,0,92.32,2,1523.186,2,27.7494,2,35.1641174,2,-123.01845226,2
1235694930,02/27/2009 00:35:30,2,docr,3963.71,2,1.492,2,34.646,2,,0,92.28,2,1523.186,2,27.7494,2,35.16412166,2,-123.0184298,2
1235694945,02/27/2009 00:35:45,2,docr,3963.71,2,1.492,2,34.646,2,,0,92.31,2,1523.186,2,27.7494,2,35.1641206,2,-123.01841433,2
1235694960,02/27/2009 00:36:00,2,docr,3963.71,2,1.492,2,34.646,2,,0,92.31,2,1523.186,2,27.7494,2,35.16411766,2,-123.0184022,2
1235694975,02/27/2009 00:36:15,2,docr,3963.71,2,1.492,2,34.646,2,,0,92.31,2,1523.186,2,27.7494,2,35.16411686,2,-123.0183904,2
1235694990,02/27/2009 00:36:30,2,docr,3963.71,2,1.492,2,34.646,2,,0,92.3,2,1523.186,2,27.7494,2,35.16408986,2,-123.01839666,2
1235695005,02/27/2009 00:36:45,2,docr,3963.71,2,1.492,2,34.646,2,,0,92.29,2,1523.186,2,27.7494,2,35.1641,2,-123.01837533,2
1235695020,02/27/2009 00:37:00,2,docr,3963.71,2,1.492,2,34.646,2,,0,92.3,2,1523.186,2,27.7494,2,35.1640942,2,-123.01835706,2
1235695035,02/27/2009 00:37:15,2,docr,3963.71,2,1.493,2,34.645,2,,0,92.31,2,1523.189,2,27.7485,2,35.16409766,2,-123.01834053,2
1235695050,02/27/2009 00:37:30,2,docr,3963.71,2,1.492,2,34.646,2,,0,92.31,2,1523.186,2,27.7494,2,35.1640758,2,-123.01826666,2
1235695065,02/27/2009 00:37:45,2,docr,3963.71,2,1.492,2,34.646,2,,0,92.3,2,1523.186,2,27.7494,2,35.16427926,2,-123.018184,2
1235695080,02/27/2009 00:38:00,2,docr,3963.71,2,1.493,2,34.645,2,,0,92.31,2,1523.189,2,27.7485,2,35.16388186,2,-123.01865213,2
1235695095,02/27/2009 00:38:15,2,docr,3963.61,2,1.492,2,34.646,2,,0,92.33,2,1523.184,2,27.7494,2,35.163946,2,-123.01859346,2
1235695110,02/27/2009 00:38:30,2,docr,3963.71,2,1.493,2,34.645,2,,0,92.31,2,1523.189,2,27.7485,2,35.16377546,2,-123.01870746,2
1235695125,02/27/2009 00:38:45,2,docr,3963.71,2,1.492,2,34.646,2,,0,92.32,2,1523.186,2,27.7494,2,35.16367273,2,-123.01874966,2
1235695140,02/27/2009 00:39:00,2,docr,3963.71,2,1.493,2,34.645,2,,0,92.3,2,1523.189,2,27.7485,2,35.1637494,2,-123.01866433,2
1235695155,02/27/2009 00:39:15,2,docr,3963.71,2,1.493,2,34.645,2,,0,92.31,2,1523.189,2,27.7485,2,35.16346186,2,-123.01883433,2
1235695170,02/27/2009 00:39:30,2,docr,3963.71,2,1.493,2,34.645,2,,0,92.3,2,1523.189,2,27.7485,2,35.16338613,2,-123.01890886,2
1235695185,02/27/2009 00:39:45,2,docr,3963.71,2,1.493,2,34.645,2,,0,92.31,2,1523.189,2,27.7485,2,35.16310066,2,-123.01918846,2
1235695200,02/27/2009 00:40:00,2,docr,3963.71,2,1.494,2,34.645,2,,0,92.29,2,1523.194,2,27.7485,2,35.1632438,2,-123.01904606,2
1235695215,02/27/2009 00:40:15,2,docr,3963.71,2,1.495,2,34.647,2,,0,92.31,2,1523.201,2,27.75,2,35.16355593,2,-123.0187934,2
1235695230,02/27/2009 00:40:30,2,docr,3963.71,2,1.499,2,34.645,2,,0,92.31,2,1523.215,2,27.7481,2,35.16347793,2,-123.01882933,2
1235695245,02/27/2009 00:40:45,2,docr,3963.32,2,1.495,2,34.645,2,,0,92.3,2,1523.191,2,27.7484,2,35.16343413,2,-123.01890326,2
1235695260,02/27/2009 00:41:00,2,docr,3961.57,2,1.494,2,34.646,2,,0,92.11,2,1523.157,2,27.7493,2,35.16358726,2,-123.01881446,2
1235695275,02/27/2009 00:41:15,2,docr,3960.69,2,1.493,2,34.646,2,,0,92.2,2,1523.137,2,27.7493,2,35.163735,2,-123.0187094,2
1235695290,02/27/2009 00:41:30,2,docr,3960.59,2,1.492,2,34.646,2,,0,92.29,2,1523.131,2,27.7494,2,35.16375066,2,-123.0187296,2
1235695305,02/27/2009 00:41:45,2,docr,3960.79,2,1.497,2,34.646,2,,0,92.33,2,1523.156,2,27.7491,2,35.1639888,2,-123.01859453,2
1235695320,02/27/2009 00:42:00,2,docr,3960.69,2,1.496,2,34.645,2,,0,92.25,2,1523.149,2,27.7483,2,35.16397846,2,-123.01857186,2
1235695335,02/27/2009 00:42:15,2,docr,3958.26,2,1.492,2,34.646,2,,0,92.16,2,1523.089,2,27.7494,2,35.16406686,2,-123.01855133,2
1235695350,02/27/2009 00:42:30,2,docr,3954.94,2,1.492,2,34.646,2,,0,90.21,2,1523.031,2,27.7493,2,35.16409973,2,-123.01854633,2
1235695365,02/27/2009 00:42:45,2,docr,3955.53,2,1.495,2,34.645,2,,0,51.13,0,1523.053,2,27.7483,2,35.1640714,2,-123.0183654,2
1235695380,02/27/2009 00:43:00,2,docr,3961.28,2,1.498,2,34.644,2,,0,36.1,2,1523.166,2,27.7474,2,35.16385713,2,-123.01755886,2
1235695395,02/27/2009 00:43:15,2,docr,3963.71,2,1.494,2,34.645,2,,0,65.46,0,1523.194,2,27.7485,2,35.1643038,2,-123.01841473,2
1235695410,02/27/2009 00:43:30,2,docr,3963.71,2,1.493,2,34.645,2,,0,44.22,0,1523.189,2,27.7485,2,35.1639082,2,-123.01856573,2
1235695425,02/27/2009 00:43:45,2,docr,3963.71,2,1.493,2,34.645,2,,0,23.58,0,1523.189,2,27.7485,2,35.1639898,2,-123.01847633,2
1235695440,02/27/2009 00:44:00,2,docr,3963.71,2,1.493,2,34.645,2,,0,5.14,2,1523.189,2,27.7485,2,35.1641918,2,-123.01833986,2
1235695455,02/27/2009 00:44:15,2,docr,3963.71,2,1.493,2,34.645,2,,0,13.97,0,1523.189,2,27.7485,2,35.16420073,2,-123.01834293,2
1235695470,02/27/2009 00:44:30,2,docr,3963.71,2,1.493,2,34.645,2,,0,59.13,0,1523.189,2,27.7485,2,35.16406666,2,-123.01841553,2
1235695485,02/27/2009 00:44:45,2,docr,3963.71,2,1.493,2,34.645,2,,0,49.72,0,1523.189,2,27.7485,2,35.16349553,2,-123.01871093,2
1235695500,02/27/2009 00:45:00,2,docr,3963.71,2,1.494,2,34.645,2,,0,49.37,0,1523.194,2,27.7485,2,35.1640952,2,-123.01842726,2
1235695515,02/27/2009 00:45:15,2,docr,3963.71,2,1.494,2,34.644,2,,0,30.94,2,1523.192,2,27.7477,2,35.1640788,2,-123.01845206,2
1235695530,02/27/2009 00:45:30,2,docr,3963.71,2,1.497,2,34.646,2,,0,74.73,0,1523.208,2,27.7491,2,35.1640262,2,-123.0184362,2
1235695545,02/27/2009 00:45:45,2,docr,3963.71,2,1.503,2,34.646,2,,0,89.89,2,1523.234,2,27.7487,2,35.1638494,2,-123.0185066,2
1235695560,02/27/2009 00:46:00,2,docr,3963.71,2,1.493,2,34.646,2,,0,89.73,2,1523.191,2,27.7493,2,35.16381173,2,-123.01855093,2
1235695575,02/27/2009 00:46:15,2,docr,3963.71,2,1.493,2,34.645,2,,0,86.8,2,1523.189,2,27.7485,2,35.16379213,2,-123.01855773,2
1235695590,02/27/2009 00:46:30,2,docr,3963.71,2,1.494,2,34.647,2,,0,89.78,2,1523.196,2,27.7501,2,35.16377873,2,-123.01791593,2
1235695605,02/27/2009 00:46:45,2,docr,3963.23,2,1.514,2,34.644,2,,0,90.87,2,1523.271,2,27.7463,2,35.1636982,2,-123.0153554,2
1235695620,02/27/2009 00:47:00,2,docr,3962.25,2,1.493,2,34.645,2,,0,90.8,2,1523.163,2,27.7485,2,35.1637056,2,-123.01534686,2
1235695635,02/27/2009 00:47:15,2,docr,3961.08,2,1.492,2,34.646,2,,0,91.86,2,1523.14,2,27.7494,2,35.16370466,2,-123.014977,2
1235695650,02/27/2009 00:47:30,2,docr,3961.18,2,1.493,2,34.646,2,,0,92.22,2,1523.146,2,27.7493,2,35.16378146,2,-123.01263693,2
1235695665,02/27/2009 00:47:45,2,docr,3962.15,2,1.498,2,34.645,2,,0,92.27,2,1523.183,2,27.7482,2,35.16382693,2,-123.01266066,2
1235695680,02/27/2009 00:48:00,2,docr,3963.42,2,1.494,2,34.645,2,,0,92.18,2,1523.188,2,27.7485,2,35.16386566,2,-123.0126482,2
1235695695,02/27/2009 00:48:15,2,docr,3963.71,2,1.497,2,34.646,2,,0,92.29,2,1523.208,2,27.7491,2,35.16380913,2,-123.012629,2
1235695710,02/27/2009 00:48:30,2,docr,3963.61,2,1.513,2,34.647,2,,0,92.29,2,1523.277,2,27.7488,2,35.16365973,2,-123.01261113,2
1235695725,02/27/2009 00:48:45,2,docr,3963.71,2,1.51,2,34.644,2,,0,92.3,2,1523.262,2,27.7466,2,35.1648296,2,-123.01598366,2
1235695740,02/27/2009 00:49:00,2,docr,3963.71,2,1.497,2,34.646,2,,0,92.22,2,1523.208,2,27.7491,2,35.16512366,2,-123.01640386,2
1235695755,02/27/2009 00:49:15,2,docr,3963.71,2,1.494,2,34.645,2,,0,91.54,2,1523.194,2,27.7485,2,35.16510966,2,-123.016374,2
1235695770,02/27/2009 00:49:30,2,docr,3963.71,2,1.493,2,34.645,2,,0,80.66,2,1523.189,2,27.7485,2,35.16513066,2,-123.01644926,2
1235695785,02/27/2009 00:49:45,2,docr,3963.03,2,1.493,2,34.646,2,,0,84.54,2,1523.178,2,27.7493,2,35.1651088,2,-123.01640166,2
1235695800,02/27/2009 00:50:00,2,docr,3960.59,2,1.5,2,34.646,2,,0,88.72,2,1523.166,2,27.7488,2,35.1651026,2,-123.01638613,2
1235695815,02/27/2009 00:50:15,2,docr,3957.38,2,1.505,2,34.645,2,,0,88.52,2,1523.129,2,27.7477,2,35.1644692,2,-123.01775133,2
1235695830,02/27/2009 00:50:30,2,docr,3954.07,2,1.503,2,34.646,2,,0,88.62,2,1523.063,2,27.7486,2,35.1641704,2,-123.01842333,2
1235695845,02/27/2009 00:50:45,2,docr,3956.31,2,1.496,2,34.645,2,,0,83.02,2,1523.071,2,27.7483,2,35.16413093,2,-123.0183822,2
1235695860,02/27/2009 00:51:00,2,docr,3958.94,0,1.495,0,34.644,0,,0,17.68,2,1523.112,0,27.7476,0,35.1641094,2,-123.01837186,2
1235695875,02/27/2009 00:51:15,2,docr,3963.32,2,1.496,2,34.643,2,,0,26.89,0,1523.193,2,27.7467,2,35.16333086,2,-123.0189692,2
1235695890,02/27/2009 00:51:30,2,docr,3963.71,2,1.494,2,34.645,2,,0,50.82,0,1523.194,2,27.7485,2,35.16308706,2,-123.0189382,2
1235695905,02/27/2009 00:51:45,2,docr,3963.71,2,1.512,2,34.647,2,,0,10.91,0,1523.275,2,27.7489,2,35.16309386,2,-123.01895513,2
1235695920,02/27/2009 00:52:00,2,docr,3963.71,2,1.511,2,34.645,2,,0,51.22,0,1523.268,2,27.7473,2,35.1635408,2,-123.0187052,2
1235695935,02/27/2009 00:52:15,2,docr,3963.71,2,1.499,2,34.645,2,,0,88.2,2,1523.215,2,27.7481,2,35.16367093,2,-123.01856386,2
1235695950,02/27/2009 00:52:30,2,docr,3963.71,2,1.495,2,34.645,2,,0,90.13,2,1523.198,2,27.7484,2,35.16411073,2,-123.01838693,2
1235695965,02/27/2009 00:52:45,2,docr,3963.61,2,1.495,2,34.646,2,,0,84.19,2,1523.198,2,27.7492,2,35.1644578,2,-123.01819386,2
1235695980,02/27/2009 00:53:00,2,docr,3963.03,2,1.494,2,34.646,2,,0,82.18,2,1523.183,2,27.7493,2,35.16425553,2,-123.01828693,2
1235695995,02/27/2009 00:53:15,2,docr,3960.89,2,1.495,2,34.646,2,,0,75.13,2,1523.149,2,27.7492,2,35.16398806,2,-123.0184064,2
1235696010,02/27/2009 00:53:30,2,docr,3958.06,2,1.495,2,34.645,2,,0,78.18,2,1523.098,2,27.7484,2,35.16393266,2,-123.0184184,2
1235696025,02/27/2009 00:53:45,2,docr,3959.81,2,1.492,2,34.646,2,,0,91.63,2,1523.117,2,27.7494,2,35.16409026,2,-123.01836653,2
1235696040,02/27/2009 00:54:00,2,docr,3962.06,2,1.492,2,34.646,2,,0,86.84,2,1523.157,2,27.7494,2,35.16425513,2,-123.01832193,2
1235696055,02/27/2009 00:54:15,2,docr,3960.98,2,1.493,2,34.646,2,,0,90.32,2,1523.142,2,27.7493,2,35.16425726,2,-123.01833193,2
1235696070,02/27/2009 00:54:30,2,docr,3960.5,2,1.493,2,34.646,2,,0,92.27,2,1523.133,2,27.7493,2,35.16419806,2,-123.01787326,2
1235696085,02/27/2009 00:54:45,2,docr,3961.57,2,1.492,2,34.646,2,,0,92.26,2,1523.148,2,27.7494,2,35.16402513,2,-123.0177514,2
1235696100,02/27/2009 00:55:00,2,docr,3962.25,2,1.494,2,34.646,2,,0,92.25,2,1523.169,2,27.7493,2,35.16381766,2,-123.0179062,2
1235696115,02/27/2009 00:55:15,2,docr,3962.64,2,1.494,2,34.646,2,,0,92.12,2,1523.176,2,27.7493,2,35.16378273,2,-123.01786873,2
1235696130,02/27/2009 00:55:30,2,docr,3963.42,2,1.495,2,34.646,2,,0,92.18,2,1523.194,2,27.7492,2,35.16402326,2,-123.0177458,2
1235696145,02/27/2009 00:55:45,2,docr,3963.71,2,1.495,2,34.645,2,,0,92.23,2,1523.198,2,27.7484,2,35.16403713,2,-123.01773406,2
1235696160,02/27/2009 00:56:00,2,docr,3960.2,2,1.494,2,34.646,2,,0,84.58,0,1523.133,2,27.7492,2,35.16402486,2,-123.0177408,2
1235696175,02/27/2009 00:56:15,2,docr,3955.53,2,1.498,2,34.646,2,,0,82.27,2,1523.067,2,27.7489,2,35.16358926,2,-123.0180156,2
1235696190,02/27/2009 00:56:30,2,docr,3953.87,2,1.493,2,34.645,2,,0,92.19,2,1523.015,2,27.7485,2,35.16354773,2,-123.01792926,2
1235696205,02/27/2009 00:56:45,2,docr,3954.94,2,1.491,2,34.646,2,,0,92.31,2,1523.026,2,27.7494,2,35.16387413,2,-123.017515,2
1235696220,02/27/2009 00:57:00,2,docr,3956.11,2,1.491,2,34.646,2,,0,92.31,2,1523.047,2,27.7494,2,35.16387253,2,-123.01756006,2
1235696235,02/27/2009 00:57:15,2,docr,3956.5,2,1.492,2,34.645,2,,0,92.31,2,1523.057,2,27.7485,2,35.1637516,2,-123.01753993,2
1235696250,02/27/2009 00:57:30,2,docr,3956.4,2,1.492,2,34.645,2,,0,92.31,2,1523.055,2,27.7485,2,35.1636442,2,-123.0175114,2
1235696265,02/27/2009 00:57:45,2,docr,3951.82,2,1.491,2,34.646,2,,0,92.3,2,1522.971,2,27.7494,2,35.16364666,2,-123.01746973,2
1235696280,02/27/2009 00:58:00,2,docr,3945.49,2,1.49,2,34.646,2,,0,92.29,2,1522.854,2,27.7494,2,35.16358506,2,-123.0174948,2
1235696295,02/27/2009 00:58:15,2,docr,3939.06,2,1.489,2,34.646,2,,0,92.31,2,1522.736,2,27.7494,2,35.16345426,2,-123.01751293,2
1235696310,02/27/2009 00:58:30,2,docr,3932.63,2,1.489,2,34.646,2,,0,92.34,2,1522.622,2,27.7494,2,35.16373706,2,-123.01732353,2
1235696325,02/27/2009 00:58:45,2,docr,3926.39,2,1.49,2,34.646,2,,0,92.38,2,1522.516,2,27.7493,2,35.16357626,2,-123.01743886,2
1235696340,02/27/2009 00:59:00,2,docr,3920.35,2,1.49,2,34.645,2,,0,92.43,2,1522.407,2,27.7484,2,35.16356253,2,-123.01740786,2
1235696355,02/27/2009 00:59:15,2,docr,3914.5,2,1.49,2,34.645,2,,0,92.46,2,1522.303,2,27.7484,2,35.16342633,2,-123.01742293,2
1235696370,02/27/2009 00:59:30,2,docr,3908.65,2,1.491,2,34.645,2,,0,92.5,2,1522.204,2,27.7482,2,35.16341186,2,-123.01742646,2
1235696385,02/27/2009 00:59:45,2,docr,3903,2,1.493,2,34.645,2,,0,92.53,2,1522.113,2,27.7481,2,35.16333293,2,-123.01798886,2
1235696400,02/27/2009 01:00:00,2,docr,3895.11,2,1.493,2,34.645,2,,0,92.5,2,1521.973,2,27.748,2,35.16331793,2,-123.01796833,2
1235696415,02/27/2009 01:00:15,2,docr,3887.7,2,1.495,2,34.645,2,,0,92.55,2,1521.85,2,27.7478,2,35.16320113,2,-123.01803353,2
1235696430,02/27/2009 01:00:30,2,docr,3881.46,2,1.496,2,34.645,2,,0,92.55,2,1521.744,2,27.7477,2,35.1636002,2,-123.0177296,2
1235696445,02/27/2009 01:00:45,2,docr,3873.47,2,1.496,2,34.644,2,,0,92.56,2,1521.601,2,27.7468,2,35.16385273,2,-123.0173928,2
1235696460,02/27/2009 01:01:00,2,docr,3864.89,2,1.497,2,34.644,2,,0,92.58,2,1521.453,2,27.7467,2,35.16328373,2,-123.0177604,2
1235696475,02/27/2009 01:01:15,2,docr,3856.02,2,1.499,2,34.644,2,,0,92.6,2,1521.305,2,27.7465,2,35.1635892,2,-123.01756666,2
1235696490,02/27/2009 01:01:30,2,docr,3848.8,2,1.501,2,34.644,2,,0,92.62,2,1521.186,2,27.7463,2,35.16343933,2,-123.01758893,2
1235696505,02/27/2009 01:01:45,2,docr,3848.41,2,1.502,2,34.643,2,,0,92.62,2,1521.182,2,27.7454,2,35.16329173,2,-123.0175832,2
1235696520,02/27/2009 01:02:00,2,docr,3850.46,2,1.502,2,34.643,2,,0,92.61,2,1521.218,2,27.7455,2,35.16349346,2,-123.01736113,2
1235696535,02/27/2009 01:02:15,2,docr,3852.41,2,1.501,2,34.644,2,,0,92.61,2,1521.25,2,27.7463,2,35.16335853,2,-123.01734433,2
1235696550,02/27/2009 01:02:30,2,docr,3853.39,2,1.501,2,34.644,2,,0,92.61,2,1521.267,2,27.7464,2,35.1630544,2,-123.01735173,2
1235696565,02/27/2009 01:02:45,2,docr,3852.31,2,1.501,2,34.644,2,,0,92.6,2,1521.248,2,27.7463,2,35.16336026,2,-123.01702333,2
1235696580,02/27/2009 01:03:00,2,docr,3846.66,2,1.501,2,34.644,2,,0,92.61,2,1521.148,2,27.7463,2,35.16350193,2,-123.01681306,2
1235696595,02/27/2009 01:03:15,2,docr,3838.86,2,1.502,2,34.643,2,,0,92.61,2,1521.013,2,27.7454,2,35.16304686,2,-123.01690693,2
1235696610,02/27/2009 01:03:30,2,docr,3827.26,2,1.503,2,34.643,2,,0,92.61,2,1520.812,2,27.7452,2,35.16310326,2,-123.01681353,2
1235696625,02/27/2009 01:03:45,2,docr,3814.39,2,1.505,2,34.643,2,,0,92.61,2,1520.593,2,27.745,2,35.16322393,2,-123.01674286,2
1235696640,02/27/2009 01:04:00,2,docr,3803.27,2,1.507,2,34.643,2,,0,92.62,2,1520.405,2,27.7448,2,35.163098,2,-123.016773,2
1235696655,02/27/2009 01:04:15,2,docr,3794.2,2,1.508,2,34.643,2,,0,92.63,2,1520.249,2,27.7446,2,35.16293166,2,-123.0169456,2
1235696670,02/27/2009 01:04:30,2,docr,3786.89,2,1.509,2,34.642,2,,0,92.64,2,1520.122,2,27.7437,2,35.1628962,2,-123.0169434,2
1235696685,02/27/2009 01:04:45,2,docr,3781.23,2,1.509,2,34.643,2,,0,92.64,2,1520.024,2,27.7445,2,35.16323566,2,-123.01667273,2
1235696700,02/27/2009 01:05:00,2,docr,3776.07,2,1.51,2,34.642,2,,0,92.63,2,1519.935,2,27.7436,2,35.16312026,2,-123.01674726,2
1235696715,02/27/2009 01:05:15,2,docr,3771.09,2,1.51,2,34.642,2,,0,92.66,2,1519.847,2,27.7435,2,35.16299313,2,-123.01680393,2
1235696730,02/27/2009 01:05:30,2,docr,3766.51,2,1.511,2,34.642,2,,0,92.65,2,1519.771,2,27.7434,2,35.16322466,2,-123.01668333,2
1235696745,02/27/2009 01:05:45,2,docr,3762.61,2,1.511,2,34.642,2,,0,92.63,2,1519.702,2,27.7434,2,35.16338026,2,-123.0165988,2
1235696760,02/27/2009 01:06:00,2,docr,3762.12,2,1.512,2,34.642,2,,0,92.64,2,1519.697,2,27.7433,2,35.16336733,2,-123.01657826,2
1235696775,02/27/2009 01:06:15,2,docr,3762.8,2,1.512,2,34.642,2,,0,92.64,2,1519.709,2,27.7433,2,35.16302373,2,-123.01674786,2
1235696790,02/27/2009 01:06:30,2,docr,3760.95,2,1.511,2,34.642,2,,0,92.65,2,1519.672,2,27.7434,2,35.16264106,2,-123.01694733,2
1235696805,02/27/2009 01:06:45,2,docr,3757.05,2,1.511,2,34.642,2,,0,92.67,2,1519.603,2,27.7433,2,35.16290186,2,-123.01660226,2
1235696820,02/27/2009 01:07:00,2,docr,3752.07,2,1.511,2,34.642,2,,0,92.67,2,1519.515,2,27.7433,2,35.1625404,2,-123.0166852,2
1235696835,02/27/2009 01:07:15,2,docr,3745.64,2,1.512,2,34.642,2,,0,92.65,2,1519.406,2,27.7432,2,35.16249066,2,-123.0166584,2
1235696850,02/27/2009 01:07:30,2,docr,3739.59,2,1.512,2,34.642,2,,0,92.65,2,1519.299,2,27.7431,2,35.1626016,2,-123.016438,2
1235696865,02/27/2009 01:07:45,2,docr,3734.32,2,1.512,2,34.642,2,,0,92.64,2,1519.206,2,27.7431,2,35.16208133,2,-123.01671053,2
1235696880,02/27/2009 01:08:00,2,docr,3728.96,2,1.516,2,34.642,2,,0,92.63,2,1519.129,2,27.7428,2,35.1628912,2,-123.01624866,2
1235696895,02/27/2009 01:08:15,2,docr,3720.96,2,1.514,2,34.641,2,,0,92.63,2,1518.977,2,27.7421,2,35.16331573,2,-123.01604693,2
1235696910,02/27/2009 01:08:30,2,docr,3707.99,2,1.514,2,34.641,2,,0,92.64,2,1518.748,2,27.742,2,35.1632978,2,-123.01606446,2
1235696925,02/27/2009 01:08:45,2,docr,3695.3,2,1.514,2,34.641,2,,0,92.64,2,1518.524,2,27.7419,2,35.1635342,2,-123.01588893,2
1235696940,02/27/2009 01:09:00,2,docr,3682.33,2,1.516,2,34.641,2,,0,92.64,2,1518.303,2,27.7416,2,35.1636116,2,-123.0158978,2
1235696955,02/27/2009 01:09:15,2,docr,3673.06,2,1.518,2,34.641,2,,0,92.63,2,1518.149,2,27.7414,2,35.16319546,2,-123.01610766,2
1235696970,02/27/2009 01:09:30,2,docr,3667.01,2,1.52,2,34.641,2,,0,92.64,2,1518.05,2,27.7413,2,35.1631186,2,-123.01607806,2
1235696985,02/27/2009 01:09:45,2,docr,3659.4,2,1.521,2,34.64,2,,0,92.65,2,1517.919,2,27.7403,2,35.16322726,2,-123.0160762,2
1235697000,02/27/2009 01:10:00,2,docr,3654.52,2,1.522,2,34.64,2,,0,92.65,2,1517.837,2,27.7402,2,35.16294453,2,-123.01617646,2
1235697015,02/27/2009 01:10:15,2,docr,3650.52,2,1.522,2,34.64,2,,0,92.64,2,1517.767,2,27.7402,2,35.16304386,2,-123.01612126,2
1235697030,02/27/2009 01:10:30,2,docr,3645.64,2,1.522,2,34.64,2,,0,92.65,2,1517.681,2,27.7402,2,35.1629946,2,-123.01611593,2
1235697045,02/27/2009 01:10:45,2,docr,3638.23,2,1.523,2,34.64,2,,0,92.64,2,1517.554,2,27.74,2,35.16284873,2,-123.0161494,2
1235697060,02/27/2009 01:11:00,2,docr,3629.64,2,1.525,2,34.64,2,,0,92.63,2,1517.411,2,27.7398,2,35.1628952,2,-123.01608846,2
1235697075,02/27/2009 01:11:15,2,docr,3621.54,2,1.525,2,34.64,2,,0,92.63,2,1517.269,2,27.7398,2,35.16274746,2,-123.0161278,2
1235697090,02/27/2009 01:11:30,2,docr,3613.83,2,1.527,2,34.64,2,,0,92.62,2,1517.141,2,27.7396,2,35.1631004,2,-123.0159,2
1235697105,02/27/2009 01:11:45,2,docr,3606.51,2,1.528,2,34.639,2,,0,92.63,2,1517.015,2,27.7387,2,35.16285866,2,-123.01601626,2
1235697120,02/27/2009 01:12:00,2,docr,3599.48,2,1.529,2,34.639,2,,0,92.64,2,1516.896,2,27.7385,2,35.1631018,2,-123.0157876,2
1235697135,02/27/2009 01:12:15,2,docr,3590.41,2,1.531,2,34.639,2,,0,92.63,2,1516.744,2,27.7383,2,35.16308246,2,-123.0157812,2
1235697150,02/27/2009 01:12:30,2,docr,3580.06,2,1.531,2,34.639,2,,0,92.64,2,1516.562,2,27.7383,2,35.1630918,2,-123.01575273,2
1235697165,02/27/2009 01:12:45,2,docr,3569.32,2,1.533,2,34.639,2,,0,92.65,2,1516.381,2,27.738,2,35.16272226,2,-123.01594906,2
1235697180,02/27/2009 01:13:00,2,docr,3558.68,2,1.533,2,34.639,2,,0,92.65,2,1516.194,2,27.738,2,35.16263346,2,-123.01597266,2
1235697195,02/27/2009 01:13:15,2,docr,3548.04,2,1.533,2,34.639,2,,0,92.66,2,1516.006,2,27.7379,2,35.16258213,2,-123.01604066,2
1235697210,02/27/2009 01:13:30,2,docr,3537.3,2,1.534,2,34.638,2,,0,92.66,2,1515.82,2,27.7369,2,35.16244626,2,-123.0160756,2
1235697225,02/27/2009 01:13:45,2,docr,3527.64,2,1.536,2,34.638,2,,0,92.66,2,1515.659,2,27.7367,2,35.16272573,2,-123.0159336,2
1235697240,02/27/2009 01:14:00,2,docr,3522.17,2,1.538,2,34.638,2,,0,92.65,2,1515.571,2,27.7366,2,35.16288973,2,-123.01581846,2
1235697255,02/27/2009 01:14:15,2,docr,3518.46,2,1.541,2,34.638,2,,0,92.65,2,1515.519,2,27.7363,2,35.16316346,2,-123.015671,2
1235697270,02/27/2009 01:14:30,2,docr,3517.09,2,1.538,2,34.638,2,,0,92.67,2,1515.482,2,27.7365,2,35.1629872,2,-123.0158318,2
1235697285,02/27/2009 01:14:45,2,docr,3512.9,2,1.538,2,34.638,2,,0,92.67,2,1515.408,2,27.7365,2,35.16282573,2,-123.01589793,2
1235697300,02/27/2009 01:15:00,2,docr,3503.03,2,1.539,2,34.638,2,,0,92.67,2,1515.239,2,27.7363,2,35.16313693,2,-123.0156652,2
1235697315,02/27/2009 01:15:15,2,docr,3491.12,2,1.54,2,34.638,2,,0,92.68,2,1515.033,2,27.7362,2,35.1630556,2,-123.01560986,2
1235697330,02/27/2009 01:15:30,2,docr,3478.92,2,1.542,2,34.637,2,,0,92.69,2,1514.826,2,27.7352,2,35.1632212,2,-123.015548,2
1235697345,02/27/2009 01:15:45,2,docr,3467.2,2,1.544,2,34.637,2,,0,92.69,2,1514.628,2,27.7349,2,35.1630612,2,-123.01564653,2
1235697360,02/27/2009 01:16:00,2,docr,3455.77,2,1.545,2,34.637,2,,0,92.69,2,1514.432,2,27.7348,2,35.1629092,2,-123.0157224,2
1235697375,02/27/2009 01:16:15,2,docr,3447.86,2,1.547,2,34.637,2,,0,92.69,2,1514.301,2,27.7346,2,35.162706,2,-123.01587146,2
1235697390,02/27/2009 01:16:30,2,docr,3446.79,2,1.548,2,34.636,2,,0,92.7,2,1514.285,2,27.7337,2,35.16278173,2,-123.0157524,2
1235697405,02/27/2009 01:16:45,2,docr,3445.42,2,1.548,2,34.636,2,,0,92.7,2,1514.261,2,27.7337,2,35.162692,2,-123.01576826,2
1235697420,02/27/2009 01:17:00,2,docr,3440.14,2,1.548,2,34.636,2,,0,92.7,2,1514.169,2,27.7337,2,35.16263946,2,-123.01558,2
1235697435,02/27/2009 01:17:15,2,docr,3433.8,2,1.549,2,34.636,2,,0,92.71,2,1514.061,2,27.7336,2,35.16273813,2,-123.01549333,2
1235697450,02/27/2009 01:17:30,2,docr,3426.96,2,1.549,2,34.636,2,,0,92.71,2,1513.941,2,27.7335,2,35.1626612,2,-123.01550813,2
1235697465,02/27/2009 01:17:45,2,docr,3418.56,2,1.549,2,34.636,2,,0,92.71,2,1513.793,2,27.7334,2,35.16253786,2,-123.0156192,2
1235697480,02/27/2009 01:18:00,2,docr,3407.52,2,1.55,2,34.636,2,,0,92.72,2,1513.604,2,27.7333,2,35.1625222,2,-123.01555633,2
1235697495,02/27/2009 01:18:15,2,docr,3395.9,2,1.552,2,34.636,2,,0,92.72,2,1513.408,2,27.7331,2,35.16249113,2,-123.01554326,2
1235697510,02/27/2009 01:18:30,2,docr,3384.07,2,1.554,2,34.635,2,,0,92.72,2,1513.208,2,27.732,2,35.1624432,2,-123.01560046,2
1235697525,02/27/2009 01:18:45,2,docr,3372.06,2,1.556,2,34.635,2,,0,92.72,2,1513.005,2,27.7318,2,35.16237573,2,-123.0156514,2
1235697540,02/27/2009 01:19:00,2,docr,3359.94,2,1.559,2,34.635,2,,0,92.72,2,1512.806,2,27.7315,2,35.16258966,2,-123.01550893,2
1235697555,02/27/2009 01:19:15,2,docr,3347.63,2,1.562,2,34.635,2,,0,92.72,2,1512.603,2,27.7312,2,35.16253713,2,-123.01556893,2
1235697570,02/27/2009 01:19:30,2,docr,3337.66,2,1.563,2,34.634,2,,0,92.73,2,1512.431,2,27.7303,2,35.1626314,2,-123.01548266,2
1235697585,02/27/2009 01:19:45,2,docr,3335.52,2,1.563,2,34.634,2,,0,92.73,2,1512.393,2,27.7303,2,35.16285526,2,-123.01527186,2
1235697600,02/27/2009 01:20:00,2,docr,3333.66,2,1.565,2,34.636,2,,0,92.73,2,1512.372,2,27.7317,2,35.16289826,2,-123.01525133,2
1235697615,02/27/2009 01:20:15,2,docr,3330.34,2,1.578,2,34.633,2,,0,92.73,2,1512.366,2,27.7284,2,35.16270893,2,-123.0153074,2
1235697630,02/27/2009 01:20:30,2,docr,3323.3,2,1.564,2,34.634,2,,0,92.72,2,1512.183,2,27.7301,2,35.1625698,2,-123.0153832,2
1235697645,02/27/2009 01:20:45,2,docr,3314.02,2,1.565,2,34.634,2,,0,92.73,2,1512.025,2,27.73,2,35.1625546,2,-123.01541306,2
1235697660,02/27/2009 01:21:00,2,docr,3304.63,2,1.567,2,34.634,2,,0,92.73,2,1511.869,2,27.7298,2,35.16232653,2,-123.01570406,2
1235697675,02/27/2009 01:21:15,2,docr,3295.35,2,1.569,2,34.634,2,,0,92.73,2,1511.715,2,27.7296,2,35.16209266,2,-123.01586113,2
1235697690,02/27/2009 01:21:30,2,docr,3286.07,2,1.571,2,34.634,2,,0,92.73,2,1511.56,2,27.7294,2,35.16225193,2,-123.01564153,2
1235697705,02/27/2009 01:21:45,2,docr,3276.78,2,1.572,2,34.634,2,,0,92.73,2,1511.402,2,27.7292,2,35.16235193,2,-123.01562353,2
1235697720,02/27/2009 01:22:00,2,docr,3267.49,2,1.574,2,34.633,2,,0,92.74,2,1511.247,2,27.7282,2,35.16224086,2,-123.0157112,2
1235697735,02/27/2009 01:22:15,2,docr,3258.4,2,1.576,2,34.633,2,,0,92.73,2,1511.096,2,27.728,2,35.1623254,2,-123.0156348,2
1235697750,02/27/2009 01:22:30,2,docr,3249.12,2,1.578,2,34.633,2,,0,92.74,2,1510.942,2,27.7278,2,35.1625406,2,-123.01555366,2
1235697765,02/27/2009 01:22:45,2,docr,3240.03,2,1.579,2,34.633,2,,0,92.74,2,1510.787,2,27.7277,2,35.1626286,2,-123.01547806,2
1235697780,02/27/2009 01:23:00,2,docr,3230.84,2,1.581,2,34.632,2,,0,92.74,2,1510.633,2,27.7267,2,35.16276746,2,-123.01541353,2
1235697795,02/27/2009 01:23:15,2,docr,3221.74,2,1.582,2,34.633,2,,0,92.74,2,1510.48,2,27.7273,2,35.16293253,2,-123.01529166,2
1235697810,02/27/2009 01:23:30,2,docr,3212.85,2,1.584,2,34.632,2,,0,92.74,2,1510.331,2,27.7263,2,35.16284746,2,-123.01533313,2
1235697825,02/27/2009 01:23:45,2,docr,3204.63,2,1.585,2,34.632,2,,0,92.74,2,1510.192,2,27.7262,2,35.1628392,2,-123.01534793,2
1235697840,02/27/2009 01:24:00,2,docr,3199.16,2,1.586,2,34.632,2,,0,92.74,2,1510.1,2,27.7261,2,35.1630838,2,-123.01523086,2
1235697855,02/27/2009 01:24:15,2,docr,3193.59,2,1.586,2,34.632,2,,0,92.74,2,1510.003,2,27.7261,2,35.16287346,2,-123.01549753,2
1235697870,02/27/2009 01:24:30,2,docr,3186.06,2,1.589,2,34.632,2,,0,92.73,2,1509.884,2,27.7258,2,35.16315086,2,-123.01514486,2
1235697885,02/27/2009 01:24:45,2,docr,3178.23,2,1.59,2,34.632,2,,0,92.73,2,1509.751,2,27.7257,2,35.1632522,2,-123.01509233,2
1235697900,02/27/2009 01:25:00,2,docr,3170.31,2,1.591,2,34.631,2,,0,92.74,2,1509.616,2,27.7247,2,35.1632842,2,-123.01513466,2
1235697915,02/27/2009 01:25:15,2,docr,3161.71,2,1.592,2,34.632,2,,0,92.73,2,1509.471,2,27.7254,2,35.1632838,2,-123.01518966,2
1235697930,02/27/2009 01:25:30,2,docr,3152.22,2,1.593,2,34.631,2,,0,92.73,2,1509.308,2,27.7245,2,35.16348286,2,-123.01505906,2
1235697945,02/27/2009 01:25:45,2,docr,3142.54,2,1.595,2,34.631,2,,0,92.72,2,1509.147,2,27.7243,2,35.16336553,2,-123.01512946,2
1235697960,02/27/2009 01:26:00,2,docr,3132.86,2,1.597,2,34.631,2,,0,92.72,2,1508.987,2,27.7241,2,35.16280633,2,-123.01544946,2
1235697975,02/27/2009 01:26:15,2,docr,3123.96,2,1.599,2,34.631,2,,0,92.72,2,1508.84,2,27.7239,2,35.16286993,2,-123.01539973,2
1235697990,02/27/2009 01:26:30,2,docr,3118.28,2,1.6,2,34.631,2,,0,92.72,2,1508.745,2,27.7238,2,35.16267866,2,-123.01560306,2
1235698005,02/27/2009 01:26:45,2,docr,3111.92,2,1.601,2,34.631,2,,0,92.72,2,1508.638,2,27.7236,2,35.16260786,2,-123.01566133,2
1235698020,02/27/2009 01:27:00,2,docr,3105.27,2,1.602,2,34.631,2,,0,92.72,2,1508.526,2,27.7235,2,35.16241806,2,-123.0157652,2
1235698035,02/27/2009 01:27:15,2,docr,3098.33,2,1.603,2,34.63,2,,0,92.73,2,1508.408,2,27.7226,2,35.16241566,2,-123.0158012,2
1235698050,02/27/2009 01:27:30,2,docr,3088.35,2,1.604,2,34.63,2,,0,92.73,2,1508.238,2,27.7225,2,35.1627928,2,-123.01555313,2
1235698065,02/27/2009 01:27:45,2,docr,3076.12,2,1.603,2,34.63,2,,0,92.73,2,1508.02,2,27.7224,2,35.1628164,2,-123.01554513,2
1235698080,02/27/2009 01:28:00,2,docr,3064.77,2,1.607,2,34.63,2,,0,92.73,2,1507.839,2,27.7221,2,35.16275846,2,-123.01561553,2
1235698095,02/27/2009 01:28:15,2,docr,3058.12,2,1.608,2,34.629,2,,0,92.69,2,1507.726,2,27.7212,2,35.16263353,2,-123.0157034,2
1235698110,02/27/2009 01:28:30,2,docr,3052.44,2,1.608,2,34.629,2,,0,92.71,2,1507.627,2,27.7211,2,35.16263933,2,-123.01568766,2
1235698125,02/27/2009 01:28:45,2,docr,3047.55,2,1.609,2,34.629,2,,0,92.73,2,1507.546,2,27.721,2,35.16273373,2,-123.01568206,2
1235698140,02/27/2009 01:29:00,2,docr,3042.37,2,1.611,2,34.629,2,,0,92.73,2,1507.464,2,27.7208,2,35.16260966,2,-123.0156376,2
1235698155,02/27/2009 01:29:15,2,docr,3031.99,2,1.613,2,34.628,2,,0,92.73,2,1507.29,2,27.7198,2,35.16233646,2,-123.01585706,2
1235698170,02/27/2009 01:29:30,2,docr,3019.37,2,1.616,2,34.628,2,,0,92.72,2,1507.083,2,27.7195,2,35.16245346,2,-123.0158634,2
1235698185,02/27/2009 01:29:45,2,docr,3007.63,2,1.619,2,34.628,2,,0,92.72,2,1506.891,2,27.7192,2,35.16257646,2,-123.0158024,2
1235698200,02/27/2009 01:30:00,2,docr,2997.84,2,1.621,2,34.628,2,,0,92.72,2,1506.729,2,27.719,2,35.1623982,2,-123.01594133,2
1235698215,02/27/2009 01:30:15,2,docr,2992.07,2,1.622,2,34.628,2,,0,92.71,2,1506.633,2,27.7189,2,35.16249186,2,-123.0158698,2
1235698230,02/27/2009 01:30:30,2,docr,2987.66,2,1.625,2,34.628,2,,0,92.71,2,1506.569,2,27.7187,2,35.162621,2,-123.01582213,2
1235698245,02/27/2009 01:30:45,2,docr,2983.26,2,1.626,2,34.628,2,,0,92.72,2,1506.497,2,27.7186,2,35.16237606,2,-123.01595953,2
1235698260,02/27/2009 01:31:00,2,docr,2975.92,2,1.628,2,34.628,2,,0,92.73,2,1506.377,2,27.7184,2,35.16217433,2,-123.01614213,2
1235698275,02/27/2009 01:31:15,2,docr,2967.89,2,1.63,2,34.627,2,,0,92.73,2,1506.245,2,27.7174,2,35.1620834,2,-123.0162304,2
1235698290,02/27/2009 01:31:30,2,docr,2959.86,2,1.634,2,34.627,2,,0,92.72,2,1506.122,2,27.717,2,35.16211646,2,-123.01618826,2
1235698305,02/27/2009 01:31:45,2,docr,2951.84,2,1.635,2,34.627,2,,0,92.72,2,1505.987,2,27.7169,2,35.16233393,2,-123.01602213,2
1235698320,02/27/2009 01:32:00,2,docr,2943.62,2,1.638,2,34.627,2,,0,92.72,2,1505.856,2,27.7166,2,35.16189853,2,-123.0161774,2
1235698335,02/27/2009 01:32:15,2,docr,2935.39,2,1.641,2,34.626,2,,0,92.71,2,1505.725,2,27.7156,2,35.16214146,2,-123.0160966,2
1235698350,02/27/2009 01:32:30,2,docr,2926.97,2,1.643,2,34.627,2,,0,92.72,2,1505.588,2,27.7162,2,35.1620822,2,-123.01617113,2
1235698365,02/27/2009 01:32:45,2,docr,2918.46,2,1.645,2,34.626,2,,0,92.72,2,1505.447,2,27.7152,2,35.1621502,2,-123.01612713,2
1235698380,02/27/2009 01:33:00,2,docr,2909.94,2,1.648,2,34.626,2,,0,92.72,2,1505.312,2,27.7149,2,35.16241273,2,-123.01604046,2
1235698395,02/27/2009 01:33:15,2,docr,2901.32,2,1.649,2,34.626,2,,0,92.72,2,1505.166,2,27.7148,2,35.16244446,2,-123.01602326,2
1235698410,02/27/2009 01:33:30,2,docr,2892.8,2,1.65,2,34.625,2,,0,92.72,2,1505.021,2,27.7138,2,35.16255733,2,-123.0159538,2
1235698425,02/27/2009 01:33:45,2,docr,2884.19,2,1.651,2,34.625,2,,0,92.72,2,1504.875,2,27.7137,2,35.162528,2,-123.01601233,2
1235698440,02/27/2009 01:34:00,2,docr,2875.77,2,1.653,2,34.625,2,,0,92.72,2,1504.738,2,27.7135,2,35.162572,2,-123.015952,2
1235698455,02/27/2009 01:34:15,2,docr,2867.25,2,1.655,2,34.625,2,,0,92.72,2,1504.598,2,27.7133,2,35.1625216,2,-123.01600466,2
1235698470,02/27/2009 01:34:30,2,docr,2858.73,2,1.657,2,34.625,2,,0,92.71,2,1504.459,2,27.7131,2,35.16274773,2,-123.01588373,2
1235698485,02/27/2009 01:34:45,2,docr,2850.21,2,1.661,2,34.625,2,,0,92.72,2,1504.328,2,27.7128,2,35.16270746,2,-123.01592426,2
1235698500,02/27/2009 01:35:00,2,docr,2841.69,2,1.665,2,34.624,2,,0,92.72,2,1504.196,2,27.7116,2,35.16284753,2,-123.0158078,2
1235698515,02/27/2009 01:35:15,2,docr,2833.16,2,1.668,2,34.624,2,,0,92.71,2,1504.061,2,27.7114,2,35.16280026,2,-123.01584313,2
1235698530,02/27/2009 01:35:30,2,docr,2824.64,2,1.672,2,34.624,2,,0,92.72,2,1503.93,2,27.711,2,35.16268906,2,-123.01593926,2
1235698545,02/27/2009 01:35:45,2,docr,2816.12,2,1.676,2,34.623,2,,0,92.71,2,1503.798,2,27.7099,2,35.16232653,2,-123.01619313,2
1235698560,02/27/2009 01:36:00,2,docr,2807.6,2,1.679,2,34.623,2,,0,92.72,2,1503.663,2,27.7096,2,35.16237713,2,-123.0161466,2
1235698575,02/27/2009 01:36:15,2,docr,2799.08,2,1.681,2,34.623,2,,0,92.71,2,1503.524,2,27.7094,2,35.1623718,2,-123.0161218,2
1235698590,02/27/2009 01:36:30,2,docr,2790.65,2,1.682,2,34.623,2,,0,92.72,2,1503.381,2,27.7093,2,35.1622602,2,-123.01618833,2
1235698605,02/27/2009 01:36:45,2,docr,2782.23,2,1.684,2,34.623,2,,0,92.71,2,1503.244,2,27.7091,2,35.162467,2,-123.01613646,2
1235698620,02/27/2009 01:37:00,2,docr,2773.8,2,1.688,2,34.622,2,,0,92.71,2,1503.114,2,27.7079,2,35.16242293,2,-123.01614286,2
1235698635,02/27/2009 01:37:15,2,docr,2765.48,2,1.691,2,34.622,2,,0,92.72,2,1502.982,2,27.7077,2,35.16211906,2,-123.01637153,2
1235698650,02/27/2009 01:37:30,2,docr,2757.05,2,1.694,2,34.622,2,,0,92.71,2,1502.849,2,27.7074,2,35.16222246,2,-123.01634473,2
1235698665,02/27/2009 01:37:45,2,docr,2748.62,2,1.697,2,34.622,2,,0,92.71,2,1502.716,2,27.7071,2,35.16230606,2,-123.01629513,2
1235698680,02/27/2009 01:38:00,2,docr,2740.2,2,1.7,2,34.622,2,,0,92.7,2,1502.582,2,27.7068,2,35.16249466,2,-123.01618333,2
1235698695,02/27/2009 01:38:15,2,docr,2731.77,2,1.703,2,34.621,2,,0,92.7,2,1502.448,2,27.7058,2,35.1625256,2,-123.01617426,2
1235698710,02/27/2009 01:38:30,2,docr,2723.44,2,1.706,2,34.621,2,,0,92.69,2,1502.316,2,27.7055,2,35.16222986,2,-123.01637113,2
1235698725,02/27/2009 01:38:45,2,docr,2715.01,2,1.71,2,34.62,2,,0,92.7,2,1502.186,2,27.7043,2,35.1624116,2,-123.01627246,2
1235698740,02/27/2009 01:39:00,2,docr,2706.59,2,1.714,2,34.62,2,,0,92.7,2,1502.058,2,27.704,2,35.16254106,2,-123.01617546,2
1235698755,02/27/2009 01:39:15,2,docr,2698.16,2,1.717,2,34.62,2,,0,92.7,2,1501.925,2,27.7037,2,35.16247733,2,-123.01620866,2
1235698770,02/27/2009 01:39:30,2,docr,2689.73,2,1.721,2,34.62,2,,0,92.69,2,1501.796,2,27.7034,2,35.16251606,2,-123.01617526,2
1235698785,02/27/2009 01:39:45,2,docr,2681.3,2,1.724,2,34.619,2,,0,92.69,2,1501.661,2,27.7023,2,35.16253886,2,-123.01617086,2
1235698800,02/27/2009 01:40:00,2,docr,2672.87,2,1.725,2,34.619,2,,0,92.69,2,1501.52,2,27.7022,2,35.1625642,2,-123.01615213,2
1235698815,02/27/2009 01:40:15,2,docr,2664.44,2,1.727,2,34.619,2,,0,92.69,2,1501.382,2,27.702,2,35.16258426,2,-123.0161624,2
1235698830,02/27/2009 01:40:30,2,docr,2655.92,2,1.731,2,34.619,2,,0,92.67,2,1501.252,2,27.7016,2,35.16277306,2,-123.01607846,2
1235698845,02/27/2009 01:40:45,2,docr,2647.49,2,1.736,2,34.618,2,,0,92.69,2,1501.126,2,27.7004,2,35.1627596,2,-123.01604313,2
1235698860,02/27/2009 01:41:00,2,docr,2639.06,2,1.739,2,34.618,2,,0,92.69,2,1500.993,2,27.7001,2,35.16294513,2,-123.01592673,2
1235698875,02/27/2009 01:41:15,2,docr,2630.62,2,1.742,2,34.617,2,,0,92.69,2,1500.859,2,27.6991,2,35.16305473,2,-123.0158678,2
1235698890,02/27/2009 01:41:30,2,docr,2622.29,2,1.744,2,34.617,2,,0,92.69,2,1500.723,2,27.6989,2,35.16316133,2,-123.01583053,2
1235698905,02/27/2009 01:41:45,2,docr,2613.96,2,1.748,2,34.617,2,,0,92.69,2,1500.597,2,27.6985,2,35.16330173,2,-123.01575753,2
1235698920,02/27/2009 01:42:00,2,docr,2605.53,2,1.752,2,34.616,2,,0,92.69,2,1500.467,2,27.6974,2,35.1633436,2,-123.0157272,2
1235698935,02/27/2009 01:42:15,2,docr,2597.19,2,1.756,2,34.616,2,,0,92.69,2,1500.34,2,27.697,2,35.1632672,2,-123.01577726,2
1235698950,02/27/2009 01:42:30,2,docr,2588.96,2,1.759,2,34.616,2,,0,92.69,2,1500.21,2,27.6967,2,35.16316413,2,-123.01586673,2
1235698965,02/27/2009 01:42:45,2,docr,2580.72,2,1.761,2,34.615,2,,0,92.69,2,1500.075,2,27.6957,2,35.16286693,2,-123.01607286,2
1235698980,02/27/2009 01:43:00,2,docr,2572.48,2,1.765,2,34.615,2,,0,92.69,2,1499.95,2,27.6954,2,35.16270106,2,-123.01617906,2
1235698995,02/27/2009 01:43:15,2,docr,2564.25,2,1.768,2,34.615,2,,0,92.69,2,1499.821,2,27.6951,2,35.16281013,2,-123.01610133,2
1235699010,02/27/2009 01:43:30,2,docr,2555.91,2,1.771,2,34.614,2,,0,92.66,2,1499.688,2,27.694,2,35.16283346,2,-123.01610486,2
1235699025,02/27/2009 01:43:45,2,docr,2547.67,2,1.774,2,34.614,2,,0,92.68,2,1499.559,2,27.6938,2,35.16292066,2,-123.0160262,2
1235699040,02/27/2009 01:44:00,2,docr,2539.43,2,1.775,2,34.614,2,,0,92.69,2,1499.421,2,27.6936,2,35.16277893,2,-123.016126,2
1235699055,02/27/2009 01:44:15,2,docr,2531.2,2,1.778,2,34.614,2,,0,92.68,2,1499.291,2,27.6934,2,35.16280466,2,-123.0161148,2
1235699070,02/27/2009 01:44:30,2,docr,2522.86,2,1.781,2,34.613,2,,0,92.65,2,1499.159,2,27.6923,2,35.16284793,2,-123.01609913,2
1235699085,02/27/2009 01:44:45,2,docr,2514.62,2,1.783,2,34.613,2,,0,92.69,2,1499.025,2,27.6921,2,35.1628618,2,-123.01611313,2
1235699100,02/27/2009 01:45:00,2,docr,2506.38,2,1.785,2,34.613,2,,0,92.69,2,1498.892,2,27.6919,2,35.162911,2,-123.01610693,2
1235699115,02/27/2009 01:45:15,2,docr,2498.14,2,1.788,2,34.612,2,,0,92.69,2,1498.761,2,27.6908,2,35.163369,2,-123.01582826,2
1235699130,02/27/2009 01:45:30,2,docr,2491.96,2,1.791,2,34.612,2,,0,92.68,2,1498.667,2,27.6906,2,35.16289866,2,-123.01612906,2
1235699145,02/27/2009 01:45:45,2,docr,2485.78,2,1.794,2,34.612,2,,0,92.67,2,1498.574,2,27.6903,2,35.16266066,2,-123.0162484,2
1235699160,02/27/2009 01:46:00,2,docr,2471.95,2,1.798,2,34.611,2,,0,92.67,2,1498.351,2,27.6891,2,35.16283153,2,-123.01611553,2
1235699175,02/27/2009 01:46:15,2,docr,2457.03,2,1.804,2,34.611,2,,0,92.67,2,1498.12,2,27.6886,2,35.16299793,2,-123.01598526,2
1235699190,02/27/2009 01:46:30,2,docr,2442.12,2,1.811,2,34.61,2,,0,92.67,2,1497.891,2,27.6871,2,35.16295186,2,-123.01604093,2
1235699205,02/27/2009 01:46:45,2,docr,2427.89,2,1.816,2,34.61,2,,0,92.67,2,1497.668,2,27.6867,2,35.16280953,2,-123.01617266,2
1235699220,02/27/2009 01:47:00,2,docr,2417.59,2,1.821,2,34.609,2,,0,92.67,2,1497.51,2,27.6855,2,35.16273746,2,-123.01620666,2
1235699235,02/27/2009 01:47:15,2,docr,2412.09,2,1.823,2,34.608,2,,0,92.66,2,1497.423,2,27.6845,2,35.16266973,2,-123.01623833,2
1235699250,02/27/2009 01:47:30,2,docr,2408.27,2,1.826,2,34.609,2,,0,92.67,2,1497.371,2,27.685,2,35.16288113,2,-123.0160918,2
1235699265,02/27/2009 01:47:45,2,docr,2404.54,2,1.83,2,34.609,2,,0,92.67,2,1497.325,2,27.6847,2,35.16318206,2,-123.0158822,2
1235699280,02/27/2009 01:48:00,2,docr,2397.67,2,1.835,2,34.608,2,,0,92.68,2,1497.227,2,27.6835,2,35.163456,2,-123.01568173,2
1235699295,02/27/2009 01:48:15,2,docr,2389.42,2,1.841,2,34.608,2,,0,92.69,2,1497.111,2,27.683,2,35.16360726,2,-123.01562786,2
1235699310,02/27/2009 01:48:30,2,docr,2380.89,2,1.846,2,34.607,2,,0,92.68,2,1496.984,2,27.6818,2,35.16359673,2,-123.01563913,2
1235699325,02/27/2009 01:48:45,2,docr,2372.25,2,1.851,2,34.607,2,,0,92.69,2,1496.857,2,27.6813,2,35.16333153,2,-123.015851,2
1235699340,02/27/2009 01:49:00,2,docr,2363.61,2,1.853,2,34.606,2,,0,92.69,2,1496.716,2,27.6803,2,35.163148,2,-123.01598813,2
1235699355,02/27/2009 01:49:15,2,docr,2354.78,2,1.857,2,34.606,2,,0,92.66,2,1496.581,2,27.68,2,35.1633924,2,-123.0158436,2
1235699370,02/27/2009 01:49:30,2,docr,2346.04,2,1.86,2,34.606,2,,0,92.69,2,1496.443,2,27.6797,2,35.16344306,2,-123.01579333,2
1235699385,02/27/2009 01:49:45,2,docr,2337.3,2,1.864,2,34.606,2,,0,92.69,2,1496.31,2,27.6793,2,35.16365226,2,-123.0156748,2
1235699400,02/27/2009 01:50:00,2,docr,2328.57,2,1.87,2,34.605,2,,0,92.69,2,1496.185,2,27.678,2,35.16356513,2,-123.01575353,2
1235699415,02/27/2009 01:50:15,2,docr,2319.83,2,1.874,2,34.605,2,,0,92.69,2,1496.052,2,27.6777,2,35.16331613,2,-123.01594266,2
1235699430,02/27/2009 01:50:30,2,docr,2311.19,2,1.877,2,34.604,2,,0,92.69,2,1495.915,2,27.6766,2,35.16277666,2,-123.01636606,2
1235699445,02/27/2009 01:50:45,2,docr,2302.45,2,1.88,2,34.604,2,,0,92.69,2,1495.777,2,27.6763,2,35.162713,2,-123.0164316,2
1235699460,02/27/2009 01:51:00,2,docr,2293.71,2,1.884,2,34.603,2,,0,92.69,2,1495.643,2,27.6752,2,35.16264686,2,-123.01652286,2
1235699475,02/27/2009 01:51:15,2,docr,2284.97,2,1.887,2,34.603,2,,0,92.69,2,1495.506,2,27.6749,2,35.1627818,2,-123.016407,2
1235699490,02/27/2009 01:51:30,2,docr,2276.14,2,1.891,2,34.603,2,,0,92.69,2,1495.371,2,27.6745,2,35.16269273,2,-123.01647133,2
1235699505,02/27/2009 01:51:45,2,docr,2267.3,2,1.893,2,34.603,2,,0,92.69,2,1495.228,2,27.6743,2,35.16273486,2,-123.0164832,2
1235699520,02/27/2009 01:52:00,2,docr,2258.46,2,1.899,2,34.602,2,,0,92.69,2,1495.101,2,27.673,2,35.16268586,2,-123.01651513,2
1235699535,02/27/2009 01:52:15,2,docr,2249.52,2,1.906,2,34.601,2,,0,92.69,2,1494.976,2,27.6716,2,35.16263153,2,-123.0165502,2
1235699550,02/27/2009 01:52:30,2,docr,2240.69,2,1.912,2,34.601,2,,0,92.69,2,1494.851,2,27.6711,2,35.16268313,2,-123.01655826,2
1235699565,02/27/2009 01:52:45,2,docr,2231.85,2,1.917,2,34.6,2,,0,92.69,2,1494.719,2,27.6699,2,35.16271353,2,-123.01656253,2
1235699580,02/27/2009 01:53:00,2,docr,2223.01,2,1.924,2,34.599,2,,0,92.69,2,1494.596,2,27.6685,2,35.16260433,2,-123.0166418,2
1235699595,02/27/2009 01:53:15,2,docr,2214.17,2,1.928,2,34.599,2,,0,92.69,2,1494.462,2,27.6681,2,35.16266553,2,-123.01662193,2
1235699610,02/27/2009 01:53:30,2,docr,2205.33,2,1.934,2,34.598,2,,0,92.7,2,1494.335,2,27.6668,2,35.16263306,2,-123.0166472,2
1235699625,02/27/2009 01:53:45,2,docr,2196.49,2,1.939,2,34.598,2,,0,92.69,2,1494.205,2,27.6664,2,35.1626984,2,-123.01661453,2
1235699640,02/27/2009 01:54:00,2,docr,2187.84,2,1.947,2,34.597,2,,0,92.69,2,1494.09,2,27.6649,2,35.16267453,2,-123.0166356,2
1235699655,02/27/2009 01:54:15,2,docr,2179.2,2,1.952,2,34.596,2,,0,92.69,2,1493.962,2,27.6637,2,35.1627818,2,-123.01658993,2
1235699670,02/27/2009 01:54:30,2,docr,2170.55,2,1.955,2,34.596,2,,0,92.69,2,1493.827,2,27.6634,2,35.16302453,2,-123.01643573,2
1235699685,02/27/2009 01:54:45,2,docr,2162.69,2,1.962,2,34.595,2,,0,92.69,2,1493.721,2,27.662,2,35.16289653,2,-123.01652413,2
1235699700,02/27/2009 01:55:00,2,docr,2157.68,2,1.963,2,34.596,2,,0,92.69,2,1493.641,2,27.6627,2,35.16303173,2,-123.01643393,2
1235699715,02/27/2009 01:55:15,2,docr,2153.95,2,1.968,2,34.595,2,,0,92.69,2,1493.597,2,27.6615,2,35.16312013,2,-123.01638513,2
1235699730,02/27/2009 01:55:30,2,docr,2150.21,2,1.973,2,34.595,2,,0,92.7,2,1493.555,2,27.6611,2,35.16303046,2,-123.0164592,2
1235699745,02/27/2009 01:55:45,2,docr,2145.1,2,1.976,2,34.594,2,,0,92.69,2,1493.479,2,27.66,2,35.16285646,2,-123.0166448,2
1235699760,02/27/2009 01:56:00,2,docr,2138.72,2,1.985,2,34.594,2,,0,92.69,2,1493.409,2,27.6593,2,35.1627982,2,-123.01669633,2
1235699775,02/27/2009 01:56:15,2,docr,2131.25,2,1.988,2,34.593,2,,0,92.69,2,1493.292,2,27.6582,2,35.16280286,2,-123.016703,2
1235699790,02/27/2009 01:56:30,2,docr,2117.49,2,1.993,2,34.592,2,,0,92.66,2,1493.077,2,27.657,2,35.1626572,2,-123.01683253,2
1235699805,02/27/2009 01:56:45,2,docr,2102.95,2,1.997,2,34.591,2,,0,92.66,2,1492.844,2,27.6558,2,35.16268106,2,-123.01683093,2
1235699820,02/27/2009 01:57:00,2,docr,2088.89,2,2.001,2,34.59,2,,0,92.66,2,1492.619,2,27.6546,2,35.1627332,2,-123.0168264,2
1235699835,02/27/2009 01:57:15,2,docr,2081.03,2,2.006,2,34.588,2,,0,92.63,2,1492.503,2,27.6525,2,35.16275373,2,-123.01680506,2
1235699850,02/27/2009 01:57:30,2,docr,2076.22,2,2.007,2,34.589,2,,0,92.66,2,1492.426,2,27.6532,2,35.16276206,2,-123.0167676,2
1235699865,02/27/2009 01:57:45,2,docr,2072.28,2,2.008,2,34.589,2,,0,92.66,2,1492.363,2,27.6531,2,35.16281313,2,-123.0167516,2
1235699880,02/27/2009 01:58:00,2,docr,2064.42,2,2.012,2,34.588,2,,0,92.66,2,1492.245,2,27.652,2,35.162796,2,-123.01678793,2
1235699895,02/27/2009 01:58:15,2,docr,2053.22,2,2.018,2,34.588,2,,0,92.66,2,1492.079,2,27.6514,2,35.16283866,2,-123.0167814,2
1235699910,02/27/2009 01:58:30,2,docr,2041.71,2,2.026,2,34.588,2,,0,92.67,2,1491.917,2,27.6507,2,35.1627554,2,-123.01681833,2
1235699925,02/27/2009 01:58:45,2,docr,2029.82,2,2.034,2,34.586,2,,0,92.67,2,1491.745,2,27.6484,2,35.16269513,2,-123.01685433,2
1235699940,02/27/2009 01:59:00,2,docr,2018.02,2,2.036,2,34.584,2,,0,92.67,2,1491.549,2,27.6466,2,35.16251433,2,-123.01702713,2
1235699955,02/27/2009 01:59:15,2,docr,2009.96,2,2.043,2,34.585,2,,0,92.68,2,1491.443,2,27.6468,2,35.16254473,2,-123.01700633,2
1235699970,02/27/2009 01:59:30,2,docr,2005.24,2,2.052,2,34.585,2,,0,92.68,2,1491.402,2,27.6461,2,35.16266566,2,-123.0169344,2
1235699985,02/27/2009 01:59:45,2,docr,2001.6,2,2.058,2,34.585,2,,0,92.68,2,1491.366,2,27.6456,2,35.1627226,2,-123.0169184,2
1235700000,02/27/2009 02:00:00,2,docr,1997.96,2,2.066,2,34.585,2,,0,92.68,2,1491.338,2,27.645,2,35.1629102,2,-123.0168124,2
1235700015,02/27/2009 02:00:15,2,docr,1991.67,2,2.073,2,34.584,2,,0,92.69,2,1491.26,2,27.6436,2,35.16303813,2,-123.0167516,2
1235700030,02/27/2009 02:00:30,2,docr,1984,2,2.078,2,34.584,2,,0,92.68,2,1491.151,2,27.6432,2,35.1631804,2,-123.01669146,2
1235700045,02/27/2009 02:00:45,2,docr,1975.15,2,2.086,2,34.583,2,,0,92.69,2,1491.033,2,27.6417,2,35.162952,2,-123.01687493,2
1235700060,02/27/2009 02:01:00,2,docr,1966.6,2,2.092,2,34.583,2,,0,92.68,2,1490.913,2,27.6412,2,35.16298493,2,-123.0168672,2
1235700075,02/27/2009 02:01:15,2,docr,1958.24,2,2.098,2,34.582,2,,0,92.68,2,1490.794,2,27.6398,2,35.16283273,2,-123.0169508,2
1235700090,02/27/2009 02:01:30,2,docr,1950.08,2,2.102,2,34.58,2,,0,92.67,2,1490.67,2,27.6379,2,35.1627872,2,-123.01696746,2
1235700105,02/27/2009 02:01:45,2,docr,1941.42,2,2.105,2,34.579,2,,0,92.67,2,1490.533,2,27.6368,2,35.16270253,2,-123.01709373,2
1235700120,02/27/2009 02:02:00,2,docr,1931.88,2,2.108,2,34.576,2,,0,92.67,2,1490.379,2,27.6341,2,35.16271666,2,-123.01711973,2
1235700135,02/27/2009 02:02:15,2,docr,1922.14,2,2.12,2,34.576,2,,0,92.67,2,1490.265,2,27.6331,2,35.162898,2,-123.0171196,2
1235700150,02/27/2009 02:02:30,2,docr,1912.5,2,2.138,2,34.574,2,,0,92.67,2,1490.177,2,27.63,2,35.16294433,2,-123.01712553,2
1235700165,02/27/2009 02:02:45,2,docr,1903.06,2,2.148,2,34.573,2,,0,92.67,2,1490.058,2,27.6284,2,35.16298286,2,-123.0171542,2
1235700180,02/27/2009 02:03:00,2,docr,1893.42,2,2.158,2,34.572,2,,0,92.67,2,1489.935,2,27.6267,2,35.16296746,2,-123.0171966,2
1235700195,02/27/2009 02:03:15,2,docr,1883.88,2,2.169,2,34.571,2,,0,92.66,2,1489.819,2,27.625,2,35.1630416,2,-123.01720006,2
1235700210,02/27/2009 02:03:30,2,docr,1874.34,2,2.183,2,34.57,2,,0,92.67,2,1489.716,2,27.623,2,35.16307286,2,-123.0172074,2
1235700225,02/27/2009 02:03:45,2,docr,1864.79,2,2.196,2,34.569,2,,0,92.67,2,1489.608,2,27.6211,2,35.16307626,2,-123.017271,2
1235700240,02/27/2009 02:04:00,2,docr,1855.35,2,2.205,2,34.568,2,,0,92.67,2,1489.485,2,27.6196,2,35.1631008,2,-123.0173112,2
1235700255,02/27/2009 02:04:15,2,docr,1845.9,2,2.217,2,34.567,2,,0,92.67,2,1489.375,2,27.6178,2,35.16317413,2,-123.01728066,2
1235700270,02/27/2009 02:04:30,2,docr,1836.46,2,2.226,2,34.567,2,,0,92.67,2,1489.253,2,27.617,2,35.1633824,2,-123.0171536,2
1235700285,02/27/2009 02:04:45,2,docr,1826.91,2,2.247,2,34.565,2,,0,92.67,2,1489.179,2,27.6136,2,35.16335326,2,-123.017238,2
1235700300,02/27/2009 02:05:00,2,docr,1817.46,2,2.253,2,34.565,2,,0,92.66,2,1489.044,2,27.6131,2,35.16335086,2,-123.01727713,2
1235700315,02/27/2009 02:05:15,2,docr,1807.92,2,2.264,2,34.565,2,,0,92.66,2,1488.929,2,27.6122,2,35.16335473,2,-123.01733406,2
1235700330,02/27/2009 02:05:30,2,docr,1798.47,2,2.285,2,34.564,2,,0,92.67,2,1488.858,2,27.6096,2,35.16358433,2,-123.01722613,2
1235700345,02/27/2009 02:05:45,2,docr,1788.04,2,2.299,2,34.562,2,,0,92.65,2,1488.738,2,27.6068,2,35.16371953,2,-123.01712813,2
1235700360,02/27/2009 02:06:00,2,docr,1780.56,2,2.306,2,34.56,2,,0,92.63,2,1488.638,2,27.6046,2,35.16375986,2,-123.01712566,2
1235700375,02/27/2009 02:06:15,2,docr,1774.46,2,2.312,2,34.559,2,,0,92.63,2,1488.559,2,27.6033,2,35.16374186,2,-123.01713886,2
1235700390,02/27/2009 02:06:30,2,docr,1764.51,2,2.322,2,34.558,2,,0,92.66,2,1488.432,2,27.6016,2,35.16345613,2,-123.01737726,2
1235700405,02/27/2009 02:06:45,2,docr,1752.31,2,2.332,2,34.556,2,,0,92.66,2,1488.265,2,27.5991,2,35.16330666,2,-123.0171642,2
1235700420,02/27/2009 02:07:00,2,docr,1740.3,2,2.352,2,34.555,2,,0,92.67,2,1488.146,2,27.5966,2,35.16324813,2,-123.01709126,2
1235700435,02/27/2009 02:07:15,2,docr,1729.67,2,2.371,2,34.553,2,,0,92.67,2,1488.045,2,27.5934,2,35.16327306,2,-123.01708626,2
1235700450,02/27/2009 02:07:30,2,docr,1726.32,2,2.379,2,34.552,2,,0,92.67,2,1488.021,2,27.592,2,35.1633578,2,-123.01706226,2
1235700465,02/27/2009 02:07:45,2,docr,1723.27,2,2.383,2,34.552,2,,0,92.67,2,1487.987,2,27.5916,2,35.16337993,2,-123.01843346,2
1235700480,02/27/2009 02:08:00,2,docr,1715.39,2,2.391,2,34.551,2,,0,92.67,2,1487.886,2,27.5901,2,35.16338286,2,-123.0185006,2
1235700495,02/27/2009 02:08:15,2,docr,1706.04,2,2.405,2,34.551,2,,0,92.67,2,1487.788,2,27.5889,2,35.1633274,2,-123.01809906,2
1235700510,02/27/2009 02:08:30,2,docr,1694.52,2,2.423,2,34.549,2,,0,92.67,2,1487.667,2,27.5857,2,35.16315933,2,-123.01808893,2
1235700525,02/27/2009 02:08:45,2,docr,1683.19,2,2.44,2,34.549,2,,0,92.63,2,1487.548,2,27.5843,2,35.16306986,2,-123.0179504,2
1235700540,02/27/2009 02:09:00,2,docr,1673.35,2,2.457,2,34.547,2,,0,92.63,2,1487.452,2,27.5812,2,35.16310286,2,-123.0178608,2
1235700555,02/27/2009 02:09:15,2,docr,1665.37,2,2.475,2,34.546,2,,0,92.66,2,1487.393,2,27.5789,2,35.16323886,2,-123.01773793,2
1235700570,02/27/2009 02:09:30,2,docr,1656.8,2,2.49,2,34.545,2,,0,92.65,2,1487.311,2,27.5768,2,35.16330533,2,-123.01766,2
1235700585,02/27/2009 02:09:45,2,docr,1646.36,2,2.521,2,34.544,2,,0,92.66,2,1487.266,2,27.5733,2,35.16327786,2,-123.0176684,2
1235700600,02/27/2009 02:10:00,2,docr,1638.29,2,2.536,2,34.541,2,,0,92.67,2,1487.19,2,27.5696,2,35.1633054,2,-123.01766826,2
1235700615,02/27/2009 02:10:15,2,docr,1633.07,2,2.544,2,34.54,2,,0,92.67,2,1487.135,2,27.5681,2,35.1634002,2,-123.01760293,2
1235700630,02/27/2009 02:10:30,2,docr,1622.63,2,2.556,2,34.541,2,,0,92.67,2,1487.011,2,27.5679,2,35.16332866,2,-123.0176816,2
1235700645,02/27/2009 02:10:45,2,docr,1610.81,2,2.59,2,34.541,2,,0,92.68,2,1486.957,2,27.5649,2,35.1632892,2,-123.01772133,2
1235700660,02/27/2009 02:11:00,2,docr,1599.18,2,2.607,2,34.538,2,,0,92.67,2,1486.829,2,27.561,2,35.163296,2,-123.01773226,2
1235700675,02/27/2009 02:11:15,2,docr,1589.43,2,2.626,2,34.535,2,,0,92.66,2,1486.741,2,27.557,2,35.1633356,2,-123.0176868,2
1235700690,02/27/2009 02:11:30,2,docr,1585,2,2.632,2,34.533,2,,0,92.66,2,1486.689,2,27.5548,2,35.16335053,2,-123.01772166,2
1235700705,02/27/2009 02:11:45,2,docr,1579.97,2,2.638,2,34.532,2,,0,92.67,2,1486.629,2,27.5535,2,35.16334266,2,-123.0176998,2
1235700720,02/27/2009 02:12:00,2,docr,1570.42,2,2.645,2,34.533,2,,0,92.66,2,1486.498,2,27.5536,2,35.16332466,2,-123.0177364,2
1235700735,02/27/2009 02:12:15,2,docr,1561.25,2,2.656,2,34.531,2,,0,92.66,2,1486.388,2,27.551,2,35.163292,2,-123.01784813,2
1235700750,02/27/2009 02:12:30,2,docr,1553.67,2,2.663,2,34.531,2,,0,92.66,2,1486.289,2,27.5504,2,35.16333706,2,-123.01782246,2
1235700765,02/27/2009 02:12:45,2,docr,1544.11,2,2.684,2,34.529,2,,0,92.65,2,1486.215,2,27.5469,2,35.16338673,2,-123.0177884,2
1235700780,02/27/2009 02:13:00,2,docr,1533.57,2,2.694,2,34.528,2,,0,92.65,2,1486.078,2,27.5452,2,35.16337313,2,-123.01778173,2
1235700795,02/27/2009 02:13:15,2,docr,1522.92,2,2.723,2,34.528,2,,0,92.64,2,1486.022,2,27.5426,2,35.1633438,2,-123.01768706,2
1235700810,02/27/2009 02:13:30,2,docr,1512.28,2,2.738,2,34.525,2,,0,92.64,2,1485.903,2,27.5389,2,35.16344406,2,-123.01693273,2
1235700825,02/27/2009 02:13:45,2,docr,1502.13,2,2.751,2,34.524,2,,0,92.65,2,1485.785,2,27.5369,2,35.163419,2,-123.0170114,2
1235700840,02/27/2009 02:14:00,2,docr,1492.37,2,2.766,2,34.524,2,,0,92.66,2,1485.685,2,27.5355,2,35.1634238,2,-123.01700066,2
1235700855,02/27/2009 02:14:15,2,docr,1483.11,2,2.788,2,34.524,2,,0,92.67,2,1485.622,2,27.5335,2,35.16338073,2,-123.01704133,2
1235700870,02/27/2009 02:14:30,2,docr,1476.11,2,2.802,2,34.522,2,,0,92.67,2,1485.562,2,27.5307,2,35.16343966,2,-123.01697766,2
1235700885,02/27/2009 02:14:45,2,docr,1467.93,2,2.811,2,34.521,2,,0,92.66,2,1485.46,2,27.529,2,35.1633742,2,-123.01706286,2
1235700900,02/27/2009 02:15:00,2,docr,1458.17,2,2.831,2,34.521,2,,0,92.65,2,1485.381,2,27.5272,2,35.1633878,2,-123.01704666,2
1235700915,02/27/2009 02:15:15,2,docr,1448.12,2,2.846,2,34.52,2,,0,92.65,2,1485.274,2,27.5251,2,35.16340166,2,-123.01703386,2
1235700930,02/27/2009 02:15:30,2,docr,1439.24,2,2.865,2,34.518,2,,0,92.66,2,1485.203,2,27.5217,2,35.163413,2,-123.01708586,2
1235700945,02/27/2009 02:15:45,2,docr,1432.34,2,2.872,2,34.518,2,,0,92.65,2,1485.116,2,27.5211,2,35.163635,2,-123.01756946,2
1235700960,02/27/2009 02:16:00,2,docr,1423.08,2,2.884,2,34.517,2,,0,92.65,2,1485.01,2,27.5192,2,35.16355853,2,-123.0173398,2
1235700975,02/27/2009 02:16:15,2,docr,1412.92,2,2.897,2,34.515,2,,0,92.66,2,1484.891,2,27.5163,2,35.16353426,2,-123.01731233,2
1235700990,02/27/2009 02:16:30,2,docr,1403.55,2,2.91,2,34.514,2,,0,92.65,2,1484.787,2,27.5143,2,35.16362086,2,-123.01719993,2
1235701005,02/27/2009 02:16:45,2,docr,1394.09,2,2.931,2,34.512,2,,0,92.65,2,1484.715,2,27.5108,2,35.16369866,2,-123.0170782,2
1235701020,02/27/2009 02:17:00,2,docr,1384.52,2,2.949,2,34.51,2,,0,92.65,2,1484.627,2,27.5075,2,35.16365966,2,-123.01709333,2
1235701035,02/27/2009 02:17:15,2,docr,1375.94,2,2.964,2,34.508,2,,0,92.64,2,1484.544,2,27.5046,2,35.16363073,2,-123.01716586,2
1235701050,02/27/2009 02:17:30,2,docr,1367.46,2,2.977,2,34.509,2,,0,92.64,2,1484.458,2,27.5041,2,35.16362266,2,-123.01714733,2
1235701065,02/27/2009 02:17:45,2,docr,1357.8,2,3.001,2,34.507,2,,0,92.65,2,1484.395,2,27.5003,2,35.1635292,2,-123.01707306,2
1235701080,02/27/2009 02:18:00,2,docr,1348.92,2,3.01,2,34.506,2,,0,92.65,2,1484.282,2,27.4987,2,35.16349986,2,-123.01708726,2
1235701095,02/27/2009 02:18:15,2,docr,1342.81,2,3.025,2,34.506,2,,0,92.65,2,1484.243,2,27.4973,2,35.16351493,2,-123.01706873,2
1235701110,02/27/2009 02:18:30,2,docr,1335.11,2,3.043,2,34.505,2,,0,92.65,2,1484.189,2,27.4948,2,35.16351426,2,-123.01709526,2
1235701125,02/27/2009 02:18:45,2,docr,1327.12,2,3.057,2,34.503,2,,0,92.65,2,1484.111,2,27.4919,2,35.16348946,2,-123.01715833,2
1235701140,02/27/2009 02:19:00,2,docr,1317.36,2,3.073,2,34.503,2,,0,92.65,2,1484.014,2,27.4904,2,35.1634598,2,-123.01720313,2
1235701155,02/27/2009 02:19:15,2,docr,1307.2,2,3.101,2,34.501,2,,0,92.63,2,1483.96,2,27.4862,2,35.1634294,2,-123.0172466,2
1235701170,02/27/2009 02:19:30,2,docr,1297.43,2,3.124,2,34.5,2,,0,92.66,2,1483.892,2,27.4832,2,35.16342766,2,-123.017276,2
1235701185,02/27/2009 02:19:45,2,docr,1287.77,2,3.142,2,34.497,2,,0,92.65,2,1483.802,2,27.4791,2,35.16333246,2,-123.01700086,2
1235701200,02/27/2009 02:20:00,2,docr,1278.79,2,3.156,2,34.495,2,,0,92.63,2,1483.707,2,27.4762,2,35.16288606,2,-123.0164112,2
1235701215,02/27/2009 02:20:15,2,docr,1269.22,2,3.179,2,34.495,2,,0,92.65,2,1483.644,2,27.474,2,35.162843,2,-123.01638386,2
1235701230,02/27/2009 02:20:30,2,docr,1259.84,2,3.194,2,34.495,2,,0,92.66,2,1483.55,2,27.4725,2,35.16284233,2,-123.01638666,2
1235701245,02/27/2009 02:20:45,2,docr,1250.27,2,3.216,2,34.494,2,,0,92.65,2,1483.481,2,27.4697,2,35.16284253,2,-123.0163906,2
1235701260,02/27/2009 02:21:00,2,docr,1240.7,2,3.237,2,34.492,2,,0,92.65,2,1483.407,2,27.4661,2,35.1632194,2,-123.0161348,2
1235701275,02/27/2009 02:21:15,2,docr,1230.93,2,3.257,2,34.49,2,,0,92.65,2,1483.324,2,27.4625,2,35.16326713,2,-123.01474653,2
1235701290,02/27/2009 02:21:30,2,docr,1221.26,2,3.283,2,34.488,2,,0,92.65,2,1483.269,2,27.4585,2,35.16326186,2,-123.01464966,2
1235701305,02/27/2009 02:21:45,2,docr,1211.49,2,3.301,2,34.487,2,,0,92.65,2,1483.18,2,27.4559,2,35.1632644,2,-123.0146522,2
1235701320,02/27/2009 02:22:00,2,docr,1201.62,2,3.327,2,34.485,2,,0,92.66,2,1483.122,2,27.4518,2,35.16327046,2,-123.01464513,2
1235701335,02/27/2009 02:22:15,2,docr,1190.67,2,3.352,2,34.483,2,,0,92.65,2,1483.041,2,27.4478,2,35.1632666,2,-123.01464353,2
1235701350,02/27/2009 02:22:30,2,docr,1179.61,2,3.368,2,34.481,2,,0,92.65,2,1482.92,2,27.4446,2,35.1632636,2,-123.01464253,2
1235701365,02/27/2009 02:22:45,2,docr,1170.93,2,3.376,2,34.481,2,,0,92.66,2,1482.808,2,27.4438,2,35.16325473,2,-123.01464353,2
1235701380,02/27/2009 02:23:00,2,docr,1162.73,2,3.385,2,34.48,2,,0,92.65,2,1482.707,2,27.4421,2,35.1632564,2,-123.01464466,2
1235701395,02/27/2009 02:23:15,2,docr,1153.85,2,3.4,2,34.48,2,,0,92.65,2,1482.621,2,27.4406,2,35.16326493,2,-123.0146432,2
1235701410,02/27/2009 02:23:30,2,docr,1142.4,2,3.442,2,34.476,2,,0,92.65,2,1482.601,2,27.4333,2,35.16335673,2,-123.01558966,2
1235701425,02/27/2009 02:23:45,2,docr,1132.52,2,3.467,2,34.473,2,,0,92.65,2,1482.537,2,27.4285,2,35.16346806,2,-123.01667146,2
1235701440,02/27/2009 02:24:00,2,docr,1124.33,2,3.487,2,34.471,2,,0,92.65,2,1482.481,2,27.4249,2,35.163823,2,-123.01780046,2
1235701455,02/27/2009 02:24:15,2,docr,1115.44,2,3.51,2,34.468,2,,0,92.64,2,1482.425,2,27.4203,2,35.16386113,2,-123.0177682,2
1235701470,02/27/2009 02:24:30,2,docr,1106.36,2,3.528,2,34.467,2,,0,92.63,2,1482.347,2,27.4177,2,35.16390013,2,-123.01777973,2
1235701485,02/27/2009 02:24:45,2,docr,1097.08,2,3.557,2,34.464,2,,0,92.63,2,1482.31,2,27.4124,2,35.16396346,2,-123.01773386,2
1235701500,02/27/2009 02:25:00,2,docr,1087.01,2,3.582,2,34.463,2,,0,92.64,2,1482.245,2,27.4091,2,35.1641456,2,-123.01757286,2
1235701515,02/27/2009 02:25:15,2,docr,1077.53,2,3.61,2,34.46,2,,0,92.64,2,1482.2,2,27.404,2,35.16418906,2,-123.0175822,2
1235701530,02/27/2009 02:25:30,2,docr,1068.54,2,3.637,2,34.457,2,,0,92.64,2,1482.159,2,27.3989,2,35.1641368,2,-123.01767233,2
1235701545,02/27/2009 02:25:45,2,docr,1057.68,2,3.657,2,34.455,2,,0,92.64,2,1482.058,2,27.3952,2,35.16410453,2,-123.0177654,2
1235701560,02/27/2009 02:26:00,2,docr,1045.03,2,3.679,2,34.452,2,,0,92.63,2,1481.935,2,27.3906,2,35.16409846,2,-123.01777953,2
1235701575,02/27/2009 02:26:15,2,docr,1030.81,2,3.714,2,34.447,2,,0,92.64,2,1481.837,2,27.3831,2,35.16403866,2,-123.01779213,2
1235701590,02/27/2009 02:26:30,2,docr,1019.75,2,3.731,2,34.443,2,,0,92.65,2,1481.717,2,27.3781,2,35.1638508,2,-123.0178734,2
1235701605,02/27/2009 02:26:45,2,docr,1014.71,2,3.743,2,34.444,2,,0,92.65,2,1481.685,2,27.3777,2,35.16394813,2,-123.01775726,2
1235701620,02/27/2009 02:27:00,2,docr,1010.56,2,3.755,2,34.442,2,,0,92.65,2,1481.663,2,27.3749,2,35.16398033,2,-123.0176884,2
1235701635,02/27/2009 02:27:15,2,docr,1004.04,2,3.772,2,34.441,2,,0,92.65,2,1481.624,2,27.3723,2,35.1639706,2,-123.01762826,2
1235701650,02/27/2009 02:27:30,2,docr,993.57,2,3.804,2,34.438,2,,0,92.64,2,1481.579,2,27.3667,2,35.16397313,2,-123.01762273,2
1235701665,02/27/2009 02:27:45,2,docr,982.31,2,3.83,2,34.433,2,,0,92.64,2,1481.492,2,27.36,2,35.16398473,2,-123.01762013,2
1235701680,02/27/2009 02:28:00,2,docr,971.83,2,3.851,2,34.43,2,,0,92.64,2,1481.401,2,27.3555,2,35.16399313,2,-123.01761293,2
1235701695,02/27/2009 02:28:15,2,docr,965.02,2,3.863,2,34.428,2,,0,92.64,2,1481.334,2,27.3526,2,35.16396873,2,-123.01762066,2
1235701710,02/27/2009 02:28:30,2,docr,957.11,2,3.897,2,34.426,2,,0,92.63,2,1481.342,2,27.3475,2,35.16395726,2,-123.0176242,2
1235701725,02/27/2009 02:28:45,2,docr,948.02,2,3.915,2,34.423,2,,0,92.6,2,1481.261,2,27.3433,2,35.1639622,2,-123.01762006,2
1235701740,02/27/2009 02:29:00,2,docr,938.83,2,3.93,2,34.42,2,,0,92.63,2,1481.166,2,27.3393,2,35.16397386,2,-123.01761286,2
1235701755,02/27/2009 02:29:15,2,docr,931.91,2,3.963,2,34.418,2,,0,92.61,2,1481.186,2,27.3343,2,35.16397426,2,-123.01760846,2
1235701770,02/27/2009 02:29:30,2,docr,925.09,2,3.994,2,34.414,2,,0,92.6,2,1481.196,2,27.3279,2,35.1639678,2,-123.01760886,2
1235701785,02/27/2009 02:29:45,2,docr,914.12,2,4.02,2,34.412,2,,0,92.61,2,1481.118,2,27.3236,2,35.16398073,2,-123.0176006,2
1235701800,02/27/2009 02:30:00,2,docr,901.67,2,4.054,2,34.405,2,,0,92.62,2,1481.042,2,27.3144,2,35.1639868,2,-123.01760233,2
1235701815,02/27/2009 02:30:15,2,docr,888.33,2,4.084,2,34.399,2,,0,92.63,2,1480.936,2,27.3065,2,35.16398573,2,-123.01760353,2
1235701830,02/27/2009 02:30:30,2,docr,877.65,2,4.108,2,34.396,2,,0,92.63,2,1480.854,2,27.3015,2,35.1639864,2,-123.0176116,2
1235701845,02/27/2009 02:30:45,2,docr,871.42,2,4.134,2,34.397,2,,0,92.62,2,1480.859,2,27.2996,2,35.16398226,2,-123.01761653,2
1235701860,02/27/2009 02:31:00,2,docr,863.12,2,4.189,2,34.393,2,,0,92.62,2,1480.944,2,27.2906,2,35.16397846,2,-123.01761573,2
1235701875,02/27/2009 02:31:15,2,docr,854.72,2,4.226,2,34.389,2,,0,92.62,2,1480.952,2,27.2835,2,35.1639792,2,-123.01761073,2
1235701890,02/27/2009 02:31:30,2,docr,846.12,2,4.244,2,34.387,2,,0,92.63,2,1480.881,2,27.28,2,35.16398006,2,-123.01760913,2
1235701905,02/27/2009 02:31:45,2,docr,837.91,2,4.259,2,34.384,2,,0,92.62,2,1480.802,2,27.2759,2,35.16398033,2,-123.01761166,2
1235701920,02/27/2009 02:32:00,2,docr,828.42,2,4.291,2,34.38,2,,0,92.61,2,1480.771,2,27.2693,2,35.16398226,2,-123.0176124,2
1235701935,02/27/2009 02:32:15,2,docr,818.83,2,4.321,2,34.373,2,,0,92.63,2,1480.726,2,27.2605,2,35.16398373,2,-123.01761066,2
1235701950,02/27/2009 02:32:30,2,docr,809.24,2,4.339,2,34.368,2,,0,92.63,2,1480.634,2,27.2545,2,35.163976,2,-123.01762033,2
1235701965,02/27/2009 02:32:45,2,docr,799.75,2,4.386,2,34.364,2,,0,92.63,2,1480.665,2,27.2463,2,35.16397973,2,-123.01762566,2
1235701980,02/27/2009 02:33:00,2,docr,790.25,2,4.401,2,34.358,2,,0,92.63,2,1480.56,2,27.2398,2,35.1639788,2,-123.01762326,2
1235701995,02/27/2009 02:33:15,2,docr,780.66,2,4.422,2,34.347,2,,0,92.64,2,1480.473,2,27.2287,2,35.16397986,2,-123.0176206,2
1235702010,02/27/2009 02:33:30,2,docr,771.17,2,4.443,2,34.343,2,,0,92.63,2,1480.396,2,27.2232,2,35.16397473,2,-123.01762053,2
1235702025,02/27/2009 02:33:45,2,docr,761.57,2,4.481,2,34.344,2,,0,92.63,2,1480.394,2,27.2199,2,35.1639658,2,-123.0176316,2
1235702040,02/27/2009 02:34:00,2,docr,752.08,2,4.558,2,34.349,2,,0,92.62,2,1480.56,2,27.2154,2,35.1639666,2,-123.01762866,2
1235702055,02/27/2009 02:34:15,2,docr,742.58,2,4.609,2,34.348,2,,0,92.62,2,1480.61,2,27.209,2,35.16397993,2,-123.01760733,2
1235702070,02/27/2009 02:34:30,2,docr,733.09,2,4.639,2,34.344,2,,0,92.62,2,1480.57,2,27.2025,2,35.16397426,2,-123.01760113,2
1235702085,02/27/2009 02:34:45,2,docr,723.49,2,4.664,2,34.339,2,,0,92.63,2,1480.506,2,27.1957,2,35.16397706,2,-123.01760486,2
1235702100,02/27/2009 02:35:00,2,docr,713.9,2,4.692,2,34.332,2,,0,92.63,2,1480.452,2,27.1869,2,35.16398293,2,-123.01761126,2
1235702115,02/27/2009 02:35:15,2,docr,704.2,2,4.71,2,34.325,2,,0,92.63,2,1480.355,2,27.1793,2,35.1639964,2,-123.01761473,2
1235702130,02/27/2009 02:35:30,2,docr,694.7,2,4.725,2,34.313,2,,0,92.62,2,1480.243,2,27.168,2,35.1640066,2,-123.017617,2
1235702145,02/27/2009 02:35:45,2,docr,685.4,2,4.776,2,34.307,2,,0,92.63,2,1480.289,2,27.1575,2,35.1639994,2,-123.0176166,2
1235702160,02/27/2009 02:36:00,2,docr,675.81,2,4.818,2,34.303,2,,0,92.63,2,1480.296,2,27.1496,2,35.16398506,2,-123.01762533,2
1235702175,02/27/2009 02:36:15,2,docr,665.91,2,4.852,2,34.298,2,,0,92.61,2,1480.264,2,27.1417,2,35.16399573,2,-123.01763506,2
1235702190,02/27/2009 02:36:30,2,docr,654.83,2,4.91,2,34.292,2,,0,92.61,2,1480.309,2,27.1303,2,35.16401773,2,-123.01763313,2
1235702205,02/27/2009 02:36:45,2,docr,644.83,2,4.983,2,34.291,2,,0,92.61,2,1480.439,2,27.1212,2,35.164006,2,-123.01763946,2
1235702220,02/27/2009 02:37:00,2,docr,634.54,2,5.032,2,34.291,2,,0,92.6,2,1480.467,2,27.1155,2,35.164006,2,-123.0176384,2
1235702235,02/27/2009 02:37:15,2,docr,624.15,2,5.168,2,34.294,2,,0,92.58,2,1480.851,2,27.1022,2,35.16400966,2,-123.017632,2
1235702250,02/27/2009 02:37:30,2,docr,613.56,2,5.206,2,34.274,2,,0,92.59,2,1480.803,2,27.0818,2,35.16399566,2,-123.01763566,2
1235702265,02/27/2009 02:37:45,2,docr,603.07,2,5.238,2,34.269,2,,0,92.6,2,1480.752,2,27.074,2,35.16398846,2,-123.01762913,2
1235702280,02/27/2009 02:38:00,2,docr,592.77,2,5.319,2,34.27,2,,0,92.59,2,1480.91,2,27.0652,2,35.16397786,2,-123.017618,2
1235702295,02/27/2009 02:38:15,2,docr,584.76,2,5.351,2,34.266,2,,0,92.57,2,1480.901,2,27.0582,2,35.16396213,2,-123.01762493,2
1235702310,02/27/2009 02:38:30,2,docr,577.13,2,5.448,2,34.273,2,,0,92.53,2,1481.174,2,27.0522,2,35.1639698,2,-123.01761293,2
1235702325,02/27/2009 02:38:45,2,docr,568.62,2,5.512,2,34.269,2,,0,92.49,2,1481.285,2,27.0413,2,35.16396113,2,-123.017612,2
1235702340,02/27/2009 02:39:00,2,docr,560.11,2,5.543,2,34.258,2,,0,92.5,2,1481.254,2,27.0288,2,35.163954,2,-123.017616,2
1235702355,02/27/2009 02:39:15,2,docr,551.4,2,5.468,2,34.227,2,,0,92.56,2,1480.768,2,27.0131,2,35.163954,2,-123.017616,2
1235702370,02/27/2009 02:39:30,2,docr,542.58,2,5.48,2,34.224,2,,0,92.6,2,1480.666,2,27.0092,2,35.163954,2,-123.017616,2
1235702385,02/27/2009 02:39:45,2,docr,533.77,2,5.522,2,34.214,2,,0,92.6,2,1480.676,2,26.9962,2,35.163954,2,-123.017616,2
1235702400,02/27/2009 02:40:00,2,docr,524.96,2,5.558,2,34.207,2,,0,92.63,2,1480.665,2,26.9862,2,35.163954,2,-123.017616,2
1235702415,02/27/2009 02:40:15,2,docr,516.15,2,5.603,2,34.204,2,,0,92.64,2,1480.695,2,26.9783,2,35.163954,2,-123.017616,2
1235702430,02/27/2009 02:40:30,2,docr,507.33,2,5.597,2,34.187,2,,0,92.64,2,1480.503,2,26.9655,2,35.163954,2,-123.017616,2
1235702445,02/27/2009 02:40:45,2,docr,498.42,2,5.578,2,34.17,2,,0,92.65,2,1480.257,2,26.9543,2,35.163954,2,-123.017616,2
1235702460,02/27/2009 02:41:00,2,docr,489.51,2,5.638,2,34.17,2,,0,92.65,2,1480.35,2,26.9469,2,35.163954,2,-123.017616,2
1235702475,02/27/2009 02:41:15,2,docr,482.77,2,5.669,2,34.163,2,,0,92.65,2,1480.353,2,26.9376,2,35.163954,2,-123.017616,2
1235702490,02/27/2009 02:41:30,2,docr,479.21,2,5.69,2,34.154,2,,0,92.65,2,1480.367,2,26.9278,2,35.163954,2,-123.017616,2
1235702505,02/27/2009 02:41:45,2,docr,477.13,2,5.606,2,34.129,2,,0,92.65,2,1479.963,2,26.9182,2,35.163954,2,-123.017616,2
1235702520,02/27/2009 02:42:00,2,docr,472.28,2,5.595,2,34.125,2,,0,92.65,2,1479.833,2,26.9163,2,35.163954,2,-123.017616,2
1235702535,02/27/2009 02:42:15,2,docr,465.24,2,5.611,2,34.115,2,,0,92.65,2,1479.768,2,26.9064,2,35.163954,2,-123.017616,2
1235702550,02/27/2009 02:42:30,2,docr,457.42,2,5.626,2,34.103,2,,0,92.65,2,1479.683,2,26.895,2,35.163954,2,-123.017616,2
1235702565,02/27/2009 02:42:45,2,docr,449.4,2,5.619,2,34.092,2,,0,92.64,2,1479.507,2,26.8871,2,35.163954,2,-123.017616,2
1235702580,02/27/2009 02:43:00,2,docr,440.88,2,5.824,2,34.11,2,,0,92.65,2,1480.21,2,26.8762,2,35.163954,2,-123.017616,2
1235702595,02/27/2009 02:43:15,2,docr,431.57,2,5.788,2,34.066,2,,0,92.63,2,1479.856,2,26.8457,2,35.163954,2,-123.017616,2
1235702610,02/27/2009 02:43:30,2,docr,422.85,2,5.793,2,34.071,2,,0,92.62,2,1479.737,2,26.849,2,35.163954,2,-123.017616,2
1235702625,02/27/2009 02:43:45,2,docr,415.22,2,5.897,2,34.071,2,,0,92.6,2,1480.026,2,26.8361,2,35.163954,2,-123.017616,2
1235702640,02/27/2009 02:44:00,2,docr,407.59,2,5.936,2,34.063,2,,0,92.61,2,1480.045,2,26.8248,2,35.163954,2,-123.017616,2
1235702655,02/27/2009 02:44:15,2,docr,400.16,2,5.969,2,34.064,2,,0,92.61,2,1480.054,2,26.8214,2,35.163954,2,-123.017616,2
1235702670,02/27/2009 02:44:30,2,docr,392.93,2,6.071,2,34.067,2,,0,92.6,2,1480.343,2,26.8109,2,35.163954,2,-123.017616,2
1235702685,02/27/2009 02:44:45,2,docr,385.79,2,6.144,2,34.07,2,,0,92.59,2,1480.518,2,26.804,2,35.163954,2,-123.017616,2
1235702700,02/27/2009 02:45:00,2,docr,378.46,2,6.26,2,34.07,2,,0,92.58,2,1480.856,2,26.7891,2,35.163954,2,-123.017616,2
1235702715,02/27/2009 02:45:15,2,docr,370.63,2,6.336,2,34.068,2,,0,92.59,2,1481.024,2,26.7777,2,35.163954,2,-123.017616,2
1235702730,02/27/2009 02:45:30,2,docr,362.81,2,6.466,2,34.08,2,,0,92.58,2,1481.421,2,26.7702,2,35.163954,2,-123.017616,2
1235702745,02/27/2009 02:45:45,2,docr,355.18,2,6.541,2,34.071,2,,0,92.56,2,1481.578,2,26.7532,2,35.163954,2,-123.017616,2
1235702760,02/27/2009 02:46:00,2,docr,347.55,2,6.648,2,34.077,2,,0,92.57,2,1481.878,2,26.7437,2,35.163954,2,-123.017616,2
1235702775,02/27/2009 02:46:15,2,docr,341.1,2,6.745,2,34.075,2,,0,92.56,2,1482.148,2,26.7292,2,35.163954,2,-123.017616,2
1235702790,02/27/2009 02:46:30,2,docr,337.04,2,6.776,2,34.068,2,,0,92.55,2,1482.193,2,26.7194,2,35.163954,2,-123.017616,2
1235702805,02/27/2009 02:46:45,2,docr,334.36,2,6.792,2,34.068,2,,0,92.55,2,1482.211,2,26.7173,2,35.163954,2,-123.017616,2
1235702820,02/27/2009 02:47:00,2,docr,331.69,2,6.804,2,34.068,2,,0,92.55,2,1482.213,2,26.7156,2,35.163954,2,-123.017616,2
1235702835,02/27/2009 02:47:15,2,docr,324.25,2,6.829,2,34.065,2,,0,92.55,2,1482.183,2,26.7098,2,35.163954,2,-123.017616,2
1235702850,02/27/2009 02:47:30,2,docr,319.2,2,6.887,2,34.071,2,,0,92.54,2,1482.333,2,26.7066,2,35.163954,2,-123.017616,2
1235702865,02/27/2009 02:47:45,2,docr,311.77,2,6.965,2,34.059,2,,0,92.53,2,1482.498,2,26.6865,2,35.163954,2,-123.017616,2
1235702880,02/27/2009 02:48:00,2,docr,300.96,2,7.02,2,34.051,2,,0,92.52,2,1482.522,2,26.6725,2,35.163954,2,-123.017616,2
1235702895,02/27/2009 02:48:15,2,docr,290.55,2,7.145,2,34.051,2,,0,92.49,2,1482.833,2,26.6552,2,35.163954,2,-123.017616,2
1235702910,02/27/2009 02:48:30,2,docr,282.52,2,7.191,2,34.043,2,,0,92.47,2,1482.868,2,26.6425,2,35.163954,2,-123.017616,2
1235702925,02/27/2009 02:48:45,2,docr,280.34,2,7.267,2,34.046,2,,0,92.46,2,1483.129,2,26.6342,2,35.163954,2,-123.017616,2
1235702940,02/27/2009 02:49:00,2,docr,276.18,2,7.294,2,34.041,2,,0,92.45,2,1483.158,2,26.6265,2,35.163954,2,-123.017616,2
1235702955,02/27/2009 02:49:15,2,docr,270.53,2,7.341,2,34.033,2,,0,92.43,2,1483.235,2,26.6135,2,35.163954,2,-123.017616,2
1235702970,02/27/2009 02:49:30,2,docr,261.71,2,7.411,2,34.025,2,,0,92.42,2,1483.348,2,26.5973,2,35.163954,2,-123.017616,2
1235702985,02/27/2009 02:49:45,2,docr,251.89,2,7.493,2,34.014,2,,0,92.41,2,1483.486,2,26.5769,2,35.163954,2,-123.017616,2
1235703000,02/27/2009 02:50:00,2,docr,245.94,2,7.524,2,34.01,2,,0,92.4,2,1483.501,2,26.5692,2,35.163954,2,-123.017616,2
1235703015,02/27/2009 02:50:15,2,docr,240.39,2,7.575,2,34.004,2,,0,92.39,2,1483.597,2,26.5572,2,35.163954,2,-123.017616,2
1235703030,02/27/2009 02:50:30,2,docr,234.24,2,7.621,2,33.994,2,,0,92.39,2,1483.658,2,26.5426,2,35.163954,2,-123.017616,2
1235703045,02/27/2009 02:50:45,2,docr,227.7,2,7.577,2,33.968,2,,0,92.43,2,1483.349,2,26.5284,2,35.163954,2,-123.017616,2
1235703060,02/27/2009 02:51:00,2,docr,220.85,2,7.596,2,33.961,2,,0,92.42,2,1483.299,2,26.5201,2,35.163954,2,-123.017616,2
1235703075,02/27/2009 02:51:15,2,docr,213.91,2,7.719,2,33.97,2,,0,92.41,2,1483.665,2,26.5094,2,35.163954,2,-123.017616,2
1235703090,02/27/2009 02:51:30,2,docr,206.67,2,7.878,2,33.975,2,,0,92.39,2,1484.156,2,26.4901,2,35.163954,2,-123.017616,2
1235703105,02/27/2009 02:51:45,2,docr,197.25,2,7.994,2,33.976,2,,0,92.37,2,1484.441,2,26.4737,2,35.163954,2,-123.017616,2
1235703120,02/27/2009 02:52:00,2,docr,188.72,2,8.073,2,33.961,2,,0,92.35,2,1484.58,2,26.4501,2,35.163954,2,-123.017616,2
1235703135,02/27/2009 02:52:15,2,docr,184.16,2,8.103,2,33.966,2,,0,92.34,2,1484.624,2,26.4495,2,35.163954,2,-123.017616,2
1235703150,02/27/2009 02:52:30,2,docr,180.89,2,8.176,2,33.956,2,,0,92.31,2,1484.832,2,26.4308,2,35.163954,2,-123.017616,2
1235703165,02/27/2009 02:52:45,2,docr,178.51,2,8.231,2,33.949,2,,0,92.33,2,1484.991,2,26.417,2,35.163954,2,-123.017616,2
1235703180,02/27/2009 02:53:00,2,docr,176.13,2,8.248,2,33.945,2,,0,92.33,2,1485.011,2,26.4113,2,35.163954,2,-123.017616,2
1235703195,02/27/2009 02:53:15,2,docr,176.23,2,8.266,2,33.942,2,,0,92.29,2,1485.077,2,26.4062,2,35.163954,2,-123.017616,2
1235703210,02/27/2009 02:53:30,2,docr,175.73,2,8.281,2,33.939,2,,0,92.33,2,1485.121,2,26.4016,2,35.163954,2,-123.017616,2
1235703225,02/27/2009 02:53:45,2,docr,174.24,2,8.295,2,33.936,2,,0,92.28,2,1485.145,2,26.3971,2,35.163954,2,-123.017616,2
1235703240,02/27/2009 02:54:00,2,docr,167.2,2,8.365,2,33.942,2,,0,92.28,2,1485.299,2,26.3911,2,35.163954,2,-123.017616,2
1235703255,02/27/2009 02:54:15,2,docr,158.67,2,8.534,2,33.924,2,,0,92.26,2,1485.768,2,26.3511,2,35.163954,2,-123.017616,2
1235703270,02/27/2009 02:54:30,2,docr,150.24,2,8.757,2,33.928,2,,0,92.2,2,1486.463,2,26.3197,2,35.163954,2,-123.017616,2
1235703285,02/27/2009 02:54:45,2,docr,142.2,2,8.88,2,33.906,2,,0,92.17,2,1486.759,2,26.2831,2,35.163954,2,-123.017616,2
1235703300,02/27/2009 02:55:00,2,docr,135.06,2,8.926,2,33.871,2,,0,92.18,2,1486.768,2,26.2484,2,35.163954,2,-123.017616,2
1235703315,02/27/2009 02:55:15,2,docr,127.92,2,8.972,2,33.813,2,,0,92.2,2,1486.748,2,26.1956,2,35.163954,2,-123.017616,2
1235703330,02/27/2009 02:55:30,2,docr,120.97,2,9.086,2,33.764,2,,0,92.15,2,1486.994,2,26.1391,2,35.163954,2,-123.017616,2
1235703345,02/27/2009 02:55:45,2,docr,113.73,2,9.26,2,33.733,2,,0,92.1,2,1487.475,2,26.0869,2,35.163954,2,-123.017616,2
1235703360,02/27/2009 02:56:00,2,docr,107.68,2,9.475,2,33.701,2,,0,92.05,2,1488.123,2,26.027,2,35.163954,2,-123.017616,2
1235703375,02/27/2009 02:56:15,2,docr,103.31,2,9.591,2,33.677,2,,0,92.03,2,1488.444,2,25.9892,2,35.163954,2,-123.017616,2
1235703390,02/27/2009 02:56:30,2,docr,101.83,2,9.656,2,33.668,2,,0,92.03,2,1488.644,2,25.9715,2,35.163954,2,-123.017616,2
1235703405,02/27/2009 02:56:45,2,docr,101.92,2,9.661,2,33.666,2,,0,92.03,2,1488.662,2,25.9691,2,35.163954,2,-123.017616,2
1235703420,02/27/2009 02:57:00,2,docr,101.13,2,9.662,2,33.666,2,,0,92.03,2,1488.652,2,25.9689,2,35.163954,2,-123.017616,2
1235703435,02/27/2009 02:57:15,2,docr,96.57,0,9.757,0,33.622,0,,0,92.02,2,1488.867,0,25.9188,0,35.163954,2,-123.017616,2
1235703450,02/27/2009 02:57:30,2,docr,90.71,2,9.82,2,33.521,2,,0,92,2,1488.875,2,25.8293,2,35.163954,2,-123.017616,2
1235703465,02/27/2009 02:57:45,2,docr,85.16,0,9.95,0,33.368,0,,0,91.97,2,1489.067,0,25.6881,0,35.163954,2,-123.017616,2
1235703480,02/27/2009 02:58:00,2,docr,79.6,2,10.035,2,33.286,2,,0,91.91,2,1489.181,2,25.6098,2,35.163954,2,-123.017616,2
1235703495,02/27/2009 02:58:15,2,docr,74.24,2,10.31,2,33.29,2,,0,91.91,2,1490.085,2,25.5663,2,35.163954,2,-123.017616,2
1235703510,02/27/2009 02:58:30,2,docr,70.17,2,10.885,2,33.233,2,,0,91.87,2,1491.991,2,25.422,2,35.163954,2,-123.017616,2
1235703525,02/27/2009 02:58:45,2,docr,69.28,2,10.969,2,33.224,2,,0,91.86,2,1492.262,2,25.4002,2,35.163954,2,-123.017616,2
1235703540,02/27/2009 02:59:00,2,docr,67.39,2,11.02,2,33.229,2,,0,91.87,2,1492.416,2,25.395,2,35.163954,2,-123.017616,2
1235703555,02/27/2009 02:59:15,2,docr,63.42,0,11.225,0,33.248,0,,0,91.81,2,1493.092,0,25.373,0,35.163954,2,-123.017616,2
1235703570,02/27/2009 02:59:30,2,docr,57.37,2,11.616,2,33.148,2,,0,91.22,2,1494.232,2,25.2241,2,35.163954,2,-123.017616,2
1235703585,02/27/2009 02:59:45,2,docr,52.8,2,11.94,2,33.073,2,,0,90.8,2,1495.184,2,25.1057,2,35.163954,2,-123.017616,2
1235703600,02/27/2009 03:00:00,2,docr,48.54,2,12.076,2,33.055,2,,0,90.68,2,1495.558,2,25.0662,2,35.163954,2,-123.017616,2
1235703615,02/27/2009 03:00:15,2,docr,44.47,2,12.125,2,33.043,2,,0,90.48,2,1495.644,2,25.0476,2,35.163954,2,-123.017616,2
1235703630,02/27/2009 03:00:30,2,docr,44.27,2,12.149,2,33.038,2,,0,90.43,2,1495.717,2,25.0391,2,35.163954,2,-123.017616,2
1235703645,02/27/2009 03:00:45,2,docr,44.27,2,12.199,2,33.031,2,,0,90.16,2,1495.879,2,25.0243,2,35.163954,2,-123.017616,2
1235703660,02/27/2009 03:01:00,2,docr,44.17,2,12.215,2,33.027,2,,0,90.08,2,1495.927,2,25.0181,2,35.163954,2,-123.017616,2
1235703675,02/27/2009 03:01:15,2,docr,43.97,2,12.223,2,33.025,2,,0,90.05,2,1495.949,2,25.0151,2,35.163954,2,-123.017616,2
1235703690,02/27/2009 03:01:30,2,docr,43.77,2,12.221,2,33.026,2,,0,90.02,2,1495.94,2,25.0162,2,35.163954,2,-123.017616,2
1235703705,02/27/2009 03:01:45,2,docr,42.98,2,12.223,2,33.025,2,,0,90.02,2,1495.932,2,25.015,2,35.163954,2,-123.017616,2
1235703720,02/27/2009 03:02:00,2,docr,37.82,2,12.24,2,33.021,2,,0,89.41,2,1495.9,2,25.0086,2,35.163954,2,-123.017616,2
1235703735,02/27/2009 03:02:15,2,docr,37.52,2,12.262,2,33.016,2,,0,88.96,2,1495.964,2,25.0005,2,35.163954,2,-123.017616,2
1235703750,02/27/2009 03:02:30,2,docr,37.32,2,12.275,2,33.013,2,,0,88.82,2,1496.001,2,24.9957,2,35.163954,2,-123.017616,2
1235703765,02/27/2009 03:02:45,2,docr,37.32,2,12.276,2,33.012,2,,0,88.86,2,1496.004,2,24.9948,2,35.163954,2,-123.017616,2
1235703780,02/27/2009 03:03:00,2,docr,37.22,2,12.275,2,33.012,2,,0,88.84,2,1495.999,2,24.9949,2,35.163954,2,-123.017616,2
1235703795,02/27/2009 03:03:15,2,docr,37.22,2,12.274,2,33.013,2,,0,88.82,2,1495.996,2,24.9959,2,35.163954,2,-123.017616,2
1235703810,02/27/2009 03:03:30,2,docr,37.12,2,12.27,2,33.013,2,,0,88.87,2,1495.981,2,24.9967,2,35.163954,2,-123.017616,2
1235703825,02/27/2009 03:03:45,2,docr,37.12,2,12.267,2,33.013,2,,0,88.92,2,1495.971,2,24.9972,2,35.163954,2,-123.017616,2
1235703840,02/27/2009 03:04:00,2,docr,37.12,2,12.263,2,33.013,2,,0,88.96,2,1495.957,2,24.998,2,35.163954,2,-123.017616,2
1235703855,02/27/2009 03:04:15,2,docr,34.15,2,12.274,2,33.013,2,,0,88.73,2,1495.945,2,24.9958,2,35.163954,2,-123.017616,2
1235703870,02/27/2009 03:04:30,2,docr,30.87,2,12.283,2,33.011,2,,0,88.41,2,1495.919,2,24.9925,2,35.163954,2,-123.017616,2
1235703885,02/27/2009 03:04:45,2,docr,26.3,2,12.318,2,33.007,2,,0,87.65,2,1495.958,2,24.9826,2,35.163954,2,-123.017616,2
1235703900,02/27/2009 03:05:00,2,docr,21.14,2,12.365,2,33.009,2,,0,86.92,2,1496.034,2,24.9751,2,35.163954,2,-123.017616,2
1235703915,02/27/2009 03:05:15,2,docr,16.68,0,12.569,0,33.018,0,,0,86.57,2,1496.662,0,24.9428,0,35.163954,2,-123.017616,2
1235703930,02/27/2009 03:05:30,2,docr,16.38,0,12.63,0,33.007,0,,0,86.66,2,1496.85,0,24.9225,0,35.163954,2,-123.017616,2
1235703945,02/27/2009 03:05:45,2,docr,16.28,2,12.686,2,33.014,2,,0,86.74,2,1497.046,2,24.9171,2,35.163954,2,-123.017616,2
1235703960,02/27/2009 03:06:00,2,docr,16.28,2,12.697,2,33.009,2,,0,86.69,2,1497.077,2,24.9111,2,35.163954,2,-123.017616,2
1235703975,02/27/2009 03:06:15,2,docr,16.18,2,12.747,2,33.013,2,,0,86.72,2,1497.249,2,24.9045,2,35.163954,2,-123.017616,2
1235703990,02/27/2009 03:06:30,2,docr,14.59,2,12.782,2,33.013,2,,0,86.74,2,1497.34,2,24.8976,2,35.163954,2,-123.017616,2
1235704005,02/27/2009 03:06:45,2,docr,6.75,0,12.795,0,33.004,0,,0,73.29,2,1497.243,0,24.8879,0,35.163954,2,-123.017616,2
1235704020,02/27/2009 03:07:00,2,docr,4.76,0,12.793,0,32.983,0,,0,54.77,0,1497.178,0,24.872,0,35.163954,2,-123.017616,2
1235704035,02/27/2009 03:07:15,2,docr,4.76,0,12.791,0,33.01,0,,0,56.4,0,1497.203,0,24.8933,0,35.163954,2,-123.017616,2
